Goals,Deaths,Reward,Step 
0,0,0,0
0,1,-1,60
0,2,-1,120
0,3,-1,225
0,4,-1,335
0,5,-1,415
0,6,-1,465
0,7,-1,590
0,8,-1,705
0,9,-1,755
0,10,-1,870
0,11,-1,945
0,12,-1,1025
0,13,-1,1090
0,14,-1,1140
0,15,-1,1225
0,16,-1,1275
0,17,-1,1360
0,18,-1,1415
0,19,-1,1540
0,20,-1,1640
0,21,-1,1700
0,22,-1,1790
0,23,-1,1910
0,24,-1,1990
0,25,-1,2090
0,26,-1,2145
0,27,-1,2210
0,28,-1,2345
0,29,-1,2395
0,30,-1,2505
0,31,-1,2660
0,32,-1,2720
0,33,-1,2775
1,33,1.049261,2980
1,34,-1,3020
1,35,-1,3080
1,36,-1,3145
1,37,-1,3245
1,38,-1,3310
1,39,-1,3365
1,40,-1,3460
2,40,1.050251,3660
2,41,-1,3715
2,42,-1,3770
2,43,-1,3905
2,44,-1,3960
2,45,-1,4010
2,46,-1,4060
2,47,-1,4125
2,48,-1,4160
2,49,-1,4260
2,50,-1,4335
2,51,-1,4390
3,51,1.05291,4580
3,52,-1,4650
4,52,1.068027,4800
4,53,-1,4865
4,54,-1,4930
4,55,-1,5005
4,56,-1,5055
4,57,-1,5170
4,58,-1,5225
4,59,-1,5270
4,60,-1,5340
4,61,-1,5390
4,62,-1,5445
4,63,-1,5580
4,64,-1,5665
4,65,-1,5760
4,66,-1,5895
4,67,-1,5950
4,68,-1,6035
4,69,-1,6155
4,70,-1,6245
4,71,-1,6330
4,72,-1,6395
4,73,-1,6445
4,74,-1,6585
4,75,-1,6635
4,76,-1,6675
4,77,-1,6805
4,78,-1,6895
5,78,1.051546,7090
5,79,-1,7145
5,80,-1,7225
5,81,-1,7360
5,82,-1,7420
5,83,-1,7480
5,84,-1,7615
6,84,1.049505,7820
6,85,-1,7860
6,86,-1,7955
6,87,-1,8075
6,88,-1,8140
6,89,-1,8200
6,90,-1,8280
6,91,-1,8335
6,92,-1,8405
6,93,-1,8500
6,94,-1,8645
6,95,-1,8695
6,96,-1,8760
6,97,-1,8855
6,98,-1,8915
6,99,-1,9075
6,100,-1,9200
6,101,-1,9300
7,101,1.072464,9440
7,102,-1,9520
7,103,-1,9565
7,104,-1,9675
7,105,-1,9765
7,106,-1,9865
8,106,1.066225,10020
8,107,-1,10130
8,108,-1,10175
8,109,-1,10300
8,110,-1,10355
8,111,-1,10510
9,111,1.075758,10645
9,112,-1,10690
9,113,-1,10785
9,114,-1,10925
9,115,-1,10990
9,116,-1,11055
9,117,-1,11155
9,118,-1,11200
9,119,-1,11280
9,120,-1,11355
9,121,-1,11490
9,122,-1,11535
9,123,-1,11645
9,124,-1,11695
9,125,-1,11750
9,126,-1,11840
9,127,-1,11990
9,128,-1,12075
9,129,-1,12120
9,130,-1,12255
9,131,-1,12335
9,132,-1,12395
9,133,-1,12490
10,133,1.068493,12640
10,134,-1,12695
10,135,-1,12790
10,136,-1,12845
10,137,-1,12910
10,138,-1,12995
10,139,-1,13065
10,140,-1,13165
10,141,-1,13215
10,142,-1,13305
10,143,-1,13430
10,144,-1,13495
10,145,-1,13555
10,146,-1,13665
10,147,-1,13740
10,148,-1,13835
10,149,-1,13910
10,150,-1,13950
10,151,-1,14070
10,152,-1,14250
10,153,-1,14325
10,154,-1,14375
10,155,-1,14480
10,156,-1,14570
10,157,-1,14685
10,158,-1,14750
10,159,-1,14900
10,160,-1,14955
10,161,-1,15030
10,162,-1,15115
10,163,-1,15175
10,164,-1,15245
10,165,-1,15335
10,166,-1,15465
10,167,-1,15530
10,168,-1,15585
10,169,-1,15700
10,170,-1,15750
10,171,-1,15815
10,172,-1,15880
10,173,-1,16095
10,174,-1,16205
10,175,-1,16325
10,176,-1,16440
10,177,-1,16515
10,178,-1,16595
10,179,-1,16680
10,180,-1,16785
10,181,-1,16855
10,182,-1,16935
10,183,-1,17005
10,184,-1,17090
10,185,-1,17170
11,185,1.04717,17385
11,186,-1,17495
11,187,-1,17665
11,188,-1,17730
12,188,1.065789,17885
12,189,-1,17975
12,190,-1,18085
12,191,-1,18190
12,192,-1,18265
12,193,-1,18360
12,194,-1,18415
12,195,-1,18535
12,196,-1,18645
12,197,-1,18690
12,198,-1,18790
12,199,-1,18895
12,200,-1,18935
12,201,-1,19045
12,202,-1,19130
12,203,-1,19195
12,204,-1,19325
12,205,-1,19435
12,206,-1,19475
12,207,-1,19600
12,208,-1,19660
12,209,-1,19740
12,210,-1,19805
12,211,-1,19900
12,212,-1,19970
12,213,-1,20025
12,214,-1,20085
12,215,-1,20120
12,216,-1,20265
12,217,-1,20330
12,218,-1,20410
12,219,-1,20455
12,220,-1,20520
12,221,-1,20615
12,222,-1,20665
12,223,-1,20730
12,224,-1,20790
12,225,-1,20905
12,226,-1,20960
12,227,-1,21050
12,228,-1,21110
12,229,-1,21290
12,230,-1,21350
12,231,-1,21430
12,232,-1,21485
12,233,-1,21575
12,234,-1,21630
12,235,-1,21690
12,236,-1,21755
12,237,-1,21800
12,238,-1,21945
12,239,-1,22045
12,240,-1,22165
12,241,-1,22255
12,242,-1,22350
12,243,-1,22435
12,244,-1,22485
12,245,-1,22565
12,246,-1,22615
12,247,-1,22710
12,248,-1,22755
12,249,-1,22800
12,250,-1,22860
12,251,-1,22955
12,252,-1,23020
12,253,-1,23115
12,254,-1,23195
13,254,1.05988,23365
13,255,-1,23430
13,256,-1,23505
13,257,-1,23545
13,258,-1,23670
13,259,-1,23730
13,260,-1,23855
13,261,-1,23960
14,261,1.055249,24145
14,262,-1,24235
14,263,-1,24340
14,264,-1,24390
14,265,-1,24455
14,266,-1,24510
14,267,-1,24580
14,268,-1,24660
14,269,-1,24715
14,270,-1,24785
14,271,-1,24920
14,272,-1,24990
14,273,-1,25050
14,274,-1,25115
14,275,-1,25160
14,276,-1,25260
14,277,-1,25310
14,278,-1,25480
14,279,-1,25560
14,280,-1,25625
14,281,-1,25675
14,282,-1,25800
14,283,-1,25885
14,284,-1,25950
14,285,-1,26085
15,285,1.059524,26255
15,286,-1,26335
15,287,-1,26395
15,288,-1,26460
15,289,-1,26520
15,290,-1,26565
16,290,1.057143,26740
16,291,-1,26800
17,291,1.05618,26980
17,292,-1,27035
17,293,-1,27085
17,294,-1,27145
17,295,-1,27210
17,296,-1,27345
17,297,-1,27475
17,298,-1,27520
17,299,-1,27605
17,300,-1,27650
17,301,-1,27775
17,302,-1,27890
17,303,-1,27945
18,303,1.06135,28110
18,304,-1,28190
18,305,-1,28245
18,306,-1,28310
18,307,-1,28355
18,308,-1,28430
18,309,-1,28510
19,309,1.056818,28690
19,310,-1,28810
19,311,-1,28855
19,312,-1,28915
20,312,1.05814,29090
20,313,-1,29135
20,314,-1,29215
20,315,-1,29275
20,316,-1,29305
20,317,-1,29375
20,318,-1,29435
20,319,-1,29535
20,320,-1,29615
20,321,-1,29715
20,322,-1,29805
21,322,1.058824,29975
21,323,-1,30040
21,324,-1,30070
21,325,-1,30145
21,326,-1,30230
21,327,-1,30380
21,328,-1,30495
21,329,-1,30570
21,330,-1,30630
22,330,1.063291,30790
22,331,-1,30855
22,332,-1,30930
22,333,-1,30990
22,334,-1,31070
22,335,-1,31135
22,336,-1,31195
22,337,-1,31275
22,338,-1,31310
22,339,-1,31370
22,340,-1,31425
22,341,-1,31505
23,341,1.05291,31695
23,342,-1,31750
23,343,-1,31890
23,344,-1,31995
23,345,-1,32110
23,346,-1,32175
23,347,-1,32235
23,348,-1,32325
23,349,-1,32365
23,350,-1,32455
23,351,-1,32500
23,352,-1,32620
23,353,-1,32675
23,354,-1,32735
23,355,-1,32810
23,356,-1,32890
23,357,-1,32940
24,357,1.057804,33115
24,358,-1,33180
24,359,-1,33245
24,360,-1,33350
25,360,1.06993,33495
25,361,-1,33565
25,362,-1,33685
25,363,-1,33815
25,364,-1,33935
25,365,-1,34070
25,366,-1,34190
25,367,-1,34355
25,368,-1,34460
25,369,-1,34525
25,370,-1,34695
25,371,-1,34800
25,372,-1,34865
25,373,-1,34910
25,374,-1,34960
26,374,1.055866,35140
26,375,-1,35220
26,376,-1,35290
26,377,-1,35345
26,378,-1,35420
26,379,-1,35545
26,380,-1,35610
26,381,-1,35710
26,382,-1,35820
26,383,-1,35920
26,384,-1,35980
26,385,-1,36125
26,386,-1,36205
26,387,-1,36265
26,388,-1,36385
26,389,-1,36505
26,390,-1,36600
26,391,-1,36645
26,392,-1,36690
26,393,-1,36805
26,394,-1,36850
26,395,-1,36955
26,396,-1,36995
26,397,-1,37055
26,398,-1,37150
26,399,-1,37240
26,400,-1,37350
26,401,-1,37445
26,402,-1,37530
27,402,1.05618,37710
27,403,-1,37790
27,404,-1,37895
27,405,-1,38030
27,406,-1,38145
27,407,-1,38220
27,408,-1,38280
27,409,-1,38400
27,410,-1,38475
27,411,-1,38595
27,412,-1,38635
27,413,-1,38715
27,414,-1,38785
27,415,-1,38885
27,416,-1,38950
27,417,-1,39030
27,418,-1,39140
27,419,-1,39255
27,420,-1,39335
27,421,-1,39375
27,422,-1,39440
27,423,-1,39480
27,424,-1,39590
27,425,-1,39675
27,426,-1,39730
27,427,-1,39835
27,428,-1,39890
27,429,-1,39995
27,430,-1,40080
27,431,-1,40210
27,432,-1,40285
27,433,-1,40350
27,434,-1,40405
27,435,-1,40460
27,436,-1,40510
27,437,-1,40580
27,438,-1,40660
27,439,-1,40775
27,440,-1,40875
27,441,-1,40930
27,442,-1,40990
27,443,-1,41040
27,444,-1,41120
27,445,-1,41200
27,446,-1,41270
27,447,-1,41315
27,448,-1,41435
27,449,-1,41520
27,450,-1,41590
27,451,-1,41665
27,452,-1,41770
27,453,-1,41850
27,454,-1,41945
27,455,-1,42030
27,456,-1,42120
27,457,-1,42255
27,458,-1,42305
27,459,-1,42445
27,460,-1,42580
27,461,-1,42645
27,462,-1,42710
27,463,-1,42760
27,464,-1,42835
27,465,-1,42890
27,466,-1,42935
27,467,-1,43000
27,468,-1,43135
27,469,-1,43185
27,470,-1,43265
27,471,-1,43330
27,472,-1,43405
27,473,-1,43525
27,474,-1,43575
27,475,-1,43625
27,476,-1,43700
27,477,-1,43785
27,478,-1,43870
27,479,-1,43935
27,480,-1,44000
27,481,-1,44050
27,482,-1,44145
27,483,-1,44300
27,484,-1,44380
27,485,-1,44460
27,486,-1,44510
27,487,-1,44545
27,488,-1,44610
27,489,-1,44780
27,490,-1,44860
27,491,-1,44940
27,492,-1,45055
27,493,-1,45110
27,494,-1,45155
27,495,-1,45210
27,496,-1,45285
27,497,-1,45465
27,498,-1,45550
27,499,-1,45620
27,500,-1,45675
27,501,-1,45735
27,502,-1,45815
27,503,-1,45950
27,504,-1,46085
27,505,-1,46235
27,506,-1,46340
27,507,-1,46445
27,508,-1,46500
27,509,-1,46560
27,510,-1,46620
27,511,-1,46750
27,512,-1,46815
27,513,-1,46860
27,514,-1,46950
27,515,-1,47035
27,516,-1,47155
27,517,-1,47255
27,518,-1,47315
27,519,-1,47375
27,520,-1,47525
27,521,-1,47595
27,522,-1,47665
27,523,-1,47740
27,524,-1,47800
27,525,-1,47840
27,526,-1,47910
27,527,-1,48015
27,528,-1,48065
27,529,-1,48170
27,530,-1,48250
27,531,-1,48290
27,532,-1,48345
27,533,-1,48410
27,534,-1,48495
27,535,-1,48605
27,536,-1,48715
27,537,-1,48835
27,538,-1,48920
27,539,-1,48980
27,540,-1,49165
27,541,-1,49225
28,541,1.048544,49435
28,542,-1,49475
28,543,-1,49530
28,544,-1,49615
28,545,-1,49685
28,546,-1,49725
28,547,-1,49810
28,548,-1,49870
28,549,-1,49980
29,549,1.064103,50140
29,550,-1,50220
29,551,-1,50280
30,551,1.072993,50420
30,552,-1,50490
30,553,-1,50575
30,554,-1,50615
30,555,-1,50690
31,555,1.060976,50855
31,556,-1,50990
31,557,-1,51085
31,558,-1,51150
31,559,-1,51265
31,560,-1,51325
31,561,-1,51390
31,562,-1,51440
31,563,-1,51540
31,564,-1,51590
31,565,-1,51665
31,566,-1,51720
31,567,-1,51785
31,568,-1,51875
31,569,-1,51930
31,570,-1,51990
31,571,-1,52070
31,572,-1,52160
32,572,1.050761,52360
32,573,-1,52425
32,574,-1,52500
32,575,-1,52585
32,576,-1,52655
32,577,-1,52720
32,578,-1,52780
32,579,-1,52865
32,580,-1,52935
32,581,-1,52990
32,582,-1,53065
32,583,-1,53225
32,584,-1,53305
32,585,-1,53345
32,586,-1,53435
32,587,-1,53550
32,588,-1,53625
32,589,-1,53680
32,590,-1,53750
32,591,-1,53810
32,592,-1,53875
32,593,-1,53940
32,594,-1,54050
32,595,-1,54140
32,596,-1,54250
32,597,-1,54375
32,598,-1,54450
32,599,-1,54675
32,600,-1,54810
32,601,-1,54885
32,602,-1,54960
32,603,-1,55055
32,604,-1,55130
32,605,-1,55305
32,606,-1,55385
32,607,-1,55420
32,608,-1,55585
32,609,-1,55660
32,610,-1,55735
32,611,-1,55860
32,612,-1,55915
32,613,-1,56015
33,613,1.064935,56170
33,614,-1,56235
33,615,-1,56390
33,616,-1,56520
33,617,-1,56580
33,618,-1,56635
33,619,-1,56730
33,620,-1,56770
33,621,-1,56820
33,622,-1,56885
33,623,-1,56940
33,624,-1,56995
33,625,-1,57075
33,626,-1,57160
33,627,-1,57220
33,628,-1,57390
33,629,-1,57480
33,630,-1,57560
33,631,-1,57600
34,631,1.063291,57760
34,632,-1,57865
34,633,-1,57995
34,634,-1,58070
34,635,-1,58170
35,635,1.037879,58435
35,636,-1,58545
35,637,-1,58660
35,638,-1,58730
35,639,-1,58820
35,640,-1,58865
35,641,-1,58985
36,641,1.06135,59150
36,642,-1,59220
37,642,1.057471,59395
37,643,-1,59535
38,643,1.065789,59690
38,644,-1,59780
38,645,-1,59900
38,646,-1,59940
38,647,-1,60070
38,648,-1,60245
38,649,-1,60310
38,650,-1,60380
38,651,-1,60570
39,651,1.066225,60725
40,651,1.067568,60875
40,652,-1,60950
40,653,-1,61005
40,654,-1,61070
40,655,-1,61195
40,656,-1,61250
40,657,-1,61325
41,657,1.075188,61460
41,658,-1,61540
41,659,-1,61655
41,660,-1,61755
41,661,-1,61815
41,662,-1,61915
42,662,1.052356,62110
43,662,1.05,62310
44,662,1.068027,62460
44,663,-1,62540
44,664,-1,62720
44,665,-1,62815
44,666,-1,62910
44,667,-1,62990
45,667,1.05848,63165
45,668,-1,63345
45,669,-1,63490
46,669,1.064103,63650
46,670,-1,63795
46,671,-1,63850
46,672,-1,63970
46,673,-1,64070
46,674,-1,64180
46,675,-1,64225
46,676,-1,64275
46,677,-1,64435
46,678,-1,64505
46,679,-1,64630
47,679,1.054945,64815
47,680,-1,64900
47,681,-1,64950
47,682,-1,65080
47,683,-1,65125
47,684,-1,65185
47,685,-1,65335
47,686,-1,65485
47,687,-1,65595
47,688,-1,65720
48,688,1.048309,65930
48,689,-1,66020
48,690,-1,66085
48,691,-1,66115
48,692,-1,66205
49,692,1.067114,66355
49,693,-1,66500
49,694,-1,66540
49,695,-1,66595
49,696,-1,66675
49,697,-1,66745
49,698,-1,66830
49,699,-1,66890
49,700,-1,67010
49,701,-1,67090
50,701,1.05,67290
50,702,-1,67335
50,703,-1,67410
51,703,1.050761,67610
51,704,-1,67730
51,705,-1,67880
51,706,-1,67970
51,707,-1,68060
52,707,1.059172,68230
52,708,-1,68275
53,708,1.075188,68410
53,709,-1,68470
53,710,-1,68600
53,711,-1,68735
53,712,-1,68815
53,713,-1,68910
53,714,-1,68960
53,715,-1,69025
53,716,-1,69160
53,717,-1,69280
53,718,-1,69385
54,718,1.063291,69545
54,719,-1,69625
54,720,-1,69740
54,721,-1,69845
54,722,-1,69905
54,723,-1,69960
54,724,-1,70000
55,724,1.064103,70160
55,725,-1,70355
55,726,-1,70415
56,726,1.056497,70595
57,726,1.060241,70765
57,727,-1,70850
57,728,-1,70980
57,729,-1,71060
57,730,-1,71120
58,730,1.057143,71295
59,730,1.066225,71450
59,731,-1,71525
60,731,1.073529,71665
60,732,-1,71840
60,733,-1,71945
60,734,-1,72085
60,735,-1,72245
60,736,-1,72365
60,737,-1,72415
60,738,-1,72510
60,739,-1,72625
60,740,-1,72705
60,741,-1,72795
60,742,-1,72860
60,743,-1,72935
60,744,-1,73030
60,745,-1,73085
60,746,-1,73215
60,747,-1,73280
60,748,-1,73320
60,749,-1,73380
61,749,1.064935,73535
61,750,-1,73650
61,751,-1,73695
61,752,-1,73905
62,752,1.06135,74070
63,752,1.076336,74205
63,753,-1,74295
64,753,1.052083,74490
64,754,-1,74570
64,755,-1,74660
64,756,-1,74745
65,756,1.059524,74915
65,757,-1,74980
66,757,1.05848,75155
66,758,-1,75225
66,759,-1,75285
67,759,1.055556,75465
68,759,1.063291,75625
68,760,-1,75670
68,761,-1,75725
68,762,-1,75885
68,763,-1,75970
68,764,-1,76020
68,765,-1,76115
69,765,1.053476,76305
69,766,-1,76360
69,767,-1,76420
70,767,1.058824,76590
70,768,-1,76655
70,769,-1,76710
70,770,-1,76770
71,770,1.067568,76920
71,771,-1,77055
71,772,-1,77130
71,773,-1,77210
71,774,-1,77300
71,775,-1,77455
71,776,-1,77530
71,777,-1,77580
71,778,-1,77705
71,779,-1,77790
72,779,1.068966,77935
72,780,-1,77985
72,781,-1,78080
72,782,-1,78160
72,783,-1,78235
72,784,-1,78360
72,785,-1,78425
72,786,-1,78500
72,787,-1,78545
72,788,-1,78600
72,789,-1,78720
72,790,-1,78835
73,790,1.055249,79020
73,791,-1,79080
73,792,-1,79180
73,793,-1,79240
74,793,1.04329,79475
74,794,-1,79575
74,795,-1,79655
75,795,1.064935,79810
75,796,-1,79930
76,796,1.058824,80100
77,796,1.045455,80320
77,797,-1,80390
77,798,-1,80425
77,799,-1,80475
77,800,-1,80570
77,801,-1,80665
77,802,-1,80815
77,803,-1,80950
77,804,-1,81080
77,805,-1,81140
77,806,-1,81210
78,806,1.058824,81380
78,807,-1,81495
78,808,-1,81550
78,809,-1,81595
78,810,-1,81740
78,811,-1,81860
78,812,-1,81965
78,813,-1,82050
79,813,1.074074,82185
79,814,-1,82270
79,815,-1,82365
80,815,1.064935,82520
80,816,-1,82570
80,817,-1,82670
80,818,-1,82790
80,819,-1,82905
80,820,-1,82995
80,821,-1,83065
80,822,-1,83140
81,822,1.057804,83315
81,823,-1,83380
81,824,-1,83530
81,825,-1,83625
81,826,-1,83740
81,827,-1,83790
81,828,-1,83845
81,829,-1,83925
81,830,-1,84045
81,831,-1,84150
81,832,-1,84265
81,833,-1,84355
82,833,1.062893,84515
82,834,-1,84610
83,834,1.051813,84805
83,835,-1,84980
83,836,-1,85045
83,837,-1,85140
83,838,-1,85230
84,838,1.06993,85375
84,839,-1,85440
84,840,-1,85500
85,840,1.052083,85695
85,841,-1,85805
85,842,-1,85910
85,843,-1,85970
85,844,-1,86105
85,845,-1,86205
86,845,1.062893,86365
86,846,-1,86425
86,847,-1,86520
86,848,-1,86580
86,849,-1,86655
86,850,-1,86700
86,851,-1,86765
87,851,1.066667,86915
87,852,-1,86965
88,852,1.070922,87110
88,853,-1,87180
88,854,-1,87235
88,855,-1,87280
88,856,-1,87360
88,857,-1,87430
88,858,-1,87495
88,859,-1,87700
88,860,-1,87790
89,860,1.060241,87960
89,861,-1,88100
89,862,-1,88140
89,863,-1,88215
89,864,-1,88310
89,865,-1,88410
90,865,1.060606,88575
90,866,-1,88655
90,867,-1,88750
90,868,-1,88880
90,869,-1,89085
90,870,-1,89230
90,871,-1,89335
90,872,-1,89400
90,873,-1,89520
90,874,-1,89600
90,875,-1,89680
90,876,-1,89795
90,877,-1,89875
90,878,-1,89970
90,879,-1,90075
90,880,-1,90165
90,881,-1,90215
91,881,1.050761,90415
91,882,-1,90485
91,883,-1,90595
91,884,-1,90765
91,885,-1,90915
91,886,-1,91025
91,887,-1,91080
92,887,1.061728,91245
93,887,1.057143,91420
93,888,-1,91455
93,889,-1,91580
93,890,-1,91670
93,891,-1,91785
94,891,1.072464,91925
94,892,-1,92005
94,893,-1,92125
94,894,-1,92205
94,895,-1,92260
94,896,-1,92355
94,897,-1,92405
94,898,-1,92545
94,899,-1,92640
94,900,-1,92795
94,901,-1,92865
95,901,1.060976,93030
95,902,-1,93250
95,903,-1,93465
95,904,-1,93525
96,904,1.053763,93715
96,905,-1,93805
97,905,1.054054,93990
97,906,-1,94050
97,907,-1,94110
97,908,-1,94165
97,909,-1,94205
97,910,-1,94265
97,911,-1,94315
97,912,-1,94485
97,913,-1,94560
97,914,-1,94605
98,914,1.072993,94745
98,915,-1,94905
98,916,-1,94995
99,916,1.053476,95185
99,917,-1,95245
99,918,-1,95435
100,918,1.055556,95615
100,919,-1,95715
100,920,-1,95810
101,920,1.070922,95955
101,921,-1,96010
101,922,-1,96105
101,923,-1,96225
101,924,-1,96365
101,925,-1,96475
101,926,-1,96630
101,927,-1,96720
101,928,-1,96870
102,928,1.055556,97050
102,929,-1,97180
102,930,-1,97305
102,931,-1,97445
102,932,-1,97515
102,933,-1,97605
102,934,-1,97675
102,935,-1,97765
102,936,-1,97880
102,937,-1,97940
102,938,-1,98005
102,939,-1,98090
103,939,1.060976,98255
103,940,-1,98300
103,941,-1,98470
103,942,-1,98635
103,943,-1,98745
103,944,-1,98805
103,945,-1,98995
103,946,-1,99050
104,946,1.063291,99210
104,947,-1,99320
104,948,-1,99410
104,949,-1,99510
104,950,-1,99645
105,950,1.056497,99825
106,950,1.067568,99975
106,951,-1,100015
107,951,1.05814,100190
107,952,-1,100280
107,953,-1,100405
107,954,-1,100455
107,955,-1,100580
107,956,-1,100655
107,957,-1,100710
107,958,-1,100785
107,959,-1,100885
107,960,-1,101025
107,961,-1,101145
107,962,-1,101355
108,962,1.062893,101515
108,963,-1,101625
108,964,-1,101760
108,965,-1,101855
108,966,-1,101950
108,967,-1,102000
108,968,-1,102145
108,969,-1,102195
108,970,-1,102250
108,971,-1,102375
108,972,-1,102475
108,973,-1,102570
108,974,-1,102730
108,975,-1,102795
108,976,-1,102955
108,977,-1,103010
108,978,-1,103055
108,979,-1,103165
108,980,-1,103235
109,980,1.046083,103455
109,981,-1,103515
109,982,-1,103650
109,983,-1,103775
110,983,1.052632,103965
110,984,-1,104025
110,985,-1,104070
110,986,-1,104145
110,987,-1,104245
110,988,-1,104395
110,989,-1,104490
110,990,-1,104545
110,991,-1,104660
110,992,-1,104720
110,993,-1,104805
110,994,-1,104890
110,995,-1,104995
110,996,-1,105165
110,997,-1,105260
110,998,-1,105365
110,999,-1,105470
110,1000,-1,105585
110,1001,-1,105635
110,1002,-1,105710
110,1003,-1,105765
110,1004,-1,105830
110,1005,-1,105865
110,1006,-1,105945
110,1007,-1,106035
110,1008,-1,106150
110,1009,-1,106215
110,1010,-1,106345
110,1011,-1,106400
110,1012,-1,106490
110,1013,-1,106560
110,1014,-1,106610
110,1015,-1,106680
111,1015,1.067114,106830
111,1016,-1,106915
111,1017,-1,106975
111,1018,-1,107055
111,1019,-1,107115
111,1020,-1,107235
111,1021,-1,107335
111,1022,-1,107390
111,1023,-1,107515
111,1024,-1,107585
111,1025,-1,107700
112,1025,1.069444,107845
112,1026,-1,107950
112,1027,-1,108110
112,1028,-1,108250
112,1029,-1,108310
112,1030,-1,108435
112,1031,-1,108515
112,1032,-1,108590
113,1032,1.059172,108760
113,1033,-1,108855
114,1033,1.045249,109080
114,1034,-1,109135
115,1034,1.048309,109345
115,1035,-1,109465
115,1036,-1,109595
115,1037,-1,109685
115,1038,-1,109805
115,1039,-1,109850
115,1040,-1,110025
115,1041,-1,110175
115,1042,-1,110250
115,1043,-1,110370
115,1044,-1,110470
115,1045,-1,110530
115,1046,-1,110655
115,1047,-1,110800
116,1047,1.053192,110990
117,1047,1.054054,111175
117,1048,-1,111265
117,1049,-1,111365
117,1050,-1,111525
117,1051,-1,111615
117,1052,-1,111665
117,1053,-1,111785
117,1054,-1,111875
118,1054,1.057471,112050
118,1055,-1,112150
118,1056,-1,112200
118,1057,-1,112315
118,1058,-1,112490
118,1059,-1,112640
119,1059,1.059524,112810
120,1059,1.054348,112995
120,1060,-1,113120
120,1061,-1,113185
120,1062,-1,113280
120,1063,-1,113435
120,1064,-1,113495
120,1065,-1,113620
121,1065,1.060241,113790
121,1066,-1,113900
121,1067,-1,113965
121,1068,-1,114025
121,1069,-1,114120
121,1070,-1,114200
121,1071,-1,114315
122,1071,1.061728,114480
122,1072,-1,114585
122,1073,-1,114790
122,1074,-1,114860
122,1075,-1,114965
123,1075,1.068966,115110
124,1075,1.065789,115265
124,1076,-1,115315
124,1077,-1,115430
125,1077,1.067568,115580
125,1078,-1,115625
125,1079,-1,115715
126,1079,1.06135,115880
126,1080,-1,116020
126,1081,-1,116120
126,1082,-1,116270
127,1082,1.065789,116425
127,1083,-1,116490
127,1084,-1,116620
128,1084,1.057471,116795
129,1084,1.040984,117040
130,1084,1.05848,117215
130,1085,-1,117300
130,1086,-1,117385
130,1087,-1,117485
130,1088,-1,117580
130,1089,-1,117755
130,1090,-1,117820
130,1091,-1,117915
130,1092,-1,118010
130,1093,-1,118125
130,1094,-1,118285
130,1095,-1,118395
130,1096,-1,118460
131,1096,1.069444,118605
131,1097,-1,118720
131,1098,-1,118820
131,1099,-1,118880
131,1100,-1,118970
131,1101,-1,119035
131,1102,-1,119145
131,1103,-1,119310
132,1103,1.05988,119480
132,1104,-1,119540
133,1104,1.059172,119710
134,1104,1.063694,119870
134,1105,-1,119965
135,1105,1.063694,120125
135,1106,-1,120230
136,1106,1.066667,120380
137,1106,1.071942,120520
138,1106,1.064935,120675
138,1107,-1,120740
139,1107,1.05,120940
140,1107,1.052356,121135
140,1108,-1,121205
140,1109,-1,121260
141,1109,1.0625,121420
141,1110,-1,121555
141,1111,-1,121665
142,1111,1.061728,121830
143,1111,1.048544,122040
144,1111,1.052356,122235
145,1111,1.053192,122425
145,1112,-1,122600
145,1113,-1,122725
145,1114,-1,122825
146,1114,1.057471,123000
146,1115,-1,123135
146,1116,-1,123215
146,1117,-1,123280
146,1118,-1,123405
146,1119,-1,123540
146,1120,-1,123615
146,1121,-1,123710
146,1122,-1,123775
146,1123,-1,123855
146,1124,-1,123965
146,1125,-1,124035
146,1126,-1,124140
146,1127,-1,124225
146,1128,-1,124425
146,1129,-1,124460
146,1130,-1,124555
146,1131,-1,124630
146,1132,-1,124735
146,1133,-1,124805
146,1134,-1,124880
147,1134,1.068027,125030
148,1134,1.057804,125205
148,1135,-1,125335
148,1136,-1,125415
148,1137,-1,125480
149,1137,1.04329,125715
149,1138,-1,125805
149,1139,-1,125915
149,1140,-1,126040
149,1141,-1,126085
149,1142,-1,126200
150,1142,1.053763,126390
150,1143,-1,126435
150,1144,-1,126495
150,1145,-1,126560
151,1145,1.048077,126770
151,1146,-1,126855
151,1147,-1,126985
151,1148,-1,127085
152,1148,1.052083,127280
153,1148,1.052356,127475
153,1149,-1,127620
153,1150,-1,127785
153,1151,-1,127895
153,1152,-1,127955
153,1153,-1,128020
153,1154,-1,128110
154,1154,1.046296,128330
154,1155,-1,128465
154,1156,-1,128530
155,1156,1.059524,128700
155,1157,-1,128765
155,1158,-1,128825
155,1159,-1,128945
156,1159,1.057143,129120
156,1160,-1,129190
156,1161,-1,129310
156,1162,-1,129425
157,1162,1.071429,129565
157,1163,-1,129690
157,1164,-1,129835
157,1165,-1,129935
157,1166,-1,130055
157,1167,-1,130145
158,1167,1.066667,130295
158,1168,-1,130450
158,1169,-1,130505
158,1170,-1,130630
159,1170,1.0625,130790
159,1171,-1,130960
159,1172,-1,131130
159,1173,-1,131180
160,1173,1.064516,131335
161,1173,1.066667,131485
161,1174,-1,131620
161,1175,-1,131660
161,1176,-1,131815
161,1177,-1,131950
162,1177,1.055556,132130
162,1178,-1,132290
163,1178,1.050761,132490
163,1179,-1,132580
163,1180,-1,132690
163,1181,-1,132775
163,1182,-1,132845
163,1183,-1,133000
163,1184,-1,133055
163,1185,-1,133145
163,1186,-1,133235
163,1187,-1,133375
163,1188,-1,133490
163,1189,-1,133575
163,1190,-1,133645
163,1191,-1,133715
163,1192,-1,133760
164,1192,1.052356,133955
164,1193,-1,134015
164,1194,-1,134100
164,1195,-1,134185
165,1195,1.051813,134380
165,1196,-1,134515
165,1197,-1,134605
166,1197,1.04717,134820
166,1198,-1,134900
166,1199,-1,134960
166,1200,-1,135085
167,1200,1.042373,135325
167,1201,-1,135480
167,1202,-1,135585
167,1203,-1,135655
167,1204,-1,135700
168,1204,1.05102,135900
169,1204,1.05988,136070
169,1205,-1,136140
169,1206,-1,136195
169,1207,-1,136260
169,1208,-1,136355
169,1209,-1,136425
169,1210,-1,136485
169,1211,-1,136525
169,1212,-1,136580
169,1213,-1,136705
169,1214,-1,136775
169,1215,-1,136835
169,1216,-1,136955
169,1217,-1,137030
169,1218,-1,137175
169,1219,-1,137320
170,1219,1.045662,137540
170,1220,-1,137630
171,1220,1.052632,137820
171,1221,-1,137915
171,1222,-1,138015
171,1223,-1,138065
172,1223,1.072464,138205
172,1224,-1,138265
172,1225,-1,138345
172,1226,-1,138500
172,1227,-1,138625
172,1228,-1,138780
172,1229,-1,138925
172,1230,-1,139040
173,1230,1.061728,139205
173,1231,-1,139285
173,1232,-1,139380
173,1233,-1,139465
173,1234,-1,139600
173,1235,-1,139695
174,1235,1.052632,139885
174,1236,-1,139955
174,1237,-1,140025
175,1237,1.060241,140195
175,1238,-1,140265
175,1239,-1,140340
175,1240,-1,140430
175,1241,-1,140540
175,1242,-1,140645
175,1243,-1,140755
175,1244,-1,140945
175,1245,-1,141010
175,1246,-1,141060
175,1247,-1,141180
175,1248,-1,141275
176,1248,1.063291,141435
176,1249,-1,141540
177,1249,1.074074,141675
177,1250,-1,141735
177,1251,-1,141805
177,1252,-1,141885
177,1253,-1,141940
178,1253,1.051282,142135
179,1253,1.054645,142320
179,1254,-1,142400
179,1255,-1,142520
179,1256,-1,142635
180,1256,1.059524,142805
181,1256,1.067568,142955
181,1257,-1,143080
182,1257,1.04878,143285
182,1258,-1,143365
182,1259,-1,143450
183,1259,1.063291,143610
183,1260,-1,143745
183,1261,-1,143815
184,1261,1.052356,144010
184,1262,-1,144145
184,1263,-1,144305
185,1263,1.048077,144515
185,1264,-1,144575
185,1265,-1,144695
185,1266,-1,144810
186,1266,1.068966,144955
186,1267,-1,145010
186,1268,-1,145120
186,1269,-1,145235
186,1270,-1,145325
186,1271,-1,145400
186,1272,-1,145525
186,1273,-1,145600
186,1274,-1,145650
186,1275,-1,145730
186,1276,-1,145780
187,1276,1.051813,145975
188,1276,1.061728,146140
188,1277,-1,146245
189,1277,1.051282,146440
189,1278,-1,146520
190,1278,1.059524,146690
191,1278,1.048077,146900
191,1279,-1,147010
191,1280,-1,147070
192,1280,1.060606,147235
192,1281,-1,147325
192,1282,-1,147435
192,1283,-1,147605
193,1283,1.053192,147795
194,1283,1.05,147995
194,1284,-1,148055
195,1284,1.067568,148205
195,1285,-1,148295
195,1286,-1,148345
195,1287,-1,148435
195,1288,-1,148635
195,1289,-1,148810
195,1290,-1,148955
195,1291,-1,149090
195,1292,-1,149210
195,1293,-1,149340
196,1293,1.055556,149520
196,1294,-1,149705
196,1295,-1,149815
196,1296,-1,149880
196,1297,-1,150000
197,1297,1.064516,150155
197,1298,-1,150220
197,1299,-1,150380
198,1299,1.064935,150535
198,1300,-1,150655
198,1301,-1,150800
198,1302,-1,150885
198,1303,-1,150945
198,1304,-1,151095
199,1304,1.05988,151265
199,1305,-1,151335
199,1306,-1,151405
199,1307,-1,151475
199,1308,-1,151535
199,1309,-1,151585
199,1310,-1,151660
199,1311,-1,151810
199,1312,-1,151865
199,1313,-1,151930
200,1313,1.057804,152105
201,1313,1.0625,152265
201,1314,-1,152375
201,1315,-1,152545
202,1315,1.070922,152690
202,1316,-1,152785
202,1317,-1,152870
202,1318,-1,152945
203,1318,1.05618,153125
204,1318,1.06135,153290
204,1319,-1,153355
204,1320,-1,153500
205,1320,1.05988,153670
205,1321,-1,153745
205,1322,-1,153870
205,1323,-1,153980
205,1324,-1,154055
205,1325,-1,154195
205,1326,-1,154325
206,1326,1.065789,154480
206,1327,-1,154635
206,1328,-1,154690
207,1328,1.074074,154825
207,1329,-1,154880
207,1330,-1,155005
207,1331,-1,155070
207,1332,-1,155125
207,1333,-1,155285
208,1333,1.066225,155440
208,1334,-1,155565
208,1335,-1,155740
208,1336,-1,155845
208,1337,-1,155980
208,1338,-1,156110
208,1339,-1,156270
208,1340,-1,156415
209,1340,1.068966,156560
209,1341,-1,156700
210,1341,1.048544,156910
210,1342,-1,157005
210,1343,-1,157110
210,1344,-1,157195
210,1345,-1,157290
210,1346,-1,157390
210,1347,-1,157445
210,1348,-1,157545
210,1349,-1,157720
210,1350,-1,157795
211,1350,1.036232,158075
211,1351,-1,158170
211,1352,-1,158300
211,1353,-1,158355
211,1354,-1,158495
211,1355,-1,158585
211,1356,-1,158715
211,1357,-1,158785
212,1357,1.067568,158935
212,1358,-1,159015
212,1359,-1,159065
212,1360,-1,159120
212,1361,-1,159230
213,1361,1.068027,159380
213,1362,-1,159485
213,1363,-1,159630
213,1364,-1,159690
213,1365,-1,159790
213,1366,-1,159950
213,1367,-1,160000
213,1368,-1,160050
213,1369,-1,160100
213,1370,-1,160180
213,1371,-1,160275
214,1371,1.053763,160465
214,1372,-1,160540
214,1373,-1,160715
214,1374,-1,160805
214,1375,-1,160940
214,1376,-1,160990
214,1377,-1,161140
215,1377,1.05814,161315
216,1377,1.052083,161510
216,1378,-1,161685
216,1379,-1,161740
217,1379,1.048544,161950
217,1380,-1,162080
217,1381,-1,162195
217,1382,-1,162330
217,1383,-1,162385
217,1384,-1,162535
218,1384,1.05618,162715
219,1384,1.050505,162915
219,1385,-1,162970
219,1386,-1,163030
219,1387,-1,163090
219,1388,-1,163245
219,1389,-1,163390
220,1389,1.057143,163565
221,1389,1.073529,163705
221,1390,-1,163825
221,1391,-1,163970
222,1391,1.069444,164115
223,1391,1.048544,164325
223,1392,-1,164385
223,1393,-1,164475
223,1394,-1,164545
223,1395,-1,164655
224,1395,1.053192,164845
225,1395,1.042194,165085
225,1396,-1,165240
225,1397,-1,165285
225,1398,-1,165330
225,1399,-1,165410
225,1400,-1,165470
225,1401,-1,165525
226,1401,1.065359,165680
227,1401,1.066225,165835
227,1402,-1,165960
228,1402,1.051813,166155
228,1403,-1,166340
229,1403,1.065789,166495
229,1404,-1,166620
229,1405,-1,166770
229,1406,-1,166930
229,1407,-1,167020
229,1408,-1,167140
230,1408,1.059524,167310
230,1409,-1,167470
230,1410,-1,167515
230,1411,-1,167620
230,1412,-1,167730
230,1413,-1,167780
231,1413,1.05291,167970
231,1414,-1,168040
231,1415,-1,168155
231,1416,-1,168280
231,1417,-1,168385
231,1418,-1,168495
231,1419,-1,168655
232,1419,1.048309,168865
233,1419,1.056497,169045
234,1419,1.061728,169210
234,1420,-1,169290
234,1421,-1,169360
234,1422,-1,169475
234,1423,-1,169535
235,1423,1.053192,169725
235,1424,-1,169820
235,1425,-1,169860
235,1426,-1,169975
235,1427,-1,170065
235,1428,-1,170110
235,1429,-1,170190
235,1430,-1,170230
236,1430,1.057804,170405
236,1431,-1,170525
236,1432,-1,170605
237,1432,1.065789,170760
237,1433,-1,170800
237,1434,-1,170930
237,1435,-1,171110
237,1436,-1,171200
237,1437,-1,171235
237,1438,-1,171375
237,1439,-1,171455
237,1440,-1,171555
237,1441,-1,171700
237,1442,-1,171855
237,1443,-1,171960
238,1443,1.050761,172160
238,1444,-1,172255
238,1445,-1,172395
238,1446,-1,172450
238,1447,-1,172520
238,1448,-1,172610
238,1449,-1,172740
238,1450,-1,172865
238,1451,-1,172930
238,1452,-1,173010
239,1452,1.063291,173170
239,1453,-1,173305
239,1454,-1,173335
239,1455,-1,173435
240,1455,1.064935,173590
240,1456,-1,173640
240,1457,-1,173845
240,1458,-1,173905
241,1458,1.067114,174055
241,1459,-1,174120
242,1459,1.050761,174320
243,1459,1.045455,174540
243,1460,-1,174640
244,1460,1.064516,174795
244,1461,-1,174910
244,1462,-1,175050
245,1462,1.050761,175250
245,1463,-1,175380
245,1464,-1,175450
245,1465,-1,175530
245,1466,-1,175675
245,1467,-1,175805
246,1467,1.055249,175990
246,1468,-1,176030
246,1469,-1,176110
246,1470,-1,176205
246,1471,-1,176330
246,1472,-1,176430
247,1472,1.059172,176600
248,1472,1.06135,176765
248,1473,-1,176870
248,1474,-1,176920
248,1475,-1,177045
249,1475,1.064516,177200
250,1475,1.071942,177340
251,1475,1.068027,177490
251,1476,-1,177675
252,1476,1.08,177800
252,1477,-1,177900
252,1478,-1,178045
252,1479,-1,178090
252,1480,-1,178175
252,1481,-1,178305
252,1482,-1,178525
252,1483,-1,178655
252,1484,-1,178770
252,1485,-1,178855
253,1485,1.064935,179010
254,1485,1.065789,179165
254,1486,-1,179280
254,1487,-1,179355
254,1488,-1,179510
254,1489,-1,179675
254,1490,-1,179820
255,1490,1.051813,180015
255,1491,-1,180185
255,1492,-1,180315
256,1492,1.058824,180485
256,1493,-1,180575
256,1494,-1,180665
257,1494,1.047619,180875
258,1494,1.054348,181060
259,1494,1.068966,181205
260,1494,1.055866,181385
260,1495,-1,181435
260,1496,-1,181510
260,1497,-1,181625
260,1498,-1,181750
260,1499,-1,181880
261,1499,1.061728,182045
261,1500,-1,182145
261,1501,-1,182270
262,1501,1.064103,182430
262,1502,-1,182475
262,1503,-1,182570
262,1504,-1,182635
262,1505,-1,182755
262,1506,-1,182840
262,1507,-1,182935
263,1507,1.066225,183090
263,1508,-1,183190
264,1508,1.052356,183385
264,1509,-1,183455
264,1510,-1,183645
264,1511,-1,183700
264,1512,-1,183805
264,1513,-1,183850
264,1514,-1,183955
264,1515,-1,184075
264,1516,-1,184130
265,1516,1.060606,184295
266,1516,1.05618,184475
266,1517,-1,184545
266,1518,-1,184610
266,1519,-1,184715
266,1520,-1,184865
267,1520,1.066225,185020
267,1521,-1,185280
267,1522,-1,185365
267,1523,-1,185470
267,1524,-1,185585
267,1525,-1,185700
268,1525,1.049505,185905
268,1526,-1,186015
268,1527,-1,186140
268,1528,-1,186200
268,1529,-1,186260
268,1530,-1,186370
268,1531,-1,186505
268,1532,-1,186625
268,1533,-1,186750
268,1534,-1,186830
268,1535,-1,186955
268,1536,-1,187020
268,1537,-1,187145
269,1537,1.070922,187290
269,1538,-1,187435
269,1539,-1,187540
269,1540,-1,187590
269,1541,-1,187670
269,1542,-1,187780
269,1543,-1,187960
269,1544,-1,188045
269,1545,-1,188190
270,1545,1.06993,188335
271,1545,1.06135,188500
272,1545,1.050505,188700
272,1546,-1,188790
272,1547,-1,188945
273,1547,1.068966,189090
273,1548,-1,189140
273,1549,-1,189275
273,1550,-1,189340
274,1550,1.061728,189505
274,1551,-1,189550
274,1552,-1,189600
275,1552,1.064935,189755
275,1553,-1,189895
275,1554,-1,190045
275,1555,-1,190095
276,1555,1.059172,190265
276,1556,-1,190375
276,1557,-1,190455
276,1558,-1,190530
276,1559,-1,190680
277,1559,1.070922,190825
278,1559,1.046729,191040
278,1560,-1,191115
278,1561,-1,191305
279,1561,1.049751,191510
279,1562,-1,191595
279,1563,-1,191675
279,1564,-1,191805
279,1565,-1,191925
279,1566,-1,192030
279,1567,-1,192085
279,1568,-1,192155
280,1568,1.063291,192315
280,1569,-1,192425
280,1570,-1,192550
280,1571,-1,192695
281,1571,1.050251,192895
281,1572,-1,192950
281,1573,-1,193070
281,1574,-1,193135
282,1574,1.054348,193320
282,1575,-1,193445
282,1576,-1,193595
283,1576,1.059524,193765
283,1577,-1,193915
284,1577,1.045455,194135
284,1578,-1,194220
284,1579,-1,194295
284,1580,-1,194415
285,1580,1.062112,194580
285,1581,-1,194700
286,1581,1.06993,194845
286,1582,-1,194925
286,1583,-1,195000
286,1584,-1,195100
286,1585,-1,195190
287,1585,1.062893,195350
287,1586,-1,195415
287,1587,-1,195505
287,1588,-1,195655
287,1589,-1,195850
288,1589,1.068966,195995
288,1590,-1,196095
288,1591,-1,196180
288,1592,-1,196275
288,1593,-1,196330
288,1594,-1,196390
288,1595,-1,196480
289,1595,1.06135,196645
289,1596,-1,196750
289,1597,-1,196875
289,1598,-1,196950
289,1599,-1,196990
290,1599,1.054645,197175
290,1600,-1,197295
290,1601,-1,197445
290,1602,-1,197545
290,1603,-1,197715
291,1603,1.056818,197895
291,1604,-1,197995
292,1604,1.048077,198205
292,1605,-1,198305
292,1606,-1,198365
292,1607,-1,198450
293,1607,1.05291,198640
294,1607,1.05814,198815
294,1608,-1,198910
294,1609,-1,199030
294,1610,-1,199140
294,1611,-1,199275
294,1612,-1,199325
294,1613,-1,199415
294,1614,-1,199565
294,1615,-1,199710
294,1616,-1,199820
294,1617,-1,199895
295,1617,1.060241,200065
296,1617,1.041494,200310
297,1617,1.050761,200510
297,1618,-1,200590
297,1619,-1,200700
298,1619,1.062112,200865
298,1620,-1,200995
299,1620,1.05814,201170
300,1620,1.08,201295
300,1621,-1,201435
301,1621,1.075758,201570
302,1621,1.06993,201715
302,1622,-1,201835
302,1623,-1,201915
303,1623,1.066667,202065
303,1624,-1,202205
303,1625,-1,202375
303,1626,-1,202460
303,1627,-1,202530
304,1627,1.057143,202705
304,1628,-1,202880
304,1629,-1,202960
305,1629,1.05848,203135
305,1630,-1,203180
306,1630,1.065789,203335
306,1631,-1,203420
307,1631,1.056818,203600
307,1632,-1,203650
307,1633,-1,203740
307,1634,-1,203880
308,1634,1.057471,204055
308,1635,-1,204120
309,1635,1.054348,204305
310,1635,1.060606,204470
310,1636,-1,204550
310,1637,-1,204685
311,1637,1.064516,204840
312,1637,1.062893,205000
312,1638,-1,205090
312,1639,-1,205145
312,1640,-1,205325
313,1640,1.079365,205455
314,1640,1.064935,205610
314,1641,-1,205735
314,1642,-1,205825
315,1642,1.080645,205950
315,1643,-1,206005
315,1644,-1,206120
315,1645,-1,206200
315,1646,-1,206305
316,1646,1.053763,206495
317,1646,1.052083,206690
317,1647,-1,206810
317,1648,-1,206890
318,1648,1.067568,207040
319,1648,1.055866,207220
320,1648,1.054645,207405
320,1649,-1,207505
321,1649,1.050505,207705
321,1650,-1,207785
321,1651,-1,207945
321,1652,-1,208055
321,1653,-1,208095
321,1654,-1,208170
322,1654,1.064103,208330
322,1655,-1,208425
322,1656,-1,208495
322,1657,-1,208600
322,1658,-1,208760
322,1659,-1,208915
322,1660,-1,208960
322,1661,-1,209020
323,1661,1.062112,209185
323,1662,-1,209225
323,1663,-1,209330
323,1664,-1,209395
323,1665,-1,209515
324,1665,1.056818,209695
325,1665,1.070922,209840
325,1666,-1,209895
325,1667,-1,209965
325,1668,-1,210060
325,1669,-1,210190
325,1670,-1,210320
325,1671,-1,210390
325,1672,-1,210495
325,1673,-1,210530
326,1673,1.06135,210695
326,1674,-1,210760
326,1675,-1,210820
326,1676,-1,210990
326,1677,-1,211070
326,1678,-1,211210
327,1678,1.065359,211365
327,1679,-1,211435
328,1679,1.051813,211630
328,1680,-1,211700
329,1680,1.060976,211865
329,1681,-1,212020
329,1682,-1,212085
330,1682,1.074074,212220
330,1683,-1,212355
330,1684,-1,212450
330,1685,-1,212545
331,1685,1.054054,212730
331,1686,-1,212825
332,1686,1.068966,212970
332,1687,-1,213165
332,1688,-1,213305
332,1689,-1,213495
332,1690,-1,213575
332,1691,-1,213660
333,1691,1.068493,213810
333,1692,-1,213940
333,1693,-1,214050
333,1694,-1,214155
333,1695,-1,214195
333,1696,-1,214250
334,1696,1.074627,214385
334,1697,-1,214520
334,1698,-1,214645
334,1699,-1,214785
335,1699,1.041667,215025
335,1700,-1,215155
335,1701,-1,215295
336,1701,1.068493,215445
336,1702,-1,215585
337,1702,1.056497,215765
337,1703,-1,215925
337,1704,-1,216000
337,1705,-1,216045
337,1706,-1,216230
338,1706,1.069444,216375
338,1707,-1,216495
338,1708,-1,216660
338,1709,-1,216825
339,1709,1.064516,216980
339,1710,-1,217110
340,1710,1.063291,217270
340,1711,-1,217335
341,1711,1.06993,217480
341,1712,-1,217625
341,1713,-1,217690
341,1714,-1,217845
341,1715,-1,217965
342,1715,1.066225,218120
343,1715,1.063694,218280
343,1716,-1,218365
343,1717,-1,218450
344,1717,1.057143,218625
344,1718,-1,218770
344,1719,-1,218860
344,1720,-1,218995
344,1721,-1,219140
344,1722,-1,219210
344,1723,-1,219335
344,1724,-1,219420
344,1725,-1,219525
345,1725,1.055866,219705
346,1725,1.061728,219870
347,1725,1.074074,220005
347,1726,-1,220185
347,1727,-1,220310
347,1728,-1,220380
347,1729,-1,220460
347,1730,-1,220555
348,1730,1.054945,220740
348,1731,-1,220945
348,1732,-1,221045
348,1733,-1,221165
349,1733,1.058824,221335
349,1734,-1,221395
349,1735,-1,221530
350,1735,1.0625,221690
350,1736,-1,221855
350,1737,-1,221940
350,1738,-1,222000
350,1739,-1,222045
351,1739,1.068493,222195
351,1740,-1,222260
352,1740,1.064935,222415
352,1741,-1,222560
353,1741,1.066225,222715
353,1742,-1,222790
353,1743,-1,222860
353,1744,-1,222985
354,1744,1.06993,223130
355,1744,1.04386,223360
356,1744,1.057804,223535
356,1745,-1,223610
356,1746,-1,223775
356,1747,-1,223830
356,1748,-1,223945
356,1749,-1,224010
356,1750,-1,224160
356,1751,-1,224260
357,1751,1.063291,224420
357,1752,-1,224500
357,1753,-1,224625
357,1754,-1,224770
358,1754,1.05988,224940
358,1755,-1,225020
358,1756,-1,225085
359,1756,1.071429,225225
359,1757,-1,225255
359,1758,-1,225320
359,1759,-1,225375
359,1760,-1,225505
359,1761,-1,225625
360,1761,1.056818,225805
360,1762,-1,225915
361,1762,1.071429,226055
362,1762,1.060606,226220
362,1763,-1,226375
362,1764,-1,226515
362,1765,-1,226710
362,1766,-1,226855
362,1767,-1,227030
362,1768,-1,227155
362,1769,-1,227275
362,1770,-1,227385
363,1770,1.053763,227575
363,1771,-1,227640
363,1772,-1,227805
363,1773,-1,228015
363,1774,-1,228075
363,1775,-1,228195
363,1776,-1,228310
363,1777,-1,228420
363,1778,-1,228480
363,1779,-1,228565
363,1780,-1,228725
364,1780,1.076923,228855
364,1781,-1,228930
364,1782,-1,229055
364,1783,-1,229105
365,1783,1.057471,229280
365,1784,-1,229460
366,1784,1.055556,229640
366,1785,-1,229685
366,1786,-1,229825
367,1786,1.055249,230010
367,1787,-1,230175
367,1788,-1,230300
367,1789,-1,230445
367,1790,-1,230530
367,1791,-1,230690
367,1792,-1,230755
368,1792,1.070922,230900
368,1793,-1,231005
368,1794,-1,231095
369,1794,1.066225,231250
369,1795,-1,231320
370,1795,1.054054,231505
370,1796,-1,231670
371,1796,1.057804,231845
371,1797,-1,231935
371,1798,-1,232045
371,1799,-1,232105
371,1800,-1,232240
371,1801,-1,232300
372,1801,1.05988,232470
372,1802,-1,232535
372,1803,-1,232570
372,1804,-1,232725
373,1804,1.064103,232885
373,1805,-1,233055
373,1806,-1,233115
374,1806,1.056818,233295
374,1807,-1,233415
374,1808,-1,233535
375,1808,1.054348,233720
375,1809,-1,233820
375,1810,-1,233910
375,1811,-1,234025
375,1812,-1,234120
375,1813,-1,234195
375,1814,-1,234345
376,1814,1.061728,234510
376,1815,-1,234605
376,1816,-1,234705
376,1817,-1,234775
376,1818,-1,234870
376,1819,-1,234965
377,1819,1.055556,235145
378,1819,1.05848,235320
379,1819,1.057471,235495
379,1820,-1,235675
379,1821,-1,235750
379,1822,-1,235845
379,1823,-1,235945
379,1824,-1,236110
379,1825,-1,236175
380,1825,1.064935,236330
380,1826,-1,236455
380,1827,-1,236615
380,1828,-1,236685
380,1829,-1,236795
380,1830,-1,236890
381,1830,1.054645,237075
381,1831,-1,237180
382,1831,1.053192,237370
383,1831,1.062112,237535
383,1832,-1,237715
384,1832,1.069444,237860
384,1833,-1,237925
385,1833,1.061728,238090
385,1834,-1,238180
385,1835,-1,238335
385,1836,-1,238415
386,1836,1.061728,238580
386,1837,-1,238690
386,1838,-1,238850
386,1839,-1,238910
387,1839,1.068966,239055
387,1840,-1,239130
387,1841,-1,239210
388,1841,1.057471,239385
388,1842,-1,239455
388,1843,-1,239575
388,1844,-1,239700
388,1845,-1,239845
389,1845,1.051282,240040
389,1846,-1,240090
389,1847,-1,240210
389,1848,-1,240335
389,1849,-1,240385
390,1849,1.054348,240570
390,1850,-1,240655
391,1850,1.064516,240810
391,1851,-1,240935
392,1851,1.067114,241085
392,1852,-1,241180
392,1853,-1,241265
393,1853,1.05848,241440
394,1853,1.05814,241615
394,1854,-1,241710
394,1855,-1,241795
395,1855,1.064103,241955
396,1855,1.075188,242090
396,1856,-1,242140
397,1856,1.056497,242320
397,1857,-1,242485
398,1857,1.0625,242645
399,1857,1.054945,242830
400,1857,1.057143,243005
400,1858,-1,243125
401,1858,1.058824,243295
401,1859,-1,243420
402,1859,1.064103,243580
402,1860,-1,243670
402,1861,-1,243780
402,1862,-1,243885
402,1863,-1,243955
402,1864,-1,244080
402,1865,-1,244130
402,1866,-1,244205
402,1867,-1,244325
402,1868,-1,244375
402,1869,-1,244475
402,1870,-1,244580
402,1871,-1,244640
402,1872,-1,244755
402,1873,-1,244870
402,1874,-1,244965
402,1875,-1,245020
402,1876,-1,245075
402,1877,-1,245150
402,1878,-1,245250
402,1879,-1,245395
402,1880,-1,245495
402,1881,-1,245670
402,1882,-1,245750
402,1883,-1,245825
402,1884,-1,245950
403,1884,1.054645,246135
404,1884,1.054645,246320
404,1885,-1,246520
405,1885,1.062112,246685
405,1886,-1,246765
405,1887,-1,246940
405,1888,-1,247090
405,1889,-1,247150
406,1889,1.067568,247300
407,1889,1.062112,247465
407,1890,-1,247560
407,1891,-1,247635
408,1891,1.049751,247840
409,1891,1.069444,247985
410,1891,1.075758,248120
410,1892,-1,248220
410,1893,-1,248300
410,1894,-1,248475
410,1895,-1,248570
410,1896,-1,248645
410,1897,-1,248800
410,1898,-1,248940
410,1899,-1,249030
411,1899,1.068027,249180
411,1900,-1,249285
411,1901,-1,249370
411,1902,-1,249425
412,1902,1.058824,249595
413,1902,1.051813,249790
413,1903,-1,249880
