Goals,Deaths,Reward,Step 
0,0,0,0
1,0,1.203809,50
1,1,-1.000272,110
2,1,1.094067,220
3,1,1.107255,315
4,1,1.112087,405
5,1,1.203809,455
6,1,1.051541,650
6,2,-1.000272,740
7,2,1.204935,795
8,2,1.21975,845
8,2,-5.448073E-05,846
8,3,-1.000272,961
9,3,1.138616,1036
10,3,1.181546,1091
11,3,1.138798,1176
11,4,-1.000272,1241
11,5,-0.98025,1326
12,5,1.256138,1366
13,5,1.107255,1461
14,5,1.198321,1521
15,5,1.198321,1581
16,5,1.293845,1616
17,5,1.12964,1711
17,6,-0.98025,1776
18,6,1.087447,1891
19,6,1.090637,2001
19,7,-1.000272,2126
20,7,1.057199,2301
21,7,1.169219,2361
21,8,-0.98025,2421
21,9,-1.000272,2536
21,10,-0.98025,2586
22,10,1.192035,2641
23,10,1.183684,2706
24,10,1.17848,2771
25,10,1.127933,2851
26,10,1.110839,2941
27,10,1.129598,3021
27,11,-1.000272,3056
27,12,-0.98025,3096
28,12,1.208429,3151
29,12,1.263652,3196
29,13,-1.000272,3251
30,13,1.136029,3341
31,13,1.175166,3401
32,13,1.166394,3461
33,13,1.140232,3546
34,13,1.257845,3591
35,13,1.082372,3716
36,13,1.123184,3801
37,13,1.192164,3861
38,13,1.110839,3951
39,13,1.103894,4051
39,14,-1.000272,4096
39,15,-1.000272,4151
40,15,1.172141,4211
41,15,1.087447,4326
42,15,1.249728,4366
43,15,1.269998,4406
43,16,-1.000272,4516
44,16,1.124728,4596
45,16,1.237823,4641
46,16,1.123184,4726
46,17,-1.000272,4851
47,17,1.175166,4911
47,18,-1.000272,5011
48,18,1.148981,5081
49,18,1.192164,5141
50,18,1.080373,5266
51,18,1.142585,5336
52,18,1.247023,5381
53,18,1.134863,5456
54,18,1.126133,5551
55,18,1.232286,5596
56,18,1.178299,5656
57,18,1.175166,5716
58,18,1.101768,5816
59,18,1.158458,5881
60,18,1.140573,5956
61,18,1.06383,6116
62,18,1.148981,6186
63,18,1.142585,6256
63,19,-0.98025,6326
64,19,1.151243,6396
64,20,-1.000272,6581
64,21,-1.000272,6616
65,21,1.175166,6676
65,22,-1.000272,6736
65,23,-0.98025,6791
66,23,1.106111,6886
66,24,-1.000272,6936
67,24,1.175166,6996
68,24,1.228083,7046
69,24,1.153083,7121
69,25,-0.98025,7176
70,25,1.215828,7231
70,26,-1.000272,7281
71,26,1.161018,7346
71,27,-0.98025,7421
71,28,-0.98025,7471
72,28,1.293845,7506
73,28,1.162607,7576
73,29,-0.98025,7611
74,29,1.237823,7656
75,29,1.057531,7831
75,30,-1.000272,7876
76,30,1.342331,7911
77,30,1.172141,7971
78,30,1.13211,8061
79,30,1.223832,8111
79,31,-1.000272,8201
80,31,1.232286,8246
81,31,1.228083,8296
81,32,-1.000272,8341
81,33,-1.000272,8411
82,33,1.217119,8461
83,33,1.175166,8521
84,33,1.22195,8566
85,33,1.22195,8611
86,33,1.107255,8706
87,33,1.175166,8766
88,33,1.208061,8816
88,34,-1.000272,8871
89,34,1.121679,8956
90,34,1.121679,9041
91,34,1.12964,9136
91,35,-1.000272,9206
92,35,1.256138,9246
93,35,1.087447,9361
94,35,1.227,9406
95,35,1.144655,9476
95,36,-1.000272,9596
95,37,-1.000272,9646
96,37,1.217119,9696
96,38,-1.000272,9811
96,39,-1.000272,9861
97,39,1.163662,9926
98,39,1.143207,10011
99,39,1.203809,10061
100,39,1.195806,10116
101,39,1.175166,10176
101,40,-1.000272,10241
102,40,1.155978,10306
103,40,1.192035,10361
103,41,-1.000272,10436
104,41,1.178299,10496
104,42,-1.000272,10531
105,42,1.100738,10631
106,42,1.212494,10681
107,42,1.101768,10781
108,42,1.184913,10836
109,42,1.241972,10881
110,42,1.09232,10991
111,42,1.143207,11076
112,42,1.12021,11161
113,42,1.183684,11226
113,43,-0.98025,11291
114,43,1.127933,11371
115,43,1.118775,11456
115,44,-1.000272,11506
116,44,1.153574,11571
116,45,-0.98025,11636
117,45,1.12021,11721
118,45,1.175166,11781
118,46,-0.98025,11851
119,46,1.131307,11931
119,47,-0.98025,11981
120,47,1.151243,12051
121,47,1.153574,12116
121,48,-0.98025,12171
122,48,1.129598,12251
123,48,1.146786,12321
124,48,1.140232,12406
124,49,-1.000272,12441
124,50,-0.98025,12486
125,50,1.195189,12546
126,50,1.199728,12596
127,50,1.178299,12656
128,50,1.089013,12771
129,50,1.156736,12846
130,50,1.285442,12881
131,50,1.151243,12951
131,51,-1.000272,13016
131,52,-1.000272,13056
132,52,1.195189,13116
133,52,1.208429,13171
134,52,1.093186,13281
135,52,1.097767,13386
135,53,-1.000272,13481
136,53,1.183684,13546
136,54,-0.98025,13626
137,54,1.123184,13711
138,54,1.269998,13751
139,54,1.172141,13811
140,54,1.138616,13886
141,54,1.093186,13996
142,54,1.195189,14056
142,55,-1.000272,14101
143,55,1.166394,14161
144,55,1.129598,14241
145,55,1.208429,14296
146,55,1.203809,14346
147,55,1.183684,14411
148,55,1.173596,14476
149,55,1.252308,14521
150,55,1.163662,14586
151,55,1.136714,14661
152,55,1.091471,14771
153,55,1.293845,14806
153,56,-1.000272,14876
154,56,1.133061,14951
155,56,1.143207,15036
156,56,1.136714,15111
157,56,1.076064,15246
158,56,1.17848,15311
159,56,1.227,15356
160,56,1.164678,15426
160,57,-1.000272,15511
160,58,-1.000272,15551
161,58,1.184913,15606
161,59,-0.98025,15651
162,59,1.12964,15746
163,59,1.161018,15811
163,60,-0.98025,15851
163,61,-1.000272,15911
164,61,1.227,15956
165,61,1.128446,16051
166,61,1.133386,16141
166,62,-1.000272,16176
167,62,1.131307,16256
168,62,1.181546,16311
169,62,1.109618,16406
170,62,1.178299,16466
170,63,-1.000272,16521
170,64,-1.000272,16581
170,65,-1.000272,16641
170,66,-0.98025,16746
171,66,1.237823,16791
171,67,-1.000272,16851
172,67,1.237141,16901
173,67,1.184913,16956
173,68,-1.000272,17011
174,68,1.212058,17066
174,69,-1.000272,17126
175,69,1.148981,17196
176,69,1.199728,17246
177,69,1.232516,17296
178,69,1.217119,17346
179,69,1.13211,17436
180,69,1.124728,17516
181,69,1.103894,17616
181,70,-1.000272,17656
182,70,1.166809,17726
182,71,-1.000272,17816
183,71,1.12021,17901
184,71,1.249728,17941
185,71,1.217119,17991
186,71,1.173596,18056
187,71,1.175166,18116
187,72,-1.000272,18166
188,72,1.097767,18271
188,73,-1.000272,18316
189,73,1.178299,18376
190,73,1.155978,18441
191,73,1.184913,18496
191,74,-1.000272,18566
191,75,-1.000272,18641
192,75,1.11975,18741
192,76,-1.000272,18806
192,77,-1.000272,18871
192,78,-1.000272,18946
193,78,1.134863,19021
194,78,1.192164,19081
195,78,1.195806,19136
196,78,1.137397,19221
196,79,-1.000272,19271
197,79,1.103894,19371
198,79,1.162607,19441
198,80,-1.000272,19501
198,81,-1.000272,19611
199,81,1.101768,19711
200,81,1.176,19776
201,81,1.144655,19846
202,81,1.178299,19906
203,81,1.232286,19951
204,81,1.091179,20091
204,82,-1.000272,20171
205,82,1.212494,20221
206,82,1.370098,20251
207,82,1.228083,20301
207,83,-1.000272,20381
207,84,-1.000272,20436
208,84,1.140573,20511
209,84,1.256138,20551
210,84,1.081695,20676
210,85,-1.000272,20771
211,85,1.14475,20851
212,85,1.121791,20951
212,86,-1.000272,21006
213,86,1.12631,21086
213,87,-1.000272,21146
214,87,1.116007,21236
215,87,1.203809,21286
216,87,1.093186,21396
216,88,-1.000272,21451
217,88,1.163662,21516
218,88,1.116007,21606
219,88,1.131307,21686
220,88,1.183684,21751
221,88,1.293845,21786
222,88,1.269998,21826
223,88,1.140232,21911
224,88,1.192035,21966
225,88,1.124728,22046
226,88,1.155978,22111
227,88,1.100738,22211
228,88,1.112087,22301
229,88,1.09849,22431
229,89,-1.000272,22476
230,89,1.169219,22536
231,89,1.201568,22591
232,89,1.12021,22676
233,89,1.178299,22736
234,89,1.189242,22796
235,89,1.161018,22861
235,90,-1.000272,22936
236,90,1.203809,22986
237,90,1.169219,23046
238,90,1.201568,23101
239,90,1.117375,23186
240,90,1.277505,23226
241,90,1.189242,23286
242,90,1.178299,23346
243,90,1.175166,23406
244,90,1.141701,23491
245,90,1.198321,23551
246,90,1.155978,23616
247,90,1.21975,23666
247,91,-1.000272,23751
248,91,1.17848,23816
248,92,-1.000272,23896
249,92,1.282908,23936
250,92,1.158458,24001
251,92,1.204935,24056
252,92,1.195189,24116
252,93,-1.000272,24166
252,94,-1.000272,24206
252,95,-1.000272,24251
253,95,1.169219,24311
254,95,1.09232,24421
255,95,1.269998,24461
256,95,1.11409,24571
257,95,1.212494,24621
258,95,1.203809,24671
258,96,-1.000272,24731
259,96,1.10282,24831
260,96,1.090637,24941
260,96,0.00395,25007
261,96,1.030978,25327
262,96,1.104991,25422
263,96,1.12964,25517
264,96,1.122843,25617
264,97,-0.98025,25662
265,97,1.106111,25757
265,98,-1.000272,25897
266,98,1.073257,26037
266,99,-1.000272,26157
267,99,1.096815,26262
267,100,-1.000272,26347
267,101,-1.000272,26492
268,101,1.110839,26582
269,101,1.134693,26672
270,101,1.11467,26762
270,102,-1.000272,26842
271,102,1.103894,26942
272,102,1.072191,27082
272,103,-1.000272,27132
272,104,-1.000272,27177
272,105,-1.000272,27247
272,106,-1.000272,27292
272,107,-1.000272,27347
273,107,1.130861,27437
274,107,1.097767,27542
274,108,-1.000272,27597
275,108,1.07167,27737
275,109,-1.000272,27847
276,109,1.094067,27957
277,109,1.155978,28022
277,110,-0.98025,28067
278,110,1.108246,28182
279,110,1.066394,28332
279,111,-1.000272,28402
279,112,-0.98025,28487
280,112,1.104496,28607
281,112,1.133061,28682
282,112,1.090637,28792
283,112,1.077853,28922
284,112,1.125013,29017
284,113,-1.000272,29087
284,114,-1.000272,29152
285,114,1.12021,29237
286,114,1.122843,29337
286,115,-1.000272,29417
286,116,-0.98025,29502
287,116,1.133386,29592
288,116,1.103784,29712
288,117,-0.98025,29757
288,118,-1.000272,29872
289,118,1.085935,29992
290,118,1.175166,30052
291,118,1.10282,30152
292,118,1.077247,30282
292,119,-1.000272,30317
292,120,-0.98025,30382
292,121,-1.000272,30452
293,121,1.103894,30552
293,122,-1.000272,30632
293,123,-1.000272,30747
293,124,-1.000272,30837
294,124,1.055283,31017
294,125,-1.000272,31057
295,125,1.076651,31187
296,125,1.097767,31292
296,126,-1.000272,31352
296,127,-1.000272,31452
297,127,1.081695,31577
298,127,1.096815,31682
298,128,-1.000272,31762
299,128,1.09232,31872
299,129,-1.000272,31917
299,130,-1.000272,32002
300,130,1.093186,32112
301,130,1.124728,32192
302,130,1.138616,32267
302,131,-1.000272,32417
303,131,1.11467,32507
304,131,1.144655,32577
305,131,1.127933,32657
305,132,-1.000272,32787
305,133,-1.000272,32977
305,134,-0.98025,33057
305,135,-1.000272,33112
305,136,-1.000272,33212
306,136,1.078468,33342
307,136,1.171265,33412
308,136,1.169004,33482
309,136,1.107255,33577
309,137,-1.000272,33622
310,137,1.118775,33707
310,138,-1.000272,33817
310,139,-1.000272,33942
311,139,1.101768,34042
311,140,-1.000272,34097
311,141,-1.000272,34247
311,142,-1.000272,34312
311,143,-1.000272,34392
311,144,-1.000272,34452
312,144,1.116837,34557
312,145,-1.000272,34597
312,146,-1.000272,34657
313,146,1.073802,34792
314,146,1.153083,34867
315,146,1.077853,34997
315,147,-0.98025,35042
315,148,-1.000272,35097
315,149,-1.000272,35147
316,149,1.108423,35242
316,150,-1.000272,35337
316,151,-1.000272,35392
317,151,1.138616,35467
317,152,-0.98025,35612
318,152,1.133061,35687
318,153,-0.98025,35737
319,153,1.101768,35837
319,154,-1.000272,35927
320,154,1.09849,36057
321,154,1.104991,36152
321,155,-1.000272,36242
322,155,1.11467,36332
322,156,-1.000272,36407
323,156,1.12076,36507
324,156,1.093186,36617
325,156,1.116007,36707
325,157,-1.000272,36767
325,158,-1.000272,36867
325,159,-1.000272,36957
325,160,-1.000272,37062
325,161,-1.000272,37122
326,161,1.140573,37197
327,161,1.076064,37332
327,162,-1.000272,37412
328,162,1.075485,37547
329,162,1.07015,37692
329,163,-1.000272,37797
330,163,1.094067,37907
330,164,-1.000272,38022
330,165,-1.000272,38107
330,166,-0.98025,38162
330,167,-0.98025,38217
331,167,1.155978,38282
332,167,1.109036,38397
332,168,-1.000272,38462
333,168,1.11876,38567
333,169,-1.000272,38637
333,170,-0.98025,38697
334,170,1.108246,38812
334,171,-1.000272,38922
334,172,-1.000272,38987
335,172,1.090637,39097
336,172,1.116837,39202
337,172,1.108246,39317
338,172,1.113364,39407
339,172,1.094067,39517
339,173,-1.000272,39587
340,173,1.05687,39762
341,173,1.079093,39892
341,174,-1.000272,39922
341,175,-1.000272,40027
341,176,-1.000272,40127
342,176,1.138616,40202
342,177,-1.000272,40247
342,178,-1.000272,40297
342,179,-1.000272,40357
343,179,1.112087,40447
344,179,1.089013,40562
345,179,1.10282,40662
345,180,-1.000272,40747
345,181,-0.98025,40797
345,182,-1.000272,40877
345,183,-0.98025,40952
345,184,-1.000272,41092
346,184,1.164678,41162
346,185,-1.000272,41237
347,185,1.163662,41302
348,185,1.11467,41392
349,185,1.137397,41477
350,185,1.192164,41537
350,186,-0.98025,41632
351,186,1.081028,41757
352,186,1.133386,41847
353,186,1.118775,41932
353,187,-1.000272,41997
354,187,1.143207,42082
354,188,-1.000272,42222
355,188,1.124728,42302
356,188,1.11467,42392
357,188,1.094966,42497
357,189,-0.98025,42552
357,190,-1.000272,42677
358,190,1.153574,42742
359,190,1.147955,42822
359,191,-1.000272,42907
360,191,1.093824,43042
361,191,1.153574,43107
361,192,-1.000272,43242
361,193,-1.000272,43337
362,193,1.094966,43442
363,193,1.109618,43537
363,194,-1.000272,43597
363,195,-0.98025,43662
364,195,1.099728,43762
364,196,-1.000272,43827
365,196,1.10984,43942
366,196,1.161018,44007
366,197,-1.000272,44117
367,197,1.136029,44207
368,197,1.097767,44312
369,197,1.091471,44422
369,198,-1.000272,44502
370,198,1.087447,44617
370,199,-1.000272,44712
371,199,1.081028,44837
371,200,-1.000272,44912
371,201,-1.000272,45002
372,201,1.123184,45087
373,201,1.11467,45177
374,201,1.101768,45277
374,202,-1.000272,45407
374,203,-1.000272,45537
375,203,1.099115,45667
376,203,1.195806,45722
376,204,-0.98025,45777
376,205,-1.000272,45872
377,205,1.118775,45957
378,205,1.09849,46087
379,205,1.186417,46147
379,206,-0.98025,46212
380,206,1.107255,46307
380,207,-0.98025,46367
380,208,-1.000272,46422
381,208,1.151329,46502
381,209,-0.98025,46622
381,210,-1.000272,46667
382,210,1.11975,46767
383,210,1.12021,46852
383,211,-0.98025,46912
384,211,1.076893,47087
385,211,1.104991,47182
386,211,1.169219,47242
387,211,1.083061,47362
387,212,-1.000272,47432
387,213,-1.000272,47472
388,213,1.089013,47587
389,213,1.116007,47677
389,214,-0.98025,47782
389,215,-1.000272,47907
389,216,-1.000272,47967
389,217,-1.000272,48012
389,218,-1.000272,48077
389,219,-1.000272,48157
389,220,-1.000272,48227
390,220,1.171265,48297
391,220,1.058899,48467
392,220,1.173596,48532
393,220,1.127933,48612
394,220,1.127933,48692
395,220,1.113208,48802
396,220,1.080373,48927
397,220,1.078468,49057
398,220,1.093186,49167
399,220,1.072191,49307
399,221,-1.000272,49362
400,221,1.161018,49427
401,221,1.09232,49537
402,221,1.140232,49622
402,222,-1.000272,49747
403,222,1.134863,49822
403,223,-1.000272,49887
404,223,1.08259,50008
404,223,1.08259,50008
404,224,-1.000272,50048
405,224,1.103894,50148
406,224,1.136714,50223
406,225,-1.000272,50308
406,226,-1.000272,50353
407,226,1.094966,50458
408,226,1.068221,50608
408,227,-0.98025,50658
408,228,-1.000272,50748
408,229,-1.000272,50808
408,230,-1.000272,50863
409,230,1.103083,50983
410,230,1.063422,51143
410,231,-0.98025,51188
410,232,-1.000272,51268
411,232,1.12631,51348
412,232,1.090173,51493
412,233,-1.000272,51583
412,234,-1.000272,51643
413,234,1.067295,51793
413,235,-1.000272,51863
414,235,1.093186,51973
415,235,1.116007,52063
416,235,1.176,52128
417,235,1.143207,52213
418,235,1.127277,52308
418,236,-0.98025,52373
419,236,1.11467,52463
419,237,-1.000272,52528
419,238,-0.98025,52593
419,239,-1.000272,52663
420,239,1.097767,52768
421,239,1.091471,52878
422,239,1.110839,52968
422,240,-1.000272,53078
423,240,1.131307,53158
423,241,-0.98025,53233
423,242,-1.000272,53298
423,243,-1.000272,53358
424,243,1.171265,53428
424,244,-0.98025,53498
425,244,1.138798,53583
425,245,-1.000272,53663
425,246,-1.000272,53733
425,247,-0.98025,53798
426,247,1.11467,53888
426,248,-1.000272,53953
426,249,-1.000272,54038
427,249,1.153574,54103
427,250,-0.98025,54228
427,251,-1.000272,54388
428,251,1.133061,54463
429,251,1.081028,54588
429,252,-1.000272,54703
430,252,1.048747,54908
430,253,-1.000272,54993
431,253,1.171265,55063
432,253,1.133061,55138
432,254,-0.98025,55213
433,254,1.117375,55298
434,254,1.065953,55453
435,254,1.103894,55553
436,254,1.113364,55643
437,254,1.08968,55788
438,254,1.131307,55868
439,254,1.104991,55963
439,255,-0.98025,56043
439,256,-0.98025,56098
440,256,1.069658,56243
441,256,1.133386,56333
442,256,1.147955,56413
443,256,1.096815,56518
444,256,1.065953,56673
445,256,1.095881,56778
446,256,1.103894,56878
446,257,-1.000272,56933
447,257,1.088223,57048
447,258,-1.000272,57108
448,258,1.192164,57168
449,258,1.142585,57238
450,258,1.162607,57308
450,259,-1.000272,57398
451,259,1.106111,57493
452,259,1.121679,57578
453,259,1.104496,57698
454,259,1.12021,57783
455,259,1.116007,57873
456,259,1.109618,57968
457,259,1.085935,58088
458,259,1.125013,58183
458,260,-0.98025,58258
458,261,-1.000272,58308
459,261,1.12076,58408
460,261,1.079728,58533
461,261,1.134863,58608
461,262,-1.000272,58653
462,262,1.146332,58733
463,262,1.098737,58838
464,262,1.103894,58938
465,262,1.127933,59018
466,262,1.127933,59098
466,263,-0.98025,59198
467,263,1.087447,59313
468,263,1.134863,59388
468,264,-1.000272,59508
469,264,1.161018,59573
470,264,1.121679,59658
471,264,1.14962,59738
472,264,1.143207,59823
473,264,1.148981,59893
474,264,1.166809,59963
475,264,1.176,60028
475,265,-1.000272,60073
476,265,1.07015,60218
477,265,1.184913,60273
478,265,1.12021,60358
479,265,1.171265,60428
480,265,1.123184,60513
481,265,1.117375,60598
482,265,1.105957,60718
483,265,1.082372,60843
484,265,1.100395,60968
484,266,-1.000272,61038
485,266,1.12021,61123
486,266,1.125013,61218
486,267,-1.000272,61288
487,267,1.080356,61453
488,267,1.083061,61573
489,267,1.09232,61683
490,267,1.076651,61813
491,267,1.093186,61923
491,268,-1.000272,61978
492,268,1.107469,62093
493,268,1.082372,62218
494,268,1.104991,62313
494,269,-0.98025,62373
494,270,-0.98025,62423
495,270,1.08968,62568
496,270,1.195189,62628
497,270,1.106111,62723
497,271,-1.000272,62783
497,272,-0.98025,62913
498,272,1.103894,63013
498,273,-1.000272,63088
499,273,1.077247,63218
500,273,1.155978,63283
500,274,-1.000272,63363
500,275,-1.000272,63433
500,276,-1.000272,63568
501,276,1.117375,63653
502,276,1.171265,63723
503,276,1.089013,63838
504,276,1.124728,63918
504,277,-0.98025,63998
504,278,-1.000272,64123
505,278,1.081695,64248
506,278,1.09232,64358
506,279,-1.000272,64418
506,280,-0.98025,64483
507,280,1.059969,64653
508,280,1.140573,64728
509,280,1.101768,64828
510,280,1.134693,64918
511,280,1.09232,65028
512,280,1.103894,65128
512,281,-0.98025,65248
513,281,1.127277,65343
513,282,-1.000272,65428
513,283,-0.98025,65478
514,283,1.153083,65553
515,283,1.166394,65613
516,283,1.116007,65703
517,283,1.104991,65798
518,283,1.057867,65973
519,283,1.11975,66073
520,283,1.103894,66173
521,283,1.14962,66253
521,284,-1.000272,66318
522,284,1.126133,66413
522,285,-1.000272,66473
523,285,1.114988,66578
524,285,1.148981,66648
525,285,1.07823,66823
526,285,1.085935,66943
526,286,-0.98025,67068
526,287,-1.000272,67173
526,288,-1.000272,67263
526,289,-1.000272,67338
526,290,-1.000272,67408
527,290,1.082372,67533
527,291,-0.98025,67663
527,292,-1.000272,67718
528,292,1.133061,67793
529,292,1.173596,67858
530,292,1.156736,67933
531,292,1.133386,68023
531,293,-0.98025,68103
532,293,1.094966,68208
533,293,1.079093,68338
534,293,1.11876,68443
535,293,1.125013,68538
535,294,-1.000272,68658
536,294,1.112343,68768
536,295,-0.98025,68828
537,295,1.118775,68913
537,296,-1.000272,68978
537,297,-1.000272,69048
538,297,1.080373,69173
538,298,-0.98025,69233
538,299,-1.000272,69293
538,300,-1.000272,69368
538,301,-0.98025,69453
539,301,1.108246,69568
540,301,1.162607,69638
540,302,-1.000272,69728
541,302,1.089013,69843
541,303,-1.000272,69913
542,303,1.103083,70033
542,304,-0.98025,70103
543,304,1.123917,70203
544,304,1.085198,70323
545,304,1.097767,70428
546,304,1.184913,70483
547,304,1.11467,70573
548,304,1.101051,70698
549,304,1.106111,70793
549,305,-0.98025,70898
550,305,1.095881,71003
551,305,1.14962,71083
552,305,1.098737,71188
552,306,-0.98025,71223
552,307,-0.98025,71408
552,308,-0.98025,71483
553,308,1.082372,71608
554,308,1.087447,71723
554,309,-0.98025,71788
555,309,1.09232,71898
556,309,1.094067,72008
557,309,1.113364,72098
558,309,1.10984,72213
558,310,-1.000272,72303
559,310,1.064244,72458
560,310,1.118775,72543
561,310,1.136714,72618
561,311,-0.98025,72693
561,312,-0.98025,72768
561,313,-1.000272,72848
562,313,1.098737,72953
563,313,1.171265,73023
564,313,1.153574,73088
564,314,-1.000272,73123
564,315,-1.000272,73198
565,315,1.146786,73268
566,315,1.178299,73328
567,315,1.09232,73438
568,315,1.121791,73538
568,316,-1.000272,73583
568,317,-0.98025,73668
568,318,-1.000272,73753
569,318,1.115904,73858
570,318,1.14962,73938
571,318,1.097269,74068
572,318,1.106111,74163
572,319,-0.98025,74253
572,320,-1.000272,74308
572,321,-1.000272,74368
573,321,1.153574,74433
573,322,-1.000272,74558
574,322,1.112087,74648
574,323,-1.000272,74718
575,323,1.079991,74888
576,323,1.136714,74963
576,323,0.00395,75009
577,323,1.07272,75149
577,324,-1.000272,75214
577,325,-0.98025,75299
577,326,-0.98025,75394
578,326,1.189242,75454
579,326,1.113364,75544
579,327,-1.000272,75619
579,328,-1.000272,75689
580,328,1.122843,75789
580,329,-1.000272,75844
580,330,-1.000272,75894
580,331,-0.98025,75954
580,332,-1.000272,76014
581,332,1.106111,76109
582,332,1.074355,76244
582,333,-1.000272,76304
583,333,1.109618,76399
584,333,1.176,76464
585,333,1.106707,76579
586,333,1.084473,76699
587,333,1.11467,76789
588,333,1.131307,76869
588,334,-0.98025,76959
589,334,1.095881,77064
590,334,1.050489,77264
590,335,-0.98025,77394
591,335,1.062228,77554
592,335,1.183684,77619
592,336,-1.000272,77729
593,336,1.078468,77859
593,337,-1.000272,77919
593,338,-1.000272,77974
594,338,1.10282,78074
595,338,1.09232,78184
596,338,1.096086,78319
597,338,1.138616,78394
598,338,1.138616,78469
599,338,1.110659,78579
600,338,1.100395,78704
600,339,-0.98025,78824
600,340,-1.000272,78859
600,341,-1.000272,78919
601,341,1.099728,79019
601,342,-0.98025,79064
602,342,1.098737,79169
602,343,-1.000272,79234
603,343,1.083061,79354
603,344,-1.000272,79424
603,345,-1.000272,79494
604,345,1.115904,79599
604,346,-1.000272,79664
605,346,1.127277,79759
606,346,1.079093,79889
606,347,-1.000272,79994
606,348,-0.98025,80129
607,348,1.094966,80234
608,348,1.143207,80319
609,348,1.107469,80434
610,348,1.074395,80619
611,348,1.129598,80699
611,349,-1.000272,80774
611,350,-1.000272,80839
612,350,1.148981,80909
613,350,1.169219,80969
614,350,1.116007,81059
614,351,-1.000272,81199
614,352,-1.000272,81234
615,352,1.121791,81334
616,352,1.109036,81449
617,352,1.110839,81539
617,353,-1.000272,81599
617,354,-0.98025,81664
618,354,1.076651,81794
619,354,1.101768,81894
620,354,1.094966,81999
621,354,1.11467,82089
622,354,1.121679,82174
623,354,1.125013,82269
624,354,1.085198,82389
625,354,1.076064,82524
625,355,-1.000272,82584
626,355,1.104496,82704
626,356,-1.000272,82754
626,357,-0.98025,82799
627,357,1.133386,82889
627,358,-1.000272,82939
627,359,-0.98025,83024
627,360,-0.98025,83104
628,360,1.082372,83229
628,361,-1.000272,83309
629,361,1.169219,83369
629,362,-1.000272,83484
630,362,1.07065,83629
631,362,1.108423,83724
632,362,1.096815,83829
632,363,-1.000272,83904
633,363,1.122843,84004
634,363,1.116837,84109
635,363,1.089013,84224
635,364,-0.98025,84289
636,364,1.176,84354
637,364,1.093186,84464
637,365,-1.000272,84519
638,365,1.091471,84629
639,365,1.09232,84739
640,365,1.100738,84839
641,365,1.176,84904
642,365,1.077554,85079
643,365,1.089013,85194
644,365,1.105957,85314
645,365,1.107255,85409
645,366,-0.98025,85469
645,367,-0.98025,85544
645,368,-1.000272,85604
645,369,-1.000272,85654
646,369,1.091471,85764
647,369,1.07015,85909
648,369,1.107255,86004
648,370,-1.000272,86099
649,370,1.117375,86184
650,370,1.103894,86284
650,371,-1.000272,86324
651,371,1.156736,86399
651,372,-0.98025,86499
651,373,-1.000272,86554
652,373,1.081695,86679
652,374,-1.000272,86754
653,374,1.131307,86834
653,375,-1.000272,86884
653,376,-1.000272,86969
654,376,1.117375,87054
655,376,1.11467,87144
656,376,1.138616,87219
656,377,-1.000272,87289
656,378,-1.000272,87374
656,379,-1.000272,87429
657,379,1.083853,87589
657,380,-1.000272,87644
657,381,-1.000272,87759
657,382,-1.000272,87834
657,383,-1.000272,87919
658,383,1.136714,87994
659,383,1.136029,88084
660,383,1.087447,88199
661,383,1.106707,88314
662,383,1.095881,88419
663,383,1.12631,88499
664,383,1.095881,88604
665,383,1.10282,88704
665,384,-1.000272,88764
666,384,1.10282,88864
667,384,1.127277,88959
668,384,1.133386,89049
669,384,1.113364,89139
670,384,1.175166,89199
671,384,1.085198,89319
672,384,1.097269,89449
673,384,1.142585,89519
674,384,1.127933,89599
675,384,1.154885,89674
675,385,-0.98025,89759
676,385,1.12076,89859
677,385,1.09232,89969
678,385,1.138798,90054
679,385,1.097875,90184
680,385,1.151243,90254
681,385,1.076651,90384
681,386,-0.98025,90444
681,387,-1.000272,90514
682,387,1.089013,90629
682,388,-0.98025,90754
682,389,-0.98025,90839
682,390,-0.98025,90934
683,390,1.097767,91039
684,390,1.116007,91129
684,391,-1.000272,91184
685,391,1.091471,91294
685,392,-0.98025,91374
685,393,-0.98025,91439
685,394,-0.98025,91504
686,394,1.155978,91569
686,395,-1.000272,91654
687,395,1.077853,91784
688,395,1.054372,91969
688,396,-0.98025,92044
688,397,-0.98025,92094
689,397,1.091179,92234
689,398,-1.000272,92279
690,398,1.140232,92364
691,398,1.096815,92469
691,399,-1.000272,92589
692,399,1.10282,92689
693,399,1.089818,92804
693,400,-1.000272,92889
693,401,-1.000272,93004
693,402,-1.000272,93084
693,403,-0.98025,93154
694,403,1.093186,93264
695,403,1.083061,93384
696,403,1.09232,93494
697,403,1.086684,93609
697,404,-1.000272,93664
698,404,1.134863,93739
699,404,1.116007,93829
700,404,1.094966,93934
701,404,1.13211,94024
702,404,1.077247,94154
703,404,1.131307,94234
704,404,1.109618,94329
705,404,1.07015,94474
705,405,-1.000272,94589
706,405,1.127933,94669
706,406,-0.98025,94709
707,406,1.11467,94799
707,407,-1.000272,94874
708,407,1.099115,95004
708,408,-1.000272,95089
708,409,-1.000272,95154
709,409,1.123184,95239
709,410,-1.000272,95304
710,410,1.11467,95394
710,411,-1.000272,95509
711,411,1.102395,95634
712,411,1.134863,95709
712,412,-0.98025,95834
713,412,1.143207,95919
714,412,1.10282,96019
714,413,-1.000272,96139
715,413,1.117375,96224
716,413,1.109618,96319
717,413,1.101717,96444
718,413,1.144655,96514
719,413,1.102395,96639
720,413,1.095881,96744
720,414,-1.000272,96814
720,415,-1.000272,96864
721,415,1.10282,96964
721,416,-1.000272,97014
721,417,-1.000272,97104
722,417,1.118775,97189
722,418,-0.98025,97264
723,418,1.094966,97369
723,419,-0.98025,97504
724,419,1.083853,97664
724,420,-1.000272,97719
724,421,-0.98025,97799
725,421,1.089818,97914
726,421,1.121679,97999
727,421,1.136714,98074
727,422,-1.000272,98149
728,422,1.09849,98279
728,423,-0.98025,98359
729,423,1.115904,98464
729,424,-1.000272,98554
729,425,-1.000272,98619
730,425,1.079728,98744
731,425,1.127933,98824
732,425,1.117375,98909
733,425,1.090637,99019
734,425,1.077247,99149
734,426,-0.98025,99219
735,426,1.100395,99344
736,426,1.046897,99559
737,426,1.096815,99664
738,426,1.095881,99769
739,426,1.082372,99894
739,427,-1.000272,99969
739,427,-5.448073E-05,100010
739,428,-0.98025,100090
740,428,1.133061,100165
740,429,-1.000272,100235
741,429,1.134863,100310
741,430,-1.000272,100405
741,431,-1.000272,100525
742,431,1.142585,100595
742,432,-0.98025,100670
742,433,-1.000272,100750
742,434,-1.000272,100830
742,435,-1.000272,100890
742,436,-1.000272,101000
743,436,1.129598,101080
744,436,1.111493,101190
745,436,1.100738,101290
745,437,-1.000272,101385
746,437,1.112087,101475
746,438,-0.98025,101545
747,438,1.153083,101620
748,438,1.098737,101725
748,439,-1.000272,101790
748,440,-1.000272,101865
749,440,1.131307,101945
749,441,-1.000272,102030
750,441,1.086684,102145
751,441,1.07065,102290
751,442,-0.98025,102360
752,442,1.111493,102470
753,442,1.114988,102575
754,442,1.118775,102660
755,442,1.103894,102760
756,442,1.155978,102825
756,443,-1.000272,102890
757,443,1.171265,102960
758,443,1.099115,103090
758,444,-1.000272,103160
759,444,1.097269,103290
760,444,1.183684,103355
761,444,1.155978,103420
762,444,1.130861,103510
763,444,1.123184,103595
764,444,1.091471,103705
765,444,1.104991,103800
765,445,-1.000272,103910
766,445,1.091471,104020
766,446,-1.000272,104130
767,446,1.12631,104210
768,446,1.089818,104325
768,447,-0.98025,104370
769,447,1.087447,104485
770,447,1.107255,104580
770,448,-1.000272,104665
770,449,-1.000272,104725
770,450,-1.000272,104840
771,450,1.11876,104945
772,450,1.113208,105055
772,451,-1.000272,105135
773,451,1.128446,105230
774,451,1.07015,105375
775,451,1.098737,105480
776,451,1.091471,105590
777,451,1.075485,105725
778,451,1.090637,105835
779,451,1.11467,105925
779,452,-1.000272,105995
779,453,-0.98025,106040
780,453,1.076651,106170
781,453,1.109036,106285
782,453,1.123184,106370
782,454,-0.98025,106500
783,454,1.097767,106605
783,455,-1.000272,106670
783,456,-0.98025,106855
784,456,1.108423,106950
784,457,-1.000272,107010
784,458,-1.000272,107045
784,459,-0.98025,107115
784,460,-1.000272,107245
784,461,-0.98025,107350
785,461,1.11409,107460
785,462,-1.000272,107510
786,462,1.108423,107605
787,462,1.073802,107740
788,462,1.110839,107830
789,462,1.088223,107945
789,463,-1.000272,108045
790,463,1.173596,108110
791,463,1.098737,108215
791,464,-1.000272,108280
791,465,-0.98025,108370
792,465,1.107255,108465
793,465,1.104991,108560
794,465,1.063422,108720
795,465,1.131307,108800
795,466,-1.000272,108880
796,466,1.12631,108960
796,467,-1.000272,109020
796,468,-1.000272,109090
797,468,1.076064,109225
798,468,1.095508,109360
799,468,1.088223,109475
800,468,1.068221,109625
800,469,-1.000272,109695
801,469,1.138616,109770
802,469,1.07272,109910
803,469,1.11975,110010
804,469,1.153083,110085
804,470,-1.000272,110170
804,471,-1.000272,110230
805,471,1.13211,110320
805,472,-0.98025,110410
806,472,1.113208,110520
807,472,1.136029,110610
808,472,1.146786,110680
808,473,-0.98025,110740
808,474,-0.98025,110875
809,474,1.099728,110975
810,474,1.172141,111035
811,474,1.113208,111145
812,474,1.093186,111255
813,474,1.14962,111335
814,474,1.134863,111410
815,474,1.136714,111485
816,474,1.158639,111560
817,474,1.127933,111640
818,474,1.077247,111770
819,474,1.14475,111850
819,475,-0.98025,111935
820,475,1.133386,112025
821,475,1.127277,112120
822,475,1.094067,112230
823,475,1.099728,112330
823,476,-1.000272,112425
824,476,1.079093,112555
824,477,-1.000272,112615
825,477,1.124728,112695
826,477,1.085198,112815
827,477,1.138798,112900
827,478,-1.000272,112955
828,478,1.104991,113050
829,478,1.146786,113120
830,478,1.094067,113230
831,478,1.101768,113330
832,478,1.116007,113420
832,479,-0.98025,113490
833,479,1.156736,113565
833,480,-1.000272,113640
834,480,1.123917,113740
835,480,1.169219,113800
836,480,1.110839,113890
837,480,1.134863,113965
838,480,1.116007,114055
839,480,1.109618,114150
840,480,1.101768,114250
841,480,1.161018,114315
841,481,-1.000272,114400
842,481,1.11409,114510
843,481,1.133061,114585
844,481,1.123917,114685
845,481,1.089013,114800
845,482,-1.000272,114925
846,482,1.117375,115010
846,483,-1.000272,115100
846,484,-0.98025,115145
847,484,1.128446,115240
848,484,1.10522,115360
848,485,-0.98025,115460
849,485,1.086864,115610
849,486,-1.000272,115675
849,487,-1.000272,115780
849,488,-0.98025,115855
850,488,1.101717,115980
850,489,-1.000272,116045
851,489,1.104991,116140
851,490,-1.000272,116220
851,491,-0.98025,116295
851,492,-0.98025,116350
852,492,1.133061,116425
853,492,1.155978,116490
854,492,1.081695,116615
855,492,1.146332,116695
856,492,1.059608,116865
856,493,-1.000272,116950
856,494,-1.000272,117020
857,494,1.11467,117110
858,494,1.095881,117215
859,494,1.103894,117315
859,495,-1.000272,117400
860,495,1.124728,117480
861,495,1.117375,117565
862,495,1.13211,117655
862,496,-0.98025,117730
863,496,1.162607,117800
864,496,1.096815,117905
865,496,1.088223,118020
866,496,1.09849,118150
867,496,1.10282,118250
868,496,1.109618,118345
869,496,1.148981,118415
870,496,1.186417,118475
871,496,1.106111,118570
872,496,1.11876,118675
873,496,1.084473,118795
873,497,-1.000272,118865
874,497,1.100738,118965
875,497,1.11467,119055
875,498,-0.98025,119125
875,499,-1.000272,119190
876,499,1.140573,119265
877,499,1.110839,119355
878,499,1.146332,119435
879,499,1.12631,119515
879,500,-0.98025,119565
880,500,1.153083,119640
881,500,1.101768,119740
881,501,-1.000272,119795
882,501,1.101768,119895
883,501,1.101051,120020
884,501,1.094966,120125
885,501,1.101768,120225
886,501,1.13211,120315
886,502,-1.000272,120390
887,502,1.107255,120485
887,503,-1.000272,120555
888,503,1.094067,120665
889,503,1.131307,120745
889,504,-1.000272,120810
890,504,1.076651,120940
891,504,1.11975,121040
892,504,1.069658,121185
893,504,1.097767,121290
894,504,1.116007,121380
894,505,-1.000272,121475
895,505,1.138616,121550
896,505,1.129598,121630
897,505,1.14475,121710
898,505,1.083761,121830
899,505,1.086684,121945
900,505,1.138616,122020
901,505,1.117375,122105
901,506,-1.000272,122220
902,506,1.076064,122355
903,506,1.121679,122440
904,506,1.088223,122555
905,506,1.106707,122670
906,506,1.109618,122765
907,506,1.106111,122860
908,506,1.133061,122935
908,507,-1.000272,123025
908,508,-1.000272,123105
909,508,1.104991,123200
910,508,1.161018,123265
910,509,-0.98025,123305
911,509,1.10282,123405
912,509,1.099728,123505
913,509,1.082372,123630
914,509,1.166394,123690
915,509,1.108423,123785
916,509,1.085935,123905
917,509,1.118775,123990
917,510,-1.000272,124050
917,511,-0.98025,124125
918,511,1.107255,124220
919,511,1.117375,124305
920,511,1.142585,124375
920,512,-1.000272,124470
920,513,-1.000272,124560
921,513,1.085935,124680
921,514,-1.000272,124740
922,514,1.097767,124845
923,514,1.075485,124980
923,514,-5.448073E-05,125011
923,515,-1.000272,125081
924,515,1.124728,125161
925,515,1.12964,125256
926,515,1.113364,125346
926,516,-1.000272,125416
927,516,1.125013,125511
927,517,-0.98025,125576
927,518,-1.000272,125646
928,518,1.126133,125741
929,518,1.123184,125826
929,519,-1.000272,125911
930,519,1.127933,125991
930,520,-0.98025,126076
930,521,-0.98025,126136
930,522,-1.000272,126211
931,522,1.148981,126281
932,522,1.153083,126356
933,522,1.160595,126431
934,522,1.110839,126521
935,522,1.093186,126631
936,522,1.116007,126721
936,523,-1.000272,126816
937,523,1.089818,126931
938,523,1.124728,127011
938,524,-0.98025,127091
938,525,-0.98025,127166
938,526,-1.000272,127226
938,527,-1.000272,127296
939,527,1.112087,127386
939,528,-0.98025,127476
940,528,1.083061,127596
940,529,-1.000272,127671
941,529,1.108423,127766
942,529,1.112087,127856
942,530,-0.98025,127931
943,530,1.103894,128031
944,530,1.082372,128156
945,530,1.103894,128256
946,530,1.134863,128331
946,531,-0.98025,128391
947,531,1.076064,128526
948,531,1.077853,128656
948,532,-0.98025,128711
948,533,-1.000272,128771
949,533,1.117789,128876
949,534,-1.000272,128961
950,534,1.082372,129086
951,534,1.123917,129186
951,535,-1.000272,129251
952,535,1.108423,129346
952,536,-1.000272,129401
953,536,1.093186,129511
954,536,1.07963,129681
955,536,1.108423,129776
956,536,1.117375,129861
956,537,-1.000272,129901
956,538,-1.000272,130031
957,538,1.107255,130126
958,538,1.124728,130206
959,538,1.096815,130311
959,539,-1.000272,130376
959,540,-1.000272,130436
960,540,1.153083,130511
961,540,1.123917,130611
962,540,1.106111,130706
963,540,1.17848,130771
963,541,-1.000272,130846
963,542,-0.98025,130881
963,543,-0.98025,130941
964,543,1.096815,131046
965,543,1.108423,131141
966,543,1.113364,131231
967,543,1.094966,131336
967,544,-1.000272,131396
968,544,1.094966,131501
969,544,1.083061,131621
970,544,1.097767,131726
971,544,1.141701,131811
971,545,-1.000272,131891
972,545,1.124728,131971
973,545,1.12021,132056
974,545,1.183684,132121
975,545,1.123917,132221
975,546,-1.000272,132346
976,546,1.081028,132471
977,546,1.107255,132566
977,547,-1.000272,132626
978,547,1.106111,132721
978,548,-1.000272,132791
979,548,1.127933,132871
979,549,-1.000272,132936
980,549,1.156736,133011
980,550,-1.000272,133111
980,551,-0.98025,133211
981,551,1.123917,133311
981,552,-0.98025,133376
981,553,-1.000272,133436
981,554,-1.000272,133496
981,555,-1.000272,133561
982,555,1.124728,133641
982,556,-1.000272,133751
983,556,1.109618,133846
984,556,1.127277,133941
985,556,1.107255,134036
985,557,-1.000272,134096
986,557,1.121791,134196
987,557,1.074916,134331
988,557,1.084473,134451
989,557,1.093186,134561
990,557,1.085198,134681
990,558,-0.98025,134781
991,558,1.080373,134906
991,559,-0.98025,134951
992,559,1.13211,135041
993,559,1.099728,135141
994,559,1.079728,135266
995,559,1.085198,135386
995,560,-1.000272,135481
996,560,1.086684,135596
996,561,-1.000272,135656
997,561,1.090637,135766
997,562,-1.000272,135841
997,563,-0.98025,135906
997,564,-0.98025,135971
997,565,-1.000272,136066
998,565,1.169219,136126
999,565,1.106111,136221
999,566,-0.98025,136271
1000,566,1.134863,136346
1000,567,-0.98025,136411
1000,568,-1.000272,136486
1000,569,-1.000272,136551
1000,570,-1.000272,136601
1000,571,-1.000272,136661
1000,572,-0.98025,136746
1001,572,1.083061,136866
1001,573,-1.000272,136941
1002,573,1.097767,137046
1003,573,1.122843,137146
1004,573,1.118775,137231
1004,574,-1.000272,137301
1005,574,1.099728,137401
1005,575,-1.000272,137456
1006,575,1.129598,137536
1006,576,-1.000272,137606
1007,576,1.101768,137706
1008,576,1.098737,137811
1009,576,1.095881,137916
1010,576,1.12021,138001
1010,577,-1.000272,138056
1010,578,-0.98025,138141
1010,579,-1.000272,138251
1011,579,1.146786,138321
1012,579,1.127933,138401
1012,580,-1.000272,138516
1013,580,1.083061,138636
1014,580,1.104496,138756
1015,580,1.103894,138856
1015,581,-0.98025,138956
1016,581,1.121679,139041
1017,581,1.11876,139146
1018,581,1.117789,139251
1018,582,-1.000272,139331
1018,583,-0.98025,139406
1019,583,1.056546,139586
1020,583,1.114988,139691
1021,583,1.098737,139796
1021,584,-0.98025,139881
1022,584,1.160595,139956
1022,585,-0.98025,140021
1023,585,1.101717,140146
1024,585,1.103894,140246
1024,586,-1.000272,140311
1025,586,1.113364,140401
1025,587,-1.000272,140481
1026,587,1.074916,140616
1026,588,-1.000272,140681
1026,589,-0.98025,140746
1027,589,1.110839,140836
1028,589,1.124728,140916
1029,589,1.104991,141011
1029,590,-1.000272,141091
1029,591,-1.000272,141151
1029,592,-1.000272,141196
1029,593,-0.98025,141266
1029,594,-1.000272,141336
1029,595,-1.000272,141441
1029,596,-1.000272,141496
1030,596,1.072191,141636
1031,596,1.099115,141766
1031,597,-1.000272,141861
1031,598,-1.000272,141941
1032,598,1.103784,142061
1033,598,1.161018,142126
1034,598,1.101768,142226
1035,598,1.121679,142311
1036,598,1.110659,142421
1037,598,1.11467,142511
1037,599,-0.98025,142576
1037,600,-1.000272,142701
1037,601,-0.98025,142766
1037,602,-1.000272,142826
1038,602,1.122843,142926
1038,603,-1.000272,143001
1039,603,1.084685,143156
1040,603,1.109618,143251
1041,603,1.144655,143321
1041,604,-1.000272,143386
1041,605,-1.000272,143511
1042,605,1.087447,143626
1042,606,-1.000272,143696
1043,606,1.112087,143786
1043,607,-1.000272,143876
1044,607,1.123184,143961
1044,608,-1.000272,144036
1044,609,-1.000272,144096
1045,609,1.123184,144181
1046,609,1.107469,144296
1046,610,-0.98025,144356
1046,611,-1.000272,144476
1046,612,-1.000272,144536
1047,612,1.112087,144626
1048,612,1.103894,144726
1048,613,-0.98025,144796
1049,613,1.127277,144891
1050,613,1.107255,144986
1051,613,1.078468,145116
1052,613,1.143207,145201
1052,614,-1.000272,145251
1053,614,1.09232,145361
1053,615,-1.000272,145441
1053,616,-1.000272,145506
1054,616,1.09232,145616
1054,617,-0.98025,145681
1055,617,1.091471,145791
1056,617,1.094377,145926
1056,618,-1.000272,146026
1057,618,1.128446,146121
1058,618,1.136714,146196
1058,619,-1.000272,146251
1058,620,-1.000272,146306
1059,620,1.108423,146401
1060,620,1.117375,146486
1061,620,1.123184,146571
1061,621,-0.98025,146661
1061,622,-1.000272,146721
1061,623,-0.98025,146816
1061,624,-1.000272,146891
1062,624,1.095881,146996
1062,625,-1.000272,147061
1062,626,-1.000272,147126
1063,626,1.134693,147216
1064,626,1.110839,147306
1065,626,1.13211,147396
1066,626,1.084473,147516
1067,626,1.069172,147661
1068,626,1.097767,147766
1069,626,1.117375,147851
1070,626,1.074999,148036
1071,626,1.13211,148126
1072,626,1.116837,148231
1072,627,-1.000272,148286
1072,628,-0.98025,148361
1072,629,-1.000272,148431
1072,630,-0.98025,148486
1072,631,-1.000272,148606
1073,631,1.138798,148691
1074,631,1.086684,148806
1075,631,1.093186,148916
1075,632,-1.000272,148986
1075,633,-1.000272,149051
1076,633,1.099728,149151
1076,634,-1.000272,149206
1077,634,1.12631,149286
1077,635,-1.000272,149416
1077,636,-1.000272,149491
1077,637,-1.000272,149596
1078,637,1.099728,149696
1079,637,1.11467,149786
1080,637,1.11409,149896
1081,637,1.094067,150006
1081,637,0.00395,150012
1082,637,1.14475,150092
1083,637,1.052638,150282
1083,638,-0.98025,150377
1083,639,-1.000272,150462
1084,639,1.055283,150642
1084,640,-0.98025,150772
1085,640,1.081695,150897
1085,641,-0.98025,150982
1086,641,1.10282,151082
1086,642,-0.98025,151197
1086,643,-1.000272,151297
1086,644,-0.98025,151402
1087,644,1.099728,151502
1087,645,-1.000272,151572
1088,645,1.097269,151702
1089,645,1.121679,151787
1089,646,-1.000272,151847
1090,646,1.151243,151917
1090,647,-1.000272,151977
1090,648,-1.000272,152092
1091,648,1.099728,152192
1092,648,1.128446,152287
1093,648,1.074916,152422
1094,648,1.088223,152537
1095,648,1.106111,152632
1096,648,1.089818,152747
1096,649,-0.98025,152812
1097,649,1.122843,152912
1097,650,-0.98025,152992
1097,651,-1.000272,153102
1097,652,-0.98025,153167
1098,652,1.127933,153247
1098,653,-0.98025,153292
1098,654,-1.000272,153372
1099,654,1.153083,153447
1100,654,1.131307,153527
1101,654,1.14962,153607
1101,655,-1.000272,153692
1101,656,-0.98025,153747
1101,657,-0.98025,153842
1102,657,1.103894,153942
1103,657,1.123184,154027
1104,657,1.105957,154147
1105,657,1.138798,154232
1105,658,-1.000272,154297
1105,659,-0.98025,154352
1106,659,1.128446,154447
1106,660,-1.000272,154517
1106,661,-1.000272,154587
1106,662,-0.98025,154687
1107,662,1.113364,154777
1107,663,-1.000272,154867
1107,664,-1.000272,154927
1108,664,1.094966,155032
1109,664,1.07272,155172
1109,665,-0.98025,155232
1110,665,1.095881,155337
1111,665,1.148981,155407
1112,665,1.142585,155477
1113,665,1.138798,155562
1113,666,-1.000272,155637
1114,666,1.086684,155752
1114,667,-1.000272,155787
1115,667,1.104991,155882
1115,668,-1.000272,155962
1115,669,-1.000272,156022
1116,669,1.084473,156142
1117,669,1.084473,156262
1117,670,-1.000272,156322
1117,671,-1.000272,156382
1117,672,-0.98025,156447
1118,672,1.12076,156547
1118,673,-0.98025,156627
1119,673,1.110839,156717
1119,674,-0.98025,156787
1120,674,1.124728,156867
1121,674,1.115904,156972
1121,675,-1.000272,157082
1122,675,1.081695,157207
1122,676,-0.98025,157277
1123,676,1.095881,157382
1124,676,1.133386,157472
1125,676,1.085198,157592
1126,676,1.104496,157712
1127,676,1.10984,157827
1128,676,1.110839,157917
1129,676,1.11467,158007
1129,677,-1.000272,158067
1130,677,1.103894,158167
1130,678,-1.000272,158227
1130,679,-1.000272,158322
1130,680,-1.000272,158387
1130,681,-0.98025,158437
1130,682,-0.98025,158517
1131,682,1.099728,158617
1132,682,1.127277,158712
1133,682,1.094067,158822
1134,682,1.12964,158917
1135,682,1.085935,159037
1136,682,1.110839,159127
1136,683,-0.98025,159197
1136,684,-1.000272,159257
1136,685,-0.98025,159357
1137,685,1.10984,159472
1137,686,-0.98025,159587
1137,687,-1.000272,159647
1138,687,1.169004,159717
1139,687,1.085539,159872
1139,688,-0.98025,159927
1139,689,-1.000272,160042
1140,689,1.121679,160127
1141,689,1.101768,160227
1142,689,1.12631,160307
1142,690,-1.000272,160367
1142,691,-1.000272,160422
1143,691,1.094966,160527
1144,691,1.109036,160642
1145,691,1.081695,160767
1146,691,1.093186,160877
1147,691,1.091471,160987
1147,692,-0.98025,161047
1148,692,1.117375,161132
1149,692,1.078468,161262
1150,692,1.111493,161372
1150,693,-1.000272,161432
1150,694,-0.98025,161497
1150,695,-1.000272,161557
1151,695,1.094966,161662
1151,696,-1.000272,161792
1152,696,1.093186,161902
1152,697,-1.000272,161982
1152,698,-0.98025,162092
1152,699,-0.98025,162162
1152,700,-1.000272,162207
1153,700,1.107255,162302
1153,701,-0.98025,162377
1154,701,1.085198,162497
1154,702,-0.98025,162562
1154,703,-0.98025,162632
1155,703,1.094938,162767
1156,703,1.123184,162852
1157,703,1.121791,162952
1157,704,-0.98025,163032
1157,705,-1.000272,163107
1157,706,-1.000272,163192
1157,707,-0.98025,163262
1157,708,-0.98025,163327
1157,709,-0.98025,163382
1158,709,1.098737,163487
1159,709,1.116007,163577
1160,709,1.121679,163662
1160,710,-0.98025,163732
1161,710,1.11975,163832
1162,710,1.127277,163927
1163,710,1.12631,164007
1164,710,1.116007,164097
1165,710,1.107255,164192
1165,711,-1.000272,164262
1166,711,1.110839,164352
1167,711,1.103894,164452
1167,712,-0.98025,164527
1167,713,-1.000272,164607
1167,714,-0.98025,164682
1167,715,-1.000272,164802
1168,715,1.12021,164887
1169,715,1.117789,164992
1170,715,1.079274,165162
1171,715,1.108423,165257
1172,715,1.103894,165357
1173,715,1.163662,165422
1174,715,1.143207,165507
1174,716,-1.000272,165567
1174,717,-1.000272,165607
1174,718,-1.000272,165667
1175,718,1.113364,165757
1176,718,1.088223,165872
1177,718,1.110839,165962
1178,718,1.123917,166062
1179,718,1.162607,166132
1180,718,1.140573,166207
1180,719,-1.000272,166332
1180,720,-0.98025,166452
1181,720,1.098737,166557
1182,720,1.085935,166677
1182,721,-1.000272,166747
1183,721,1.130861,166837
1183,722,-1.000272,166922
1184,722,1.154885,166997
1185,722,1.106111,167092
1186,722,1.14475,167172
1186,723,-0.98025,167247
1186,724,-1.000272,167322
1187,724,1.113364,167412
1187,725,-1.000272,167477
1188,725,1.14962,167557
1189,725,1.121679,167642
1190,725,1.154885,167717
1190,726,-0.98025,167782
1191,726,1.141701,167867
1192,726,1.087447,167982
1193,726,1.134863,168057
1193,727,-1.000272,168117
1194,727,1.085935,168237
1195,727,1.127277,168332
1196,727,1.11467,168422
1197,727,1.100738,168522
1197,728,-1.000272,168607
1198,728,1.14962,168687
1198,729,-0.98025,168742
1199,729,1.104991,168837
1199,730,-1.000272,168892
1199,731,-0.98025,168962
1200,731,1.101768,169062
1201,731,1.109618,169157
1201,732,-0.98025,169222
1202,732,1.123184,169307
1203,732,1.091471,169417
1204,732,1.142585,169487
1205,732,1.106111,169582
1206,732,1.110839,169672
1207,732,1.113364,169762
1207,733,-1.000272,169832
1207,734,-1.000272,169922
1207,735,-1.000272,170022
1207,736,-0.98025,170142
1207,737,-1.000272,170212
1207,738,-0.98025,170277
1208,738,1.13211,170367
1208,739,-0.98025,170442
1209,739,1.068693,170587
1209,740,-1.000272,170657
1209,741,-0.98025,170712
1209,742,-1.000272,170782
1210,742,1.141701,170867
1210,743,-1.000272,170942
1211,743,1.11467,171032
1212,743,1.089013,171147
1213,743,1.14475,171227
1213,744,-1.000272,171312
1213,745,-1.000272,171382
1214,745,1.083761,171502
1214,746,-1.000272,171602
1214,747,-1.000272,171677
1214,748,-1.000272,171737
1214,749,-1.000272,171802
1215,749,1.124728,171882
1215,750,-0.98025,171942
1215,751,-0.98025,172007
1215,752,-1.000272,172097
1216,752,1.137397,172182
1217,752,1.09232,172292
1217,753,-1.000272,172422
1218,753,1.106111,172517
1219,753,1.097767,172622
1220,753,1.140232,172707
1220,754,-1.000272,172787
1221,754,1.103083,172907
1222,754,1.116007,172997
1222,755,-0.98025,173067
1222,756,-1.000272,173147
1223,756,1.127277,173242
1223,757,-1.000272,173307
1224,757,1.134863,173382
1224,758,-1.000272,173447
1225,758,1.131307,173527
1225,759,-1.000272,173577
1225,760,-1.000272,173672
1225,761,-1.000272,173747
1225,762,-0.98025,173832
1226,762,1.13211,173922
1226,763,-1.000272,173992
1226,764,-1.000272,174077
1227,764,1.129598,174157
1228,764,1.146786,174227
1229,764,1.11467,174317
1230,764,1.086684,174432
1231,764,1.12631,174512
1232,764,1.074355,174647
1233,764,1.090637,174757
1234,764,1.098737,174862
1235,764,1.116837,174967
1235,764,0.00395,175013
1236,764,1.151243,175083
1237,764,1.099728,175183
1237,765,-1.000272,175243
1237,766,-1.000272,175308
1237,767,-1.000272,175423
1238,767,1.110839,175513
1239,767,1.101768,175613
1240,767,1.096815,175718
1240,768,-0.98025,175773
1240,769,-1.000272,175838
1241,769,1.156736,175913
1241,770,-1.000272,175973
1242,770,1.138616,176048
1243,770,1.12021,176133
1244,770,1.078468,176263
1244,771,-0.98025,176333
1245,771,1.117789,176438
1245,772,-0.98025,176523
1245,773,-1.000272,176588
1246,773,1.118775,176673
1246,774,-1.000272,176738
1246,775,-0.98025,176813
1247,775,1.144655,176883
1248,775,1.117375,176968
1249,775,1.116837,177073
1249,776,-1.000272,177168
1250,776,1.076064,177303
1251,776,1.144655,177373
1252,776,1.126133,177468
1253,776,1.121679,177553
1253,777,-1.000272,177613
1254,777,1.140573,177688
1254,778,-1.000272,177793
1254,779,-1.000272,177863
1255,779,1.104991,177958
1255,780,-1.000272,178043
1255,781,-1.000272,178118
1255,782,-1.000272,178208
1256,782,1.121679,178293
1256,783,-0.98025,178363
1257,783,1.110839,178453
1258,783,1.156736,178528
1258,784,-0.98025,178588
1258,785,-0.98025,178653
1259,785,1.13211,178743
1260,785,1.146786,178813
1260,786,-0.98025,178863
1260,787,-0.98025,178948
1260,788,-1.000272,179028
1260,789,-1.000272,179113
1261,789,1.121791,179213
1261,790,-1.000272,179283
1261,791,-1.000272,179348
1261,792,-1.000272,179413
1262,792,1.095881,179518
1262,793,-0.98025,179623
1262,794,-1.000272,179708
1262,795,-0.98025,179763
1262,796,-1.000272,179828
1263,796,1.096815,179933
1263,797,-1.000272,180013
1263,798,-1.000272,180088
1264,798,1.117789,180193
1265,798,1.112087,180283
1266,798,1.086684,180398
1266,799,-1.000272,180468
1267,799,1.106111,180563
1267,800,-0.98025,180623
1267,801,-1.000272,180703
1268,801,1.07167,180843
1268,802,-1.000272,180908
1269,802,1.110839,180998
1269,803,-0.98025,181053
1269,804,-0.98025,181118
1270,804,1.112087,181208
1271,804,1.104991,181303
1271,805,-1.000272,181433
1271,806,-0.98025,181488
1272,806,1.122843,181588
1273,806,1.11467,181678
1274,806,1.11876,181783
1274,807,-1.000272,181858
1275,807,1.09232,181968
1275,808,-1.000272,182028
1276,808,1.138798,182113
1277,808,1.109036,182228
1278,808,1.107255,182323
1279,808,1.146786,182393
1280,808,1.12021,182478
1280,809,-1.000272,182553
1280,810,-0.98025,182623
1280,811,-1.000272,182698
1280,812,-1.000272,182753
1280,813,-1.000272,182813
1280,814,-1.000272,182938
1281,814,1.104496,183058
1281,815,-1.000272,183113
1282,815,1.107255,183208
1282,816,-0.98025,183268
1283,816,1.164678,183338
1284,816,1.117789,183443
1284,817,-0.98025,183488
1285,817,1.133386,183578
1285,818,-0.98025,183643
1285,819,-0.98025,183723
1285,820,-1.000272,183803
1285,821,-0.98025,183878
1285,822,-0.98025,183943
1286,822,1.088243,184093
1286,823,-1.000272,184153
1287,823,1.14475,184233
1288,823,1.09975,184358
1288,824,-1.000272,184478
1288,825,-1.000272,184538
1288,826,-1.000272,184618
1288,827,-1.000272,184688
1289,827,1.117375,184773
1289,828,-1.000272,184848
1290,828,1.138616,184923
1291,828,1.101768,185023
1291,829,-1.000272,185078
1292,829,1.118775,185163
1293,829,1.134863,185238
1294,829,1.093824,185373
1294,830,-0.98025,185463
1294,831,-1.000272,185543
1295,831,1.090637,185653
1295,832,-0.98025,185718
1295,833,-0.98025,185793
1296,833,1.131307,185873
1297,833,1.115904,185978
1297,834,-0.98025,186048
1298,834,1.107255,186143
1298,835,-0.98025,186278
1298,836,-1.000272,186343
1299,836,1.076651,186473
1300,836,1.146786,186543
1300,837,-1.000272,186608
1300,838,-1.000272,186673
1300,839,-1.000272,186793
1300,840,-0.98025,186858
1300,841,-1.000272,186908
1301,841,1.085198,187028
1302,841,1.101768,187128
1302,842,-0.98025,187188
1303,842,1.103894,187288
1304,842,1.09232,187398
1304,843,-1.000272,187453
1305,843,1.097767,187558
1306,843,1.117375,187643
1306,844,-1.000272,187788
1307,844,1.107255,187883
1307,845,-0.98025,187938
1308,845,1.11975,188038
1309,845,1.09232,188148
1309,846,-1.000272,188203
1309,847,-1.000272,188288
1310,847,1.153083,188363
1310,848,-1.000272,188448
1311,848,1.113208,188558
1312,848,1.129598,188638
1313,848,1.118775,188723
1313,849,-0.98025,188778
1313,850,-0.98025,188853
1314,850,1.117375,188938
1314,851,-0.98025,189013
1315,851,1.094067,189123
1315,852,-1.000272,189173
1315,853,-1.000272,189228
1316,853,1.080373,189353
1317,853,1.103894,189453
1318,853,1.100738,189553
1318,854,-1.000272,189628
1318,855,-1.000272,189703
1319,855,1.117375,189788
1320,855,1.127277,189883
1321,855,1.108246,189998
1322,855,1.127933,190078
1323,855,1.104496,190198
1323,856,-1.000272,190278
1324,856,1.141701,190363
1324,857,-0.98025,190448
1325,857,1.105957,190568
1326,857,1.12076,190668
1326,858,-1.000272,190788
1326,859,-1.000272,190843
1327,859,1.103894,190943
1328,859,1.113364,191033
1329,859,1.123917,191133
1329,860,-1.000272,191188
1330,860,1.108423,191283
1330,861,-0.98025,191333
1330,862,-1.000272,191428
1330,863,-1.000272,191498
1331,863,1.125013,191593
1331,864,-0.98025,191658
1331,865,-0.98025,191723
1331,866,-1.000272,191803
1332,866,1.112343,191913
1333,866,1.110839,192003
1334,866,1.103083,192123
1335,866,1.108423,192218
1335,867,-0.98025,192288
1336,867,1.126133,192383
1336,868,-1.000272,192448
1337,868,1.082372,192573
1338,868,1.078468,192703
1338,869,-0.98025,192743
1338,870,-1.000272,192838
1338,871,-1.000272,192908
1339,871,1.12964,193003
1340,871,1.104991,193098
1341,871,1.107255,193193
1341,872,-0.98025,193273
1342,872,1.086684,193388
1342,873,-1.000272,193458
1342,874,-1.000272,193533
1343,874,1.100738,193633
1343,875,-0.98025,193698
1344,875,1.107469,193813
1345,875,1.116007,193903
1346,875,1.118775,193988
1347,875,1.127277,194083
1347,876,-1.000272,194163
1347,877,-1.000272,194278
1347,878,-1.000272,194378
1347,879,-1.000272,194428
1348,879,1.138798,194513
1348,880,-1.000272,194568
1349,880,1.091471,194678
1350,880,1.124728,194758
1351,880,1.146786,194828
1352,880,1.14962,194908
1352,881,-0.98025,194973
1353,881,1.081695,195098
1353,882,-1.000272,195143
1354,882,1.121791,195243
1355,882,1.146332,195323
1356,882,1.085935,195443
1356,883,-0.98025,195533
1356,884,-1.000272,195603
1356,885,-0.98025,195658
1357,885,1.101768,195758
1357,886,-1.000272,195828
1358,886,1.109036,195943
1359,886,1.12631,196023
1360,886,1.074916,196158
1361,886,1.083061,196278
1362,886,1.110659,196388
1363,886,1.077247,196518
1364,886,1.10282,196618
1364,887,-1.000272,196688
1365,887,1.108423,196783
1366,887,1.076651,196913
1366,888,-0.98025,196973
1366,889,-1.000272,197038
1367,889,1.10282,197138
1368,889,1.109618,197233
1369,889,1.160595,197308
1370,889,1.088243,197458
1371,889,1.103894,197558
1371,890,-1.000272,197623
1371,891,-0.98025,197683
1372,891,1.099728,197783
1372,892,-1.000272,197848
1373,892,1.10282,197948
1373,893,-0.98025,198058
1374,893,1.104991,198153
1375,893,1.088223,198268
1376,893,1.121679,198353
1376,894,-0.98025,198438
1377,894,1.131307,198518
1377,895,-1.000272,198663
1378,895,1.151329,198743
1378,896,-0.98025,198838
1379,896,1.112087,198928
1380,896,1.11467,199018
1381,896,1.118775,199103
1381,897,-0.98025,199163
1381,898,-1.000272,199233
1381,899,-1.000272,199313
1381,900,-1.000272,199373
1381,901,-1.000272,199468
1382,901,1.116837,199573
1382,902,-0.98025,199638
1383,902,1.14475,199718
1383,903,-1.000272,199843
1384,903,1.104991,199938
1384,904,-1.000272,200008
1384,904,-5.448073E-05,200014
1385,904,1.111493,200124
1386,904,1.114988,200229
1386,905,-0.98025,200304
1386,906,-1.000272,200359
1387,906,1.117789,200464
1387,907,-1.000272,200529
1387,908,-0.98025,200589
1387,909,-0.98025,200659
1388,909,1.094966,200764
1388,910,-0.98025,200849
1388,911,-0.98025,200954
1389,911,1.122843,201054
1389,912,-1.000272,201139
1389,913,-1.000272,201204
1389,914,-0.98025,201269
1390,914,1.11467,201359
1390,915,-1.000272,201459
1390,916,-0.98025,201529
1390,917,-1.000272,201604
1390,918,-0.98025,201664
1391,918,1.12021,201749
1392,918,1.127277,201844
1393,918,1.113364,201934
1394,918,1.140573,202009
1395,918,1.160595,202084
1395,919,-1.000272,202174
1395,920,-0.98025,202269
1396,920,1.094067,202379
1396,921,-1.000272,202454
1396,922,-0.98025,202504
1397,922,1.11409,202614
1397,923,-0.98025,202684
1398,923,1.11409,202794
1398,924,-0.98025,202869
1399,924,1.085935,202989
1399,925,-0.98025,203054
1400,925,1.106111,203149
1401,925,1.138798,203234
1401,926,-0.98025,203294
1402,926,1.088223,203409
1403,926,1.11467,203499
1403,927,-1.000272,203599
1403,928,-1.000272,203669
1403,929,-0.98025,203734
1403,930,-0.98025,203799
1403,931,-1.000272,203924
1403,932,-0.98025,203999
1403,933,-0.98025,204079
1403,934,-1.000272,204144
1403,935,-0.98025,204214
1403,936,-1.000272,204279
1404,936,1.099728,204379
1404,937,-1.000272,204454
1405,937,1.091471,204564
1405,938,-0.98025,204634
1406,938,1.121679,204719
1407,938,1.086684,204834
1407,939,-0.98025,204894
1407,940,-1.000272,204954
1407,941,-1.000272,204999
1407,942,-1.000272,205074
1407,943,-1.000272,205129
1407,944,-1.000272,205189
1408,944,1.098737,205294
1409,944,1.091471,205404
1409,945,-1.000272,205469
1409,946,-1.000272,205569
1409,947,-0.98025,205644
1410,947,1.121791,205744
1410,948,-1.000272,205804
1411,948,1.109618,205899
1411,949,-0.98025,205964
1412,949,1.093186,206074
1412,950,-1.000272,206149
1413,950,1.138616,206224
1413,951,-1.000272,206304
1414,951,1.113364,206394
1414,952,-1.000272,206434
1414,953,-1.000272,206494
1415,953,1.10282,206594
1415,954,-1.000272,206659
1415,955,-1.000272,206729
1415,956,-1.000272,206789
1415,957,-1.000272,206869
1416,957,1.097875,206999
1417,957,1.153083,207074
1417,958,-0.98025,207139
1417,959,-0.98025,207199
1418,959,1.115904,207304
1418,960,-0.98025,207389
1418,961,-0.98025,207459
1419,961,1.121679,207544
1420,961,1.095881,207649
1420,962,-0.98025,207704
1420,963,-0.98025,207774
1421,963,1.094067,207884
1422,963,1.121679,207969
1423,963,1.09232,208079
1424,963,1.121791,208179
1424,964,-1.000272,208239
1425,964,1.077247,208369
1426,964,1.137397,208454
1427,964,1.118775,208539
1427,965,-0.98025,208599
1428,965,1.10282,208699
1428,966,-1.000272,208759
1429,966,1.098737,208864
1430,966,1.098737,208969
1431,966,1.098737,209074
1431,967,-1.000272,209144
1432,967,1.136714,209219
1433,967,1.125013,209314
1433,968,-1.000272,209389
1433,969,-1.000272,209454
1433,970,-1.000272,209524
1434,970,1.116007,209614
1434,971,-1.000272,209689
1435,971,1.103894,209789
1435,972,-0.98025,209869
1435,973,-1.000272,209954
1436,973,1.098737,210059
1436,974,-0.98025,210139
1437,974,1.096815,210244
1438,974,1.114988,210349
1439,974,1.104991,210444
1440,974,1.101768,210544
1440,975,-1.000272,210624
1440,976,-0.98025,210709
1440,977,-1.000272,210779
1441,977,1.11467,210869
1441,978,-1.000272,210954
1441,979,-1.000272,211009
1442,979,1.09232,211119
1442,980,-0.98025,211179
1442,981,-0.98025,211254
1443,981,1.127933,211334
1444,981,1.121679,211419
1445,981,1.10282,211519
1445,982,-1.000272,211574
1445,983,-1.000272,211649
1446,983,1.099115,211779
1446,984,-1.000272,211839
1447,984,1.14475,211919
1448,984,1.11975,212019
1448,985,-1.000272,212094
1448,986,-1.000272,212194
1449,986,1.129598,212274
1450,986,1.099728,212374
1451,986,1.087447,212489
1451,987,-1.000272,212564
1452,987,1.075485,212699
1453,987,1.134693,212789
1454,987,1.104991,212884
1454,988,-1.000272,212969
1455,988,1.109618,213064
1455,989,-0.98025,213129
1455,990,-0.98025,213209
1455,991,-0.98025,213269
1456,991,1.116007,213359
1457,991,1.130861,213449
1458,991,1.095881,213554
1458,992,-0.98025,213624
1459,992,1.151329,213704
1460,992,1.123184,213789
1460,993,-1.000272,213899
1460,994,-0.98025,213959
1460,995,-1.000272,214034
1460,996,-0.98025,214104
1460,997,-1.000272,214169
1461,997,1.109036,214284
1461,998,-0.98025,214339
1461,999,-0.98025,214409
1462,999,1.100738,214509
1463,999,1.137397,214594
1463,1000,-0.98025,214719
1464,1000,1.091471,214829
1465,1000,1.128446,214924
1465,1001,-0.98025,214989
1466,1001,1.113364,215079
1467,1001,1.093186,215189
1467,1002,-0.98025,215249
1468,1002,1.104991,215344
1469,1002,1.118775,215429
1469,1003,-1.000272,215534
1470,1003,1.096815,215639
1470,1004,-0.98025,215739
1471,1004,1.126133,215834
1471,1005,-0.98025,215904
1471,1006,-1.000272,215974
1471,1007,-1.000272,216069
1471,1008,-0.98025,216184
1472,1008,1.106111,216279
1472,1009,-1.000272,216364
1472,1010,-1.000272,216464
1473,1010,1.118775,216549
1473,1011,-1.000272,216619
1474,1011,1.121791,216719
1475,1011,1.089818,216834
1475,1012,-1.000272,216909
1476,1012,1.127277,217004
1477,1012,1.11467,217094
1478,1012,1.093186,217204
1479,1012,1.129598,217284
1479,1013,-1.000272,217379
1480,1013,1.164678,217449
1481,1013,1.121791,217549
1481,1014,-0.98025,217619
1481,1015,-1.000272,217694
1482,1015,1.116007,217784
1483,1015,1.094966,217889
1484,1015,1.108246,218004
1484,1016,-1.000272,218064
1485,1016,1.113364,218154
1485,1017,-1.000272,218219
1486,1017,1.107255,218314
1486,1018,-1.000272,218379
1486,1019,-1.000272,218444
1486,1020,-1.000272,218519
1486,1021,-1.000272,218589
1486,1022,-1.000272,218644
1487,1022,1.094966,218749
1488,1022,1.107255,218844
1489,1022,1.12021,218929
1490,1022,1.12021,219014
1490,1023,-0.98025,219079
1490,1024,-0.98025,219144
1490,1025,-1.000272,219239
1491,1025,1.128446,219334
1492,1025,1.118775,219419
1493,1025,1.101768,219519
1493,1026,-0.98025,219614
1494,1026,1.100738,219714
1494,1027,-0.98025,219774
1495,1027,1.126133,219869
1495,1028,-0.98025,219934
1496,1028,1.137397,220019
1497,1028,1.125013,220114
1498,1028,1.113364,220204
1499,1028,1.133386,220294
1499,1029,-1.000272,220379
1499,1030,-1.000272,220464
1499,1031,-1.000272,220529
1500,1031,1.123184,220614
1501,1031,1.133061,220689
1502,1031,1.111493,220799
1503,1031,1.098737,220904
1503,1032,-1.000272,221004
1503,1033,-1.000272,221079
1503,1034,-1.000272,221134
1504,1034,1.098737,221239
1504,1035,-0.98025,221304
1504,1036,-0.98025,221374
1504,1037,-1.000272,221444
1504,1038,-1.000272,221509
1504,1039,-0.98025,221569
1505,1039,1.11467,221659
1505,1040,-0.98025,221734
1505,1041,-1.000272,221824
1506,1041,1.12631,221904
1507,1041,1.140232,221989
1507,1042,-1.000272,222074
1508,1042,1.12021,222159
1508,1043,-1.000272,222254
1508,1044,-1.000272,222314
1508,1045,-0.98025,222389
1509,1045,1.112087,222479
1509,1046,-1.000272,222544
1509,1047,-1.000272,222599
1510,1047,1.12631,222679
1511,1047,1.101717,222804
1512,1047,1.113364,222894
1512,1048,-1.000272,222964
1513,1048,1.085935,223084
1513,1049,-1.000272,223149
1513,1050,-1.000272,223289
1514,1050,1.133061,223364
1515,1050,1.110839,223454
1515,1051,-1.000272,223509
1516,1051,1.116007,223599
1516,1052,-0.98025,223664
1516,1053,-1.000272,223739
1516,1054,-1.000272,223824
1517,1054,1.136029,223914
1517,1055,-0.98025,223989
1518,1055,1.10282,224089
1518,1056,-1.000272,224149
1519,1056,1.112087,224239
1519,1057,-1.000272,224299
1519,1058,-1.000272,224354
1520,1058,1.082372,224479
1520,1059,-1.000272,224549
1520,1060,-0.98025,224619
1520,1061,-1.000272,224684
1520,1062,-1.000272,224764
1521,1062,1.094067,224874
1522,1062,1.133386,224964
1522,1063,-1.000272,225009
1522,1063,0.00395,225015
1523,1063,1.097767,225120
1523,1064,-0.98025,225180
1523,1065,-1.000272,225255
1523,1066,-0.98025,225315
1523,1067,-1.000272,225385
1523,1068,-0.98025,225445
1523,1069,-0.98025,225545
1523,1070,-1.000272,225605
1524,1070,1.113364,225695
1525,1070,1.106111,225790
1525,1071,-1.000272,225895
1525,1072,-0.98025,225980
1525,1073,-0.98025,226050
1526,1073,1.141701,226135
1526,1074,-1.000272,226190
1527,1074,1.089818,226305
1527,1075,-1.000272,226405
1527,1076,-1.000272,226470
1527,1077,-0.98025,226540
1528,1077,1.090173,226685
1529,1077,1.106111,226780
1530,1077,1.109618,226875
1530,1078,-1.000272,226930
1531,1078,1.093186,227040
1531,1079,-1.000272,227125
1531,1080,-1.000272,227190
1531,1081,-0.98025,227270
1532,1081,1.096815,227375
1532,1082,-1.000272,227440
1533,1082,1.107255,227535
1533,1083,-1.000272,227610
1533,1084,-1.000272,227675
1533,1085,-0.98025,227735
1534,1085,1.11467,227825
1534,1086,-0.98025,227885
1535,1086,1.107255,227980
1536,1086,1.103894,228080
1537,1086,1.117375,228165
1537,1087,-0.98025,228240
1537,1088,-1.000272,228300
1538,1088,1.087447,228415
1538,1089,-0.98025,228475
1538,1090,-1.000272,228540
1538,1091,-1.000272,228655
1539,1091,1.097767,228760
1539,1092,-0.98025,228830
1539,1093,-1.000272,228915
1540,1093,1.095881,229020
1540,1094,-0.98025,229095
1540,1095,-0.98025,229150
1540,1096,-1.000272,229225
1540,1097,-0.98025,229295
1541,1097,1.097767,229400
1541,1098,-0.98025,229475
1541,1099,-1.000272,229530
1541,1100,-1.000272,229590
1542,1100,1.106111,229685
1542,1101,-0.98025,229745
1543,1101,1.094067,229855
1543,1102,-0.98025,229915
1543,1103,-0.98025,229975
1543,1104,-0.98025,230030
1544,1104,1.11975,230130
1545,1104,1.105957,230250
1546,1104,1.116007,230340
1546,1105,-0.98025,230400
1546,1106,-1.000272,230470
1547,1106,1.12021,230555
1548,1106,1.130861,230645
1549,1106,1.10282,230745
1549,1107,-1.000272,230800
1550,1107,1.118775,230885
1551,1107,1.103894,230985
1552,1107,1.089013,231100
1552,1108,-0.98025,231175
1552,1109,-1.000272,231240
1552,1110,-1.000272,231300
1553,1110,1.108423,231395
1554,1110,1.11467,231485
1554,1111,-0.98025,231560
1554,1112,-1.000272,231630
1555,1112,1.100738,231730
1555,1113,-0.98025,231790
1556,1113,1.103894,231890
1557,1113,1.085198,232010
1558,1113,1.108423,232105
1558,1114,-0.98025,232185
1558,1115,-1.000272,232260
1558,1116,-0.98025,232345
1559,1116,1.143207,232430
1560,1116,1.12021,232515
1561,1116,1.128446,232610
1561,1117,-0.98025,232680
1562,1117,1.095881,232785
1563,1117,1.131307,232865
1563,1118,-1.000272,232925
1563,1119,-0.98025,232995
1564,1119,1.100738,233095
1564,1120,-0.98025,233175
1565,1120,1.107255,233270
1565,1121,-0.98025,233345
1565,1122,-0.98025,233405
1565,1123,-1.000272,233475
1565,1124,-1.000272,233545
1566,1124,1.12076,233645
1567,1124,1.110659,233755
1568,1124,1.11975,233855
1569,1124,1.110659,233965
1570,1124,1.098737,234070
1570,1125,-0.98025,234125
1570,1126,-1.000272,234205
1570,1127,-0.98025,234270
1571,1127,1.117789,234375
1571,1128,-0.98025,234445
1571,1129,-0.98025,234510
1572,1129,1.108423,234605
1572,1130,-1.000272,234665
1572,1131,-1.000272,234710
1572,1132,-0.98025,234765
1572,1133,-1.000272,234825
1572,1134,-1.000272,234910
1573,1134,1.134693,235000
1573,1135,-0.98025,235085
1573,1136,-0.98025,235140
1573,1137,-0.98025,235220
1574,1137,1.09232,235330
1574,1138,-1.000272,235375
1574,1139,-1.000272,235435
1575,1139,1.108423,235530
1576,1139,1.097767,235635
1576,1140,-1.000272,235705
1577,1140,1.110839,235795
1577,1141,-0.98025,235850
1577,1142,-0.98025,235910
1577,1143,-0.98025,235970
1577,1144,-1.000272,236030
1577,1145,-1.000272,236095
1577,1146,-0.98025,236150
1577,1147,-1.000272,236210
1578,1147,1.09975,236335
1578,1148,-0.98025,236405
1579,1148,1.091471,236515
1580,1148,1.121679,236600
1580,1149,-1.000272,236670
1580,1150,-0.98025,236745
1580,1151,-0.98025,236820
1581,1151,1.11975,236920
1582,1151,1.107255,237015
1582,1152,-0.98025,237075
1582,1153,-0.98025,237135
1582,1154,-1.000272,237210
1583,1154,1.14475,237290
1584,1154,1.107255,237385
1585,1154,1.101768,237485
1585,1155,-1.000272,237570
1585,1156,-1.000272,237625
1586,1156,1.127277,237720
1587,1156,1.096815,237825
1587,1157,-0.98025,237905
1588,1157,1.127933,237985
1588,1158,-1.000272,238060
1588,1159,-1.000272,238125
1589,1159,1.110839,238215
1590,1159,1.086684,238330
1590,1160,-1.000272,238395
1591,1160,1.108423,238490
1591,1161,-1.000272,238555
1592,1161,1.100738,238655
1593,1161,1.100738,238755
1594,1161,1.108423,238850
1595,1161,1.10282,238950
1596,1161,1.12964,239045
1597,1161,1.108246,239160
1597,1162,-1.000272,239235
1597,1163,-0.98025,239290
1598,1163,1.107255,239385
1599,1163,1.134693,239475
1599,1164,-0.98025,239535
1600,1164,1.121679,239620
1601,1164,1.143207,239705
1601,1165,-1.000272,239780
1602,1165,1.121791,239880
1603,1165,1.104991,239975
1603,1166,-1.000272,240040
1604,1166,1.112087,240130
1605,1166,1.13211,240220
1605,1167,-1.000272,240310
1605,1168,-0.98025,240390
1605,1169,-0.98025,240500
1606,1169,1.127277,240595
1606,1170,-0.98025,240705
1606,1171,-1.000272,240785
1606,1172,-0.98025,240855
1606,1173,-0.98025,240925
1607,1173,1.125013,241020
1608,1173,1.113364,241110
1608,1174,-1.000272,241185
1609,1174,1.110839,241275
1609,1175,-0.98025,241345
1609,1176,-1.000272,241400
1610,1176,1.106111,241495
1611,1176,1.128446,241590
1612,1176,1.096815,241695
1612,1177,-1.000272,241790
1613,1177,1.103894,241890
1613,1178,-0.98025,241965
1613,1179,-0.98025,242035
1614,1179,1.112087,242125
1614,1180,-0.98025,242195
1615,1180,1.11876,242300
1615,1181,-0.98025,242355
1615,1182,-0.98025,242425
1615,1183,-1.000272,242480
1616,1183,1.131307,242560
1616,1184,-1.000272,242630
1617,1184,1.091471,242740
1617,1185,-0.98025,242795
1617,1186,-1.000272,242860
1618,1186,1.086684,242975
1619,1186,1.087447,243090
1620,1186,1.116007,243180
1621,1186,1.14962,243260
1622,1186,1.111493,243370
1622,1187,-0.98025,243430
1623,1187,1.098737,243535
1623,1188,-1.000272,243595
1623,1189,-0.98025,243675
1623,1190,-0.98025,243740
1623,1191,-1.000272,243820
1623,1192,-1.000272,243920
1624,1192,1.118775,244005
1625,1192,1.124728,244085
1626,1192,1.122843,244185
1626,1193,-0.98025,244250
1627,1193,1.086684,244365
1627,1194,-1.000272,244440
1628,1194,1.118775,244525
1629,1194,1.113208,244635
1629,1195,-1.000272,244715
1629,1196,-1.000272,244810
1629,1197,-0.98025,244880
1630,1197,1.110839,244970
1631,1197,1.11467,245060
1631,1198,-1.000272,245130
1631,1199,-1.000272,245205
1631,1200,-1.000272,245280
1631,1201,-1.000272,245365
1632,1201,1.109618,245460
1632,1202,-1.000272,245525
1632,1203,-1.000272,245585
1632,1204,-1.000272,245675
1633,1204,1.112343,245785
1634,1204,1.122843,245885
1634,1205,-0.98025,245970
1635,1205,1.116007,246060
1636,1205,1.104991,246155
1636,1206,-1.000272,246215
1636,1207,-0.98025,246285
1637,1207,1.12964,246380
1638,1207,1.103784,246500
1638,1208,-1.000272,246575
1638,1209,-0.98025,246660
1638,1210,-0.98025,246730
1639,1210,1.083761,246850
1640,1210,1.104991,246945
1640,1211,-0.98025,247025
1641,1211,1.090637,247135
1641,1212,-1.000272,247190
1642,1212,1.116007,247280
1642,1213,-1.000272,247345
1642,1214,-0.98025,247430
1643,1214,1.12631,247510
1644,1214,1.116007,247600
1645,1214,1.107255,247695
1645,1215,-1.000272,247790
1645,1216,-1.000272,247860
1645,1217,-1.000272,247920
1646,1217,1.114988,248025
1647,1217,1.109618,248120
1648,1217,1.11467,248210
1648,1218,-1.000272,248275
1648,1219,-1.000272,248330
1649,1219,1.099728,248430
1649,1220,-1.000272,248495
1650,1220,1.11467,248585
1651,1220,1.107255,248680
1651,1221,-1.000272,248750
1652,1221,1.091471,248860
1653,1221,1.094067,248970
1654,1221,1.106111,249065
1655,1221,1.117789,249170
1655,1222,-1.000272,249230
1656,1222,1.12021,249315
1657,1222,1.13211,249405
1657,1223,-1.000272,249480
1657,1224,-1.000272,249555
1657,1225,-1.000272,249670
1658,1225,1.137397,249755
1658,1226,-0.98025,249830
1659,1226,1.12021,249915
