Goals,Deaths,Reward,Step 
0,0,0,0
0,1,-1.000272,110
1,1,1.161018,175
2,1,1.146786,245
3,1,1.217119,295
4,1,1.151243,365
5,1,1.093186,475
6,1,1.10984,590
7,1,1.12021,675
8,1,1.155978,740
9,1,1.208429,795
9,1,-5.448073E-05,796
10,1,1.136714,871
11,1,1.173596,936
12,1,1.087447,1051
13,1,1.166809,1121
14,1,1.113364,1211
15,1,1.256138,1251
16,1,1.204935,1306
17,1,1.129598,1386
18,1,1.228083,1436
19,1,1.10282,1536
19,2,-1.000272,1601
19,3,-0.98025,1686
19,4,-1.000272,1771
20,4,1.110839,1861
20,5,-1.000272,1941
21,5,1.237823,1986
22,5,1.212058,2041
23,5,1.155978,2106
24,5,1.21975,2156
24,6,-1.000272,2226
24,7,-1.000272,2296
25,7,1.113364,2386
26,7,1.184913,2441
27,7,1.201568,2496
28,7,1.146786,2566
29,7,1.169219,2626
30,7,1.099115,2756
30,8,-1.000272,2801
30,9,-1.000272,2871
30,10,-1.000272,2946
30,11,-0.98025,3026
31,11,1.121679,3111
32,11,1.195806,3166
33,11,1.155978,3231
34,11,1.178299,3291
34,12,-1.000272,3356
35,12,1.114988,3461
35,13,-1.000272,3501
36,13,1.078468,3631
37,13,1.121679,3716
38,13,1.17848,3781
38,14,-0.98025,3866
38,15,-1.000272,3911
39,15,1.162607,3981
39,16,-1.000272,4056
40,16,1.184913,4111
40,17,-0.98025,4181
40,18,-1.000272,4221
40,19,-0.98025,4316
41,19,1.172141,4376
41,20,-1.000272,4416
42,20,1.195806,4471
43,20,1.131307,4551
44,20,1.262886,4591
44,21,-1.000272,4681
45,21,1.189242,4741
46,21,1.181546,4796
47,21,1.175166,4856
48,21,1.24363,4901
49,21,1.118775,4986
50,21,1.103083,5106
51,21,1.344555,5136
52,21,1.195806,5191
52,22,-1.000272,5241
53,22,1.107255,5336
54,22,1.201568,5391
54,23,-1.000272,5451
55,23,1.143207,5536
56,23,1.156736,5611
57,23,1.047121,5826
58,23,1.121679,5911
58,24,-1.000272,5971
58,25,-1.000272,6071
59,25,1.183684,6136
59,26,-0.98025,6206
60,26,1.384343,6236
61,26,1.241972,6281
61,27,-1.000272,6356
62,27,1.086864,6506
62,28,-1.000272,6611
63,28,1.184913,6666
64,28,1.151243,6736
64,29,-1.000272,6816
65,29,1.134863,6891
66,29,1.172141,6951
66,30,-0.98025,7011
67,30,1.087447,7126
68,30,1.257845,7171
69,30,1.109618,7266
69,31,-0.98025,7376
70,31,1.203809,7426
71,31,1.140573,7501
71,32,-1.000272,7561
71,33,-1.000272,7606
72,33,1.065517,7761
73,33,1.228083,7811
74,33,1.169219,7871
75,33,1.212494,7921
76,33,1.12021,8006
77,33,1.087447,8121
78,33,1.094966,8226
79,33,1.192035,8281
80,33,1.212494,8331
80,34,-1.000272,8381
81,34,1.181546,8436
82,34,1.203809,8486
82,35,-1.000272,8551
83,35,1.172141,8611
84,35,1.192164,8671
85,35,1.109618,8766
86,35,1.27616,8806
87,35,1.22195,8851
88,35,1.087447,8966
89,35,1.247023,9011
90,35,1.110839,9101
90,36,-0.98025,9141
90,37,-1.000272,9241
90,38,-1.000272,9291
91,38,1.178299,9351
91,39,-0.98025,9426
92,39,1.11876,9531
92,40,-1.000272,9591
92,41,-1.000272,9651
93,41,1.090637,9761
93,42,-0.98025,9911
94,42,1.181546,9966
95,42,1.148981,10036
96,42,1.116837,10141
97,42,1.175166,10201
98,42,1.138616,10276
98,43,-1.000272,10401
99,43,1.147955,10481
100,43,1.12076,10581
101,43,1.136714,10656
101,44,-1.000272,10701
102,44,1.085198,10821
103,44,1.129598,10901
104,44,1.176,10966
105,44,1.084473,11086
106,44,1.241972,11131
107,44,1.110659,11241
108,44,1.141701,11326
109,44,1.131307,11406
110,44,1.166394,11466
111,44,1.109036,11581
112,44,1.163662,11646
112,45,-1.000272,11721
113,45,1.201568,11776
114,45,1.09849,11906
115,45,1.101768,12006
115,46,-1.000272,12056
116,46,1.223832,12106
116,47,-1.000272,12171
117,47,1.11409,12281
118,47,1.151243,12351
119,47,1.188407,12406
120,47,1.097767,12511
121,47,1.086417,12661
122,47,1.106111,12756
123,47,1.178299,12816
123,48,-1.000272,12881
124,48,1.241972,12926
125,48,1.095881,13031
125,49,-1.000272,13116
125,50,-0.98025,13166
126,50,1.169219,13226
127,50,1.172141,13286
127,51,-1.000272,13351
127,52,-1.000272,13401
128,52,1.140573,13476
128,53,-1.000272,13581
128,54,-1.000272,13636
129,54,1.079093,13766
130,54,1.122843,13866
130,55,-1.000272,14041
131,55,1.136029,14131
131,56,-1.000272,14171
132,56,1.166394,14231
133,56,1.113364,14321
133,57,-1.000272,14366
134,57,1.151243,14436
135,57,1.160595,14511
136,57,1.151329,14591
137,57,1.199728,14641
138,57,1.18104,14706
139,57,1.184913,14761
140,57,1.181546,14816
141,57,1.241972,14861
142,57,1.161018,14926
143,57,1.247023,14971
144,57,1.12631,15051
145,57,1.22195,15096
146,57,1.212494,15146
146,58,-0.98025,15196
147,58,1.136714,15271
147,59,-0.98025,15316
148,59,1.178299,15376
149,59,1.27616,15416
150,59,1.11409,15526
150,60,-1.000272,15586
151,60,1.201568,15641
152,60,1.188407,15696
152,61,-1.000272,15746
152,62,-0.98025,15801
152,63,-1.000272,15941
153,63,1.151243,16011
153,64,-1.000272,16056
153,65,-1.000272,16111
153,66,-1.000272,16176
153,67,-1.000272,16266
154,67,1.188407,16321
154,68,-0.98025,16406
155,68,1.136714,16481
156,68,1.227,16526
156,69,-1.000272,16571
157,69,1.082372,16696
157,70,-1.000272,16781
158,70,1.158458,16846
159,70,1.24363,16891
160,70,1.079728,17016
161,70,1.148981,17086
161,71,-1.000272,17131
162,71,1.217119,17181
163,71,1.195806,17236
164,71,1.059969,17406
165,71,1.22195,17451
165,72,-1.000272,17541
166,72,1.096815,17646
167,72,1.256138,17686
168,72,1.146332,17766
169,72,1.153083,17841
170,72,1.109618,17936
170,73,-1.000272,17971
171,73,1.072382,18161
171,74,-1.000272,18201
172,74,1.204935,18256
172,75,-1.000272,18331
173,75,1.151329,18411
174,75,1.217119,18461
175,75,1.285442,18496
176,75,1.087447,18611
176,76,-0.98025,18696
176,77,-1.000272,18756
177,77,1.138616,18831
177,78,-1.000272,18891
178,78,1.100738,18991
179,78,1.148981,19061
179,79,-1.000272,19106
180,79,1.144655,19176
181,79,1.262886,19216
182,79,1.188407,19271
183,79,1.184913,19326
184,79,1.134863,19401
185,79,1.12021,19486
186,79,1.112087,19576
187,79,1.163662,19641
188,79,1.117375,19726
189,79,1.10522,19846
189,80,-1.000272,19896
190,80,1.12076,19996
191,80,1.131307,20076
192,80,1.138798,20161
193,80,1.195806,20216
194,80,1.184913,20271
194,81,-1.000272,20321
194,82,-1.000272,20446
195,82,1.140232,20531
195,83,-1.000272,20591
196,83,1.228083,20641
197,83,1.203809,20691
198,83,1.158639,20766
198,84,-1.000272,20816
199,84,1.256138,20856
199,85,-1.000272,20916
200,85,1.198321,20976
201,85,1.227,21021
202,85,1.140573,21096
203,85,1.212058,21151
204,85,1.10522,21271
205,85,1.134863,21346
206,85,1.198321,21406
206,86,-1.000272,21466
207,86,1.212494,21516
208,86,1.126133,21611
208,87,-0.98025,21656
208,88,-1.000272,21721
209,88,1.106111,21816
209,89,-1.000272,21921
210,89,1.097767,22026
211,89,1.093186,22136
212,89,1.178299,22196
213,89,1.10282,22296
214,89,1.436417,22321
215,89,1.117375,22406
215,90,-1.000272,22526
215,91,-1.000272,22576
216,91,1.104991,22671
217,91,1.151243,22741
217,92,-1.000272,22791
218,92,1.117375,22876
218,93,-0.98025,22951
219,93,1.136714,23026
220,93,1.178299,23086
221,93,1.085109,23241
221,94,-0.98025,23426
221,95,-1.000272,23481
221,96,-1.000272,23536
222,96,1.263652,23581
223,96,1.086684,23696
223,97,-1.000272,23746
224,97,1.076064,23881
224,98,-0.98025,23921
225,98,1.217119,23971
225,99,-0.98025,24031
225,100,-1.000272,24091
225,101,-1.000272,24131
225,102,-1.000272,24166
226,102,1.22195,24211
226,103,-1.000272,24276
227,103,1.124728,24356
228,103,1.262886,24396
229,103,1.184913,24451
229,104,-0.98025,24511
230,104,1.101768,24611
230,105,-0.98025,24666
231,105,1.257845,24711
231,106,-1.000272,24821
232,106,1.257845,24866
233,106,1.110839,24956
233,106,-5.448073E-05,25007
233,107,-0.98025,25057
233,108,-1.000272,25132
233,109,-1.000272,25177
234,109,1.082372,25302
235,109,1.085935,25422
236,109,1.121679,25507
237,109,1.098737,25612
237,110,-1.000272,25732
238,110,1.059251,25902
238,111,-0.98025,25967
238,112,-1.000272,26042
238,113,-1.000272,26147
239,113,1.068221,26297
239,114,-1.000272,26357
240,114,1.096815,26462
241,114,1.093186,26572
241,115,-1.000272,26627
242,115,1.094067,26737
242,116,-0.98025,26852
243,116,1.073257,26992
243,117,-1.000272,27042
244,117,1.153574,27107
245,117,1.130861,27197
245,118,-1.000272,27247
246,118,1.072191,27387
246,119,-1.000272,27442
246,120,-1.000272,27522
247,120,1.133061,27597
248,120,1.07272,27737
248,121,-1.000272,27797
248,122,-0.98025,27847
249,122,1.056225,28027
249,123,-1.000272,28072
249,124,-1.000272,28137
249,125,-0.98025,28172
250,125,1.07065,28317
250,126,-0.98025,28367
250,127,-1.000272,28457
250,128,-0.98025,28627
251,128,1.09849,28757
251,129,-0.98025,28852
251,130,-1.000272,28917
251,131,-1.000272,29047
251,132,-1.000272,29232
251,133,-1.000272,29357
252,133,1.14962,29437
253,133,1.186417,29497
254,133,1.060703,29662
255,133,1.084473,29782
256,133,1.050489,29982
256,134,-1.000272,30037
256,135,-1.000272,30197
256,136,-0.98025,30247
257,136,1.074916,30382
258,136,1.067755,30532
258,137,-1.000272,30577
258,138,-1.000272,30667
259,138,1.081695,30792
259,139,-1.000272,30852
260,139,1.12964,30947
260,140,-0.98025,31032
261,140,1.087447,31147
261,141,-1.000272,31257
262,141,1.140232,31342
262,142,-1.000272,31432
262,143,-0.98025,31542
263,143,1.158458,31607
263,144,-1.000272,31657
263,145,-1.000272,31782
263,146,-1.000272,31837
263,147,-1.000272,31972
264,147,1.094377,32107
264,148,-1.000272,32282
265,148,1.061456,32447
266,148,1.142585,32517
267,148,1.09975,32642
267,149,-1.000272,32737
267,150,-0.98025,32807
268,150,1.123917,32907
268,151,-1.000272,32982
269,151,1.062621,33142
270,151,1.116007,33232
271,151,1.086864,33382
272,151,1.176,33447
272,152,-1.000272,33502
272,153,-0.98025,33617
272,154,-0.98025,33702
272,155,-0.98025,33737
273,155,1.073257,33877
273,156,-1.000272,33937
274,156,1.066394,34087
275,156,1.113364,34177
275,157,-1.000272,34227
276,157,1.116007,34317
276,158,-0.98025,34442
277,158,1.118775,34527
277,159,-1.000272,34597
278,159,1.173596,34662
278,160,-1.000272,34747
279,160,1.095881,34852
279,161,-1.000272,34957
279,162,-0.98025,35032
279,163,-1.000272,35082
280,163,1.123917,35182
280,164,-1.000272,35257
280,165,-1.000272,35302
281,165,1.079728,35427
282,165,1.052638,35617
282,166,-1.000272,35757
282,167,-1.000272,35792
283,167,1.108423,35887
284,167,1.078468,36017
284,168,-0.98025,36082
284,169,-1.000272,36227
285,169,1.082372,36352
286,169,1.08968,36497
286,170,-1.000272,36727
286,171,-0.98025,36792
287,171,1.129598,36872
287,172,-1.000272,36927
288,172,1.13211,37017
289,172,1.095881,37122
290,172,1.11467,37212
290,173,-0.98025,37282
291,173,1.085198,37402
291,174,-1.000272,37542
292,174,1.118775,37627
293,174,1.151329,37707
294,174,1.081695,37832
294,175,-1.000272,37887
294,176,-1.000272,38012
295,176,1.052084,38207
295,177,-0.98025,38317
295,178,-1.000272,38367
295,179,-1.000272,38432
296,179,1.094377,38567
296,180,-1.000272,38757
296,181,-1.000272,38907
296,182,-1.000272,39002
296,183,-1.000272,39047
297,183,1.155978,39112
297,184,-1.000272,39172
298,184,1.112087,39262
298,185,-1.000272,39307
298,186,-0.98025,39367
298,187,-1.000272,39487
298,188,-0.98025,39552
299,188,1.106707,39667
299,189,-1.000272,39807
300,189,1.127933,39887
301,189,1.12964,39982
302,189,1.081695,40107
303,189,1.136714,40182
303,190,-1.000272,40297
303,191,-0.98025,40342
303,192,-1.000272,40417
303,193,-1.000272,40502
303,194,-1.000272,40582
303,195,-1.000272,40642
304,195,1.137397,40727
305,195,1.098737,40832
306,195,1.130861,40922
306,196,-1.000272,40992
307,196,1.077853,41122
308,196,1.110659,41232
309,196,1.118775,41317
309,197,-1.000272,41387
310,197,1.087447,41502
310,198,-1.000272,41542
310,199,-1.000272,41657
311,199,1.169004,41727
311,200,-1.000272,41807
312,200,1.081028,41932
313,200,1.097767,42037
314,200,1.14962,42117
314,201,-1.000272,42152
315,201,1.065517,42307
316,201,1.081028,42432
316,202,-1.000272,42557
316,203,-1.000272,42607
316,204,-1.000272,42662
317,204,1.089013,42777
317,205,-1.000272,42867
318,205,1.12964,42962
318,206,-1.000272,43092
318,207,-1.000272,43207
319,207,1.053204,43397
320,207,1.081478,43562
321,207,1.112087,43652
322,207,1.131307,43732
323,207,1.056225,43912
324,207,1.079728,44037
324,208,-1.000272,44122
324,209,-0.98025,44167
325,209,1.127933,44247
325,210,-1.000272,44307
325,211,-1.000272,44352
325,212,-1.000272,44522
326,212,1.112087,44612
326,213,-1.000272,44807
326,214,-0.98025,44862
327,214,1.07272,45002
327,215,-1.000272,45097
327,216,-1.000272,45242
327,217,-1.000272,45422
328,217,1.084473,45542
328,218,-1.000272,45732
328,219,-1.000272,45852
329,219,1.058551,46022
329,220,-1.000272,46117
329,221,-0.98025,46207
330,221,1.127933,46287
331,221,1.063019,46447
331,222,-1.000272,46552
332,222,1.056225,46732
332,223,-1.000272,46847
332,224,-1.000272,46967
333,224,1.125013,47062
334,224,1.049979,47262
334,225,-1.000272,47322
334,226,-0.98025,47412
335,226,1.110839,47502
335,227,-1.000272,47587
336,227,1.123184,47672
336,228,-1.000272,47777
337,228,1.118775,47862
338,228,1.12964,47957
339,228,1.082372,48082
339,229,-1.000272,48167
339,230,-1.000272,48257
339,231,-0.98025,48317
340,231,1.148981,48387
340,232,-1.000272,48472
341,232,1.112087,48562
342,232,1.083061,48682
343,232,1.125013,48777
344,232,1.10522,48897
344,233,-1.000272,49007
344,234,-1.000272,49072
345,234,1.080373,49197
345,235,-1.000272,49402
345,236,-1.000272,49507
346,236,1.10282,49607
346,237,-1.000272,49667
346,238,-1.000272,49732
347,238,1.046024,49952
347,239,-1.000272,49987
347,239,0.00395,50008
348,239,1.138798,50093
348,240,-1.000272,50178
348,241,-1.000272,50233
349,241,1.124728,50313
350,241,1.108423,50408
350,242,-0.98025,50468
350,243,-1.000272,50528
350,244,-1.000272,50608
350,245,-0.98025,50663
350,246,-1.000272,50718
350,247,-1.000272,50848
350,248,-1.000272,50918
351,248,1.068221,51068
352,248,1.138798,51153
352,249,-1.000272,51273
352,250,-1.000272,51323
352,251,-1.000272,51383
352,252,-1.000272,51443
352,253,-0.98025,51518
353,253,1.104496,51638
354,253,1.088223,51753
355,253,1.10984,51868
356,253,1.065517,52023
356,254,-1.000272,52113
357,254,1.160595,52188
357,255,-0.98025,52238
357,256,-1.000272,52368
357,257,-0.98025,52503
357,258,-1.000272,52633
357,259,-1.000272,52708
357,260,-1.000272,52753
357,261,-1.000272,52868
358,261,1.081028,52993
358,262,-1.000272,53088
358,263,-0.98025,53278
358,264,-1.000272,53338
358,265,-0.98025,53383
359,265,1.05687,53558
359,266,-1.000272,53603
359,267,-1.000272,53688
359,268,-1.000272,53788
359,269,-1.000272,53858
359,270,-1.000272,53933
359,271,-1.000272,54013
360,271,1.10984,54128
360,272,-1.000272,54233
361,272,1.092214,54373
362,272,1.147955,54453
362,273,-1.000272,54523
363,273,1.116837,54628
364,273,1.079728,54753
364,274,-1.000272,54793
365,274,1.136029,54883
365,275,-1.000272,54968
366,275,1.121791,55068
367,275,1.12021,55153
367,276,-1.000272,55213
368,276,1.12021,55298
369,276,1.065087,55453
370,276,1.138798,55538
370,277,-1.000272,55653
371,277,1.077853,55783
371,278,-1.000272,55918
372,278,1.092214,56058
373,278,1.134693,56148
374,278,1.121679,56233
375,278,1.086684,56348
376,278,1.09232,56458
376,279,-1.000272,56508
376,280,-1.000272,56573
377,280,1.073257,56713
378,280,1.131307,56793
379,280,1.078468,56923
379,281,-1.000272,56988
379,282,-1.000272,57113
380,282,1.086684,57228
381,282,1.085198,57348
382,282,1.079728,57473
383,282,1.109618,57568
384,282,1.141701,57653
384,283,-0.98025,57713
385,283,1.103894,57813
385,284,-0.98025,57883
385,285,-1.000272,57993
385,286,-0.98025,58093
386,286,1.064244,58248
386,287,-0.98025,58313
387,287,1.091179,58453
387,288,-1.000272,58593
388,288,1.081028,58718
388,289,-0.98025,58843
388,290,-1.000272,58943
388,291,-1.000272,59003
389,291,1.151243,59073
390,291,1.097875,59203
391,291,1.108423,59298
391,292,-1.000272,59388
392,292,1.136029,59478
392,293,-1.000272,59583
392,294,-1.000272,59638
393,294,1.089818,59753
394,294,1.110659,59863
395,294,1.101768,59963
395,295,-1.000272,60033
396,295,1.094067,60143
397,295,1.091471,60253
398,295,1.096815,60358
398,296,-0.98025,60403
399,296,1.11467,60493
400,296,1.121791,60593
401,296,1.153574,60658
401,297,-0.98025,60723
402,297,1.151329,60803
402,298,-1.000272,60903
402,299,-0.98025,61028
403,299,1.183684,61093
404,299,1.096815,61198
404,300,-1.000272,61338
404,301,-1.000272,61413
405,301,1.109618,61508
405,302,-0.98025,61563
405,303,-1.000272,61658
405,304,-1.000272,61743
406,304,1.127933,61823
406,305,-0.98025,61918
407,305,1.101717,62043
407,306,-0.98025,62093
407,307,-1.000272,62183
408,307,1.129598,62263
408,308,-1.000272,62338
409,308,1.121679,62423
410,308,1.12631,62503
410,309,-1.000272,62553
411,309,1.040213,62803
412,309,1.079728,62928
412,310,-1.000272,62983
413,310,1.087447,63098
413,311,-1.000272,63188
413,312,-1.000272,63243
413,313,-1.000272,63323
413,314,-1.000272,63418
413,315,-0.98025,63488
414,315,1.146332,63568
414,316,-1.000272,63693
415,316,1.085198,63813
416,316,1.162607,63883
416,317,-1.000272,63958
416,318,-1.000272,64063
416,319,-0.98025,64163
417,319,1.099728,64263
418,319,1.076064,64398
418,320,-1.000272,64643
419,320,1.103784,64763
420,320,1.072191,64903
421,320,1.169219,64963
422,320,1.142585,65033
422,321,-1.000272,65128
422,322,-1.000272,65198
422,323,-1.000272,65278
423,323,1.097767,65383
424,323,1.123184,65468
425,323,1.162607,65538
426,323,1.066842,65688
426,324,-0.98025,65763
426,325,-1.000272,65823
426,326,-1.000272,65868
426,327,-1.000272,65948
427,327,1.059608,66118
427,328,-1.000272,66203
428,328,1.097269,66333
429,328,1.12076,66433
429,329,-0.98025,66508
429,330,-1.000272,66568
430,330,1.090637,66678
430,331,-1.000272,66748
431,331,1.146786,66818
432,331,1.126133,66913
433,331,1.116007,67003
434,331,1.104496,67123
434,332,-1.000272,67233
435,332,1.123184,67318
435,333,-1.000272,67378
435,334,-1.000272,67418
436,334,1.094067,67528
437,334,1.107255,67623
437,335,-1.000272,67693
437,336,-1.000272,67748
437,337,-1.000272,67838
437,338,-1.000272,67953
437,339,-1.000272,68003
437,340,-1.000272,68113
438,340,1.10522,68233
439,340,1.079728,68358
440,340,1.156736,68433
441,340,1.183684,68498
442,340,1.100738,68598
443,340,1.129598,68678
444,340,1.169219,68738
444,341,-1.000272,68813
445,341,1.175166,68873
446,341,1.111493,68983
446,342,-0.98025,69038
446,343,-0.98025,69103
446,344,-1.000272,69173
447,344,1.144655,69243
448,344,1.103894,69343
448,345,-1.000272,69503
449,345,1.068221,69653
450,345,1.155978,69718
451,345,1.084473,69838
451,346,-0.98025,69893
451,347,-1.000272,69953
452,347,1.166394,70013
453,347,1.081695,70138
453,348,-1.000272,70243
453,349,-1.000272,70348
454,349,1.127933,70428
454,350,-1.000272,70533
455,350,1.136029,70623
455,351,-1.000272,70718
455,352,-1.000272,70783
456,352,1.056225,70963
457,352,1.123184,71048
458,352,1.113364,71138
458,353,-0.98025,71188
458,354,-1.000272,71278
459,354,1.112087,71368
460,354,1.162607,71438
461,354,1.137397,71523
461,355,-1.000272,71598
462,355,1.07167,71738
463,355,1.089818,71853
463,356,-1.000272,71903
463,357,-1.000272,72008
464,357,1.103894,72108
464,358,-1.000272,72203
465,358,1.087447,72318
465,359,-1.000272,72453
466,359,1.118775,72538
466,360,-0.98025,72588
467,360,1.137397,72673
468,360,1.172141,72733
469,360,1.115904,72838
469,361,-1.000272,72898
469,362,-1.000272,72953
469,363,-0.98025,73003
469,364,-1.000272,73078
469,365,-1.000272,73123
469,366,-0.98025,73203
469,367,-0.98025,73318
469,368,-1.000272,73383
470,368,1.088223,73498
470,369,-1.000272,73558
470,370,-0.98025,73688
471,370,1.110839,73778
472,370,1.113364,73868
473,370,1.11876,73973
474,370,1.155978,74038
474,371,-0.98025,74118
475,371,1.081695,74243
476,371,1.178299,74303
476,372,-1.000272,74383
477,372,1.141701,74468
477,373,-1.000272,74553
478,373,1.083061,74673
479,373,1.133061,74748
479,374,-1.000272,74818
479,375,-1.000272,74918
480,375,1.112087,75008
480,375,-5.448073E-05,75009
480,376,-0.98025,75084
480,377,-1.000272,75144
480,378,-1.000272,75199
481,378,1.054673,75384
481,379,-1.000272,75469
481,380,-1.000272,75534
481,381,-1.000272,75594
481,382,-1.000272,75679
482,382,1.129598,75759
483,382,1.106111,75854
483,383,-1.000272,75904
484,383,1.092214,76044
485,383,1.124728,76124
486,383,1.075306,76304
487,383,1.112343,76414
488,383,1.148981,76484
488,384,-1.000272,76539
489,384,1.079991,76709
489,385,-1.000272,76744
490,385,1.162607,76814
491,385,1.076064,76949
491,386,-1.000272,77064
492,386,1.098737,77169
492,387,-0.98025,77224
493,387,1.126133,77319
494,387,1.073257,77459
495,387,1.095508,77594
496,387,1.110839,77684
497,387,1.086684,77799
497,388,-1.000272,77874
497,389,-1.000272,77934
498,389,1.086684,78049
499,389,1.116007,78139
500,389,1.065517,78294
500,390,-0.98025,78374
501,390,1.12021,78459
502,390,1.12964,78554
503,390,1.099728,78654
504,390,1.085198,78774
504,391,-1.000272,78894
504,392,-1.000272,78969
504,393,-1.000272,79034
504,394,-0.98025,79144
504,395,-1.000272,79199
504,396,-1.000272,79244
504,397,-1.000272,79309
505,397,1.085198,79429
506,397,1.110839,79519
506,398,-1.000272,79594
507,398,1.100738,79694
508,398,1.075485,79829
508,399,-0.98025,79949
508,400,-1.000272,80054
508,401,-1.000272,80119
508,402,-1.000272,80179
509,402,1.099728,80279
509,403,-1.000272,80349
510,403,1.104991,80444
511,403,1.093186,80554
512,403,1.078922,80724
512,404,-1.000272,80834
513,404,1.097767,80939
513,405,-0.98025,81029
513,406,-0.98025,81119
513,407,-0.98025,81224
513,408,-1.000272,81309
513,409,-1.000272,81359
514,409,1.094067,81469
515,409,1.125013,81564
516,409,1.100738,81664
517,409,1.105957,81784
517,410,-0.98025,81834
518,410,1.11467,81924
519,410,1.098737,82029
520,410,1.103784,82149
520,411,-1.000272,82204
521,411,1.08225,82364
522,411,1.123917,82464
523,411,1.106707,82579
524,411,1.090672,82724
525,411,1.094966,82829
526,411,1.156736,82904
527,411,1.062228,83064
528,411,1.111493,83174
529,411,1.105957,83294
530,411,1.12631,83374
530,412,-1.000272,83454
531,412,1.109036,83569
532,412,1.164678,83639
533,412,1.118775,83724
533,413,-1.000272,83799
533,414,-1.000272,83894
533,415,-0.98025,84024
533,416,-0.98025,84104
533,417,-0.98025,84189
533,418,-1.000272,84334
534,418,1.077853,84464
534,419,-1.000272,84549
534,420,-0.98025,84619
534,421,-1.000272,84714
534,422,-1.000272,84799
535,422,1.123917,84899
536,422,1.058207,85074
537,422,1.123184,85159
538,422,1.12631,85239
539,422,1.079728,85364
539,423,-0.98025,85404
539,424,-0.98025,85464
540,424,1.069172,85609
541,424,1.100738,85709
541,425,-0.98025,85739
541,426,-1.000272,85789
541,427,-1.000272,85879
542,427,1.10522,85999
543,427,1.113208,86109
543,428,-1.000272,86194
543,429,-1.000272,86254
543,430,-0.98025,86299
543,431,-0.98025,86409
544,431,1.101768,86509
544,432,-1.000272,86559
544,433,-1.000272,86684
545,433,1.086684,86799
546,433,1.086684,86914
547,433,1.069658,87059
548,433,1.083061,87179
548,434,-1.000272,87314
548,435,-1.000272,87374
549,435,1.094938,87509
550,435,1.077247,87639
551,435,1.112343,87749
552,435,1.129598,87829
552,436,-0.98025,87919
552,437,-1.000272,88009
553,437,1.11467,88099
554,437,1.09232,88209
555,437,1.087447,88324
555,438,-0.98025,88379
556,438,1.085935,88499
556,439,-0.98025,88619
556,440,-1.000272,88759
556,441,-1.000272,88839
557,441,1.134693,88929
558,441,1.137397,89014
559,441,1.106707,89129
560,441,1.164678,89199
560,442,-1.000272,89254
560,443,-1.000272,89314
561,443,1.079093,89444
562,443,1.076893,89619
562,444,-1.000272,89704
563,444,1.091471,89814
563,445,-1.000272,89904
564,445,1.077853,90034
564,446,-1.000272,90144
564,447,-1.000272,90239
564,448,-1.000272,90299
565,448,1.146332,90379
566,448,1.140232,90464
567,448,1.176,90529
568,448,1.138616,90604
569,448,1.095881,90709
569,449,-1.000272,90774
570,449,1.103894,90874
570,450,-0.98025,90954
571,450,1.147955,91034
572,450,1.078468,91164
573,450,1.171265,91234
573,451,-1.000272,91299
574,451,1.106111,91394
575,451,1.121679,91479
575,452,-1.000272,91584
576,452,1.12076,91684
576,453,-1.000272,91779
576,454,-0.98025,91844
577,454,1.069658,91989
577,455,-1.000272,92104
577,456,-0.98025,92144
578,456,1.101768,92244
578,457,-0.98025,92319
579,457,1.103894,92419
580,457,1.10282,92519
580,458,-1.000272,92589
580,459,-1.000272,92639
581,459,1.086684,92754
582,459,1.091471,92864
582,460,-0.98025,92944
583,460,1.077247,93074
583,461,-0.98025,93154
583,462,-1.000272,93209
584,462,1.175166,93269
584,463,-1.000272,93354
585,463,1.080373,93479
585,464,-1.000272,93529
585,465,-1.000272,93594
585,466,-1.000272,93704
585,467,-1.000272,93784
585,468,-0.98025,93824
585,469,-0.98025,93869
585,470,-1.000272,94009
585,471,-0.98025,94109
585,472,-1.000272,94219
585,473,-1.000272,94429
585,474,-0.98025,94504
586,474,1.117375,94589
587,474,1.103894,94689
588,474,1.116007,94779
588,475,-0.98025,94869
589,475,1.08225,95029
590,475,1.12021,95114
591,475,1.097767,95219
592,475,1.081695,95344
593,475,1.077554,95519
594,475,1.109618,95614
594,476,-1.000272,95694
594,477,-0.98025,95759
595,477,1.084473,95879
596,477,1.098737,95984
597,477,1.126133,96079
598,477,1.094067,96189
599,477,1.101768,96289
600,477,1.138616,96364
601,477,1.085198,96484
601,478,-1.000272,96544
601,479,-1.000272,96629
601,480,-0.98025,96704
601,481,-1.000272,96779
602,481,1.144655,96849
603,481,1.078468,96979
603,482,-1.000272,97104
603,483,-0.98025,97229
604,483,1.140573,97304
605,483,1.086684,97419
606,483,1.091692,97559
607,483,1.089013,97674
607,484,-1.000272,97739
607,485,-1.000272,97794
607,486,-1.000272,97864
608,486,1.074916,97999
609,486,1.115904,98104
609,487,-1.000272,98199
610,487,1.089818,98314
610,488,-0.98025,98429
611,488,1.074916,98564
611,489,-1.000272,98674
611,490,-1.000272,98724
612,490,1.081028,98849
613,490,1.147955,98929
613,491,-0.98025,98999
614,491,1.11876,99104
614,492,-0.98025,99169
615,492,1.131307,99249
615,493,-1.000272,99354
615,494,-0.98025,99459
616,494,1.143207,99544
617,494,1.077247,99674
618,494,1.094966,99779
618,495,-1.000272,99879
618,496,-0.98025,99959
618,496,0.00395,100010
618,497,-1.000272,100080
619,497,1.155978,100145
619,498,-1.000272,100225
620,498,1.075485,100360
620,499,-1.000272,100405
620,500,-1.000272,100500
621,500,1.061456,100665
621,501,-1.000272,100755
621,502,-0.98025,100860
621,503,-0.98025,100950
621,504,-0.98025,101055
621,505,-0.98025,101160
621,506,-0.98025,101255
621,507,-0.98025,101390
621,508,-0.98025,101470
621,509,-0.98025,101590
622,509,1.100738,101690
622,510,-1.000272,101755
622,511,-1.000272,101805
622,512,-0.98025,101935
622,513,-1.000272,102085
622,514,-1.000272,102150
623,514,1.07272,102290
624,514,1.169004,102360
625,514,1.14475,102440
626,514,1.085935,102560
626,515,-1.000272,102630
626,516,-1.000272,102750
627,516,1.143207,102835
628,516,1.124728,102915
628,517,-1.000272,103030
628,518,-1.000272,103090
628,519,-1.000272,103155
628,520,-1.000272,103220
628,521,-1.000272,103290
628,522,-1.000272,103415
629,522,1.151243,103485
630,522,1.099728,103585
630,523,-1.000272,103640
631,523,1.04437,103865
631,524,-1.000272,103945
631,525,-0.98025,103980
631,526,-0.98025,104050
631,527,-1.000272,104120
631,528,-0.98025,104210
631,529,-0.98025,104315
632,529,1.081862,104480
632,530,-1.000272,104615
633,530,1.085935,104735
634,530,1.14475,104815
635,530,1.106111,104910
635,531,-1.000272,104975
635,532,-1.000272,105030
636,532,1.106111,105125
636,533,-0.98025,105205
636,534,-1.000272,105275
636,535,-0.98025,105340
636,536,-1.000272,105405
636,537,-1.000272,105465
637,537,1.127933,105545
638,537,1.153083,105620
638,538,-1.000272,105710
639,538,1.114988,105815
640,538,1.089013,105930
641,538,1.108423,106025
641,539,-1.000272,106065
641,540,-0.98025,106155
641,541,-1.000272,106210
641,542,-1.000272,106330
642,542,1.106111,106425
642,543,-0.98025,106510
642,544,-1.000272,106625
642,545,-1.000272,106680
642,546,-1.000272,106755
643,546,1.12631,106835
643,547,-1.000272,106905
643,548,-0.98025,106955
644,548,1.06383,107115
645,548,1.081028,107240
646,548,1.058551,107410
646,549,-0.98025,107475
646,550,-1.000272,107540
646,551,-1.000272,107635
647,551,1.077853,107765
648,551,1.094938,107900
649,551,1.114988,108005
649,552,-0.98025,108070
649,553,-0.98025,108140
650,553,1.113208,108250
650,554,-1.000272,108320
650,555,-0.98025,108430
651,555,1.076651,108560
652,555,1.09232,108670
652,556,-1.000272,108720
653,556,1.108423,108815
653,557,-1.000272,108870
653,558,-1.000272,108950
653,559,-1.000272,109030
653,560,-1.000272,109130
653,561,-1.000272,109200
653,562,-1.000272,109235
654,562,1.091471,109345
655,562,1.079728,109470
656,562,1.088223,109585
656,563,-0.98025,109665
656,564,-1.000272,109825
657,564,1.106111,109920
657,565,-1.000272,109980
658,565,1.083761,110100
659,565,1.09232,110210
659,566,-1.000272,110260
660,566,1.175166,110320
661,566,1.113364,110410
662,566,1.158639,110485
663,566,1.089013,110600
664,566,1.12021,110685
665,566,1.060703,110850
666,566,1.094377,110985
666,567,-1.000272,111045
666,568,-1.000272,111100
666,569,-0.98025,111155
667,569,1.109036,111270
668,569,1.109618,111365
668,570,-1.000272,111410
669,570,1.09232,111520
670,570,1.07272,111660
670,571,-0.98025,111715
671,571,1.076651,111845
672,571,1.089818,111960
673,571,1.164678,112030
673,572,-1.000272,112125
674,572,1.093186,112235
675,572,1.164678,112305
676,572,1.143207,112390
676,573,-1.000272,112445
677,573,1.103894,112545
678,573,1.12021,112630
678,574,-0.98025,112680
679,574,1.081695,112805
679,575,-1.000272,112935
680,575,1.164678,113005
680,576,-1.000272,113065
681,576,1.073257,113205
682,576,1.081028,113330
682,577,-1.000272,113465
682,578,-1.000272,113535
683,578,1.071156,113675
684,578,1.107255,113770
684,579,-1.000272,113850
684,580,-1.000272,113940
685,580,1.093824,114075
685,581,-0.98025,114130
686,581,1.094067,114240
686,582,-1.000272,114325
686,583,-1.000272,114385
687,583,1.080373,114510
688,583,1.162607,114580
688,584,-1.000272,114635
688,585,-0.98025,114715
689,585,1.095881,114820
690,585,1.081695,114945
690,586,-1.000272,115040
690,587,-1.000272,115095
691,587,1.109618,115190
691,588,-0.98025,115245
692,588,1.14475,115325
693,588,1.136029,115415
693,589,-1.000272,115495
694,589,1.113208,115605
694,590,-1.000272,115695
695,590,1.134863,115770
696,590,1.136029,115860
697,590,1.127933,115940
697,591,-0.98025,116010
697,592,-1.000272,116070
698,592,1.11467,116160
698,593,-0.98025,116215
699,593,1.11467,116305
699,594,-0.98025,116370
700,594,1.151243,116440
701,594,1.124728,116520
702,594,1.087447,116635
703,594,1.090637,116745
703,595,-0.98025,116825
703,596,-1.000272,116890
704,596,1.086684,117005
704,597,-1.000272,117115
705,597,1.083061,117235
706,597,1.100395,117360
707,597,1.104991,117455
707,598,-1.000272,117555
708,598,1.138798,117640
708,599,-1.000272,117775
709,599,1.141701,117860
710,599,1.134693,117950
711,599,1.121679,118035
711,600,-1.000272,118130
712,600,1.118775,118215
712,601,-0.98025,118320
712,602,-0.98025,118385
712,603,-1.000272,118455
713,603,1.101768,118555
713,604,-1.000272,118650
714,604,1.11467,118740
715,604,1.079728,118865
715,605,-1.000272,118945
716,605,1.080373,119070
716,606,-1.000272,119125
717,606,1.125013,119220
717,607,-1.000272,119300
717,608,-1.000272,119395
717,609,-0.98025,119455
718,609,1.080373,119580
718,610,-1.000272,119650
718,611,-1.000272,119730
719,611,1.106111,119825
719,612,-1.000272,119880
720,612,1.117789,119985
721,612,1.09232,120095
721,613,-1.000272,120210
722,613,1.153574,120275
722,614,-1.000272,120390
722,615,-0.98025,120440
723,615,1.148981,120510
723,616,-1.000272,120655
724,616,1.095881,120760
725,616,1.129598,120840
725,617,-0.98025,120910
725,618,-0.98025,120980
726,618,1.087447,121095
726,619,-1.000272,121155
727,619,1.108423,121250
727,620,-0.98025,121320
727,621,-0.98025,121375
728,621,1.085198,121495
729,621,1.096815,121600
729,622,-1.000272,121715
730,622,1.140232,121800
731,622,1.065517,121955
731,623,-1.000272,122075
732,623,1.09232,122185
732,624,-0.98025,122275
733,624,1.131307,122355
734,624,1.128446,122450
735,624,1.104991,122545
736,624,1.083061,122665
736,625,-0.98025,122720
737,625,1.085198,122840
737,626,-0.98025,122950
738,626,1.097767,123055
738,627,-0.98025,123100
738,628,-1.000272,123160
739,628,1.078468,123290
740,628,1.064663,123445
740,629,-0.98025,123500
741,629,1.164678,123570
742,629,1.080373,123695
743,629,1.121791,123795
743,630,-0.98025,123875
744,630,1.07593,124055
745,630,1.077853,124185
746,630,1.104991,124280
746,631,-0.98025,124350
747,631,1.103894,124450
748,631,1.096815,124555
748,632,-0.98025,124645
748,633,-1.000272,124715
749,633,1.118775,124800
749,634,-1.000272,124835
749,635,-0.98025,124900
750,635,1.11467,124990
750,635,0.00395,125011
751,635,1.083761,125131
752,635,1.089818,125246
753,635,1.146332,125326
753,636,-1.000272,125441
754,636,1.133061,125516
755,636,1.10282,125616
755,637,-1.000272,125701
755,638,-1.000272,125836
756,638,1.060703,126001
757,638,1.086417,126151
758,638,1.080373,126276
759,638,1.121791,126376
760,638,1.11876,126481
760,639,-1.000272,126546
761,639,1.103083,126666
762,639,1.097767,126771
763,639,1.114988,126876
764,639,1.131307,126956
764,640,-1.000272,127031
765,640,1.123917,127131
766,640,1.065087,127286
766,641,-1.000272,127346
767,641,1.117789,127451
768,641,1.096815,127556
768,642,-1.000272,127676
768,643,-1.000272,127746
768,644,-1.000272,127826
768,645,-1.000272,127896
768,646,-0.98025,127941
768,647,-0.98025,128016
769,647,1.143207,128101
769,648,-0.98025,128171
770,648,1.106111,128266
771,648,1.109618,128361
772,648,1.108246,128476
773,648,1.074355,128611
774,648,1.093186,128721
775,648,1.127277,128816
775,649,-1.000272,128861
775,650,-1.000272,128946
775,651,-1.000272,129011
775,652,-0.98025,129081
776,652,1.066394,129231
776,653,-1.000272,129316
776,654,-0.98025,129366
776,655,-1.000272,129421
777,655,1.089013,129536
778,655,1.11975,129636
778,656,-0.98025,129721
779,656,1.107255,129816
779,657,-1.000272,129901
779,658,-1.000272,129976
779,659,-0.98025,130046
779,660,-1.000272,130106
780,660,1.098737,130211
780,661,-1.000272,130286
780,662,-0.98025,130351
780,663,-0.98025,130471
780,664,-1.000272,130546
780,665,-1.000272,130611
781,665,1.089013,130726
782,665,1.084473,130846
783,665,1.051811,131041
783,666,-0.98025,131156
783,667,-0.98025,131221
783,668,-1.000272,131281
783,669,-1.000272,131346
784,669,1.11876,131451
784,670,-0.98025,131506
785,670,1.11409,131616
785,671,-1.000272,131671
786,671,1.116007,131761
786,672,-1.000272,131881
786,673,-1.000272,131946
787,673,1.140573,132021
788,673,1.11876,132126
788,674,-1.000272,132186
789,674,1.123184,132271
790,674,1.116007,132361
791,674,1.081028,132486
791,675,-0.98025,132566
792,675,1.099728,132666
792,676,-1.000272,132721
792,677,-1.000272,132776
792,678,-1.000272,132831
792,679,-1.000272,132891
793,679,1.131307,132971
793,680,-1.000272,133156
793,681,-1.000272,133251
794,681,1.084473,133371
794,682,-0.98025,133431
794,683,-1.000272,133496
795,683,1.126133,133591
795,684,-1.000272,133671
795,685,-1.000272,133746
796,685,1.087447,133861
797,685,1.101768,133961
797,686,-1.000272,134011
798,686,1.107255,134106
798,687,-1.000272,134186
799,687,1.064663,134341
800,687,1.117789,134446
800,688,-1.000272,134511
801,688,1.104991,134606
802,688,1.053491,134796
802,689,-1.000272,134856
803,689,1.079991,135026
803,690,-1.000272,135146
804,690,1.083041,135306
805,690,1.082372,135431
806,690,1.122843,135531
806,691,-0.98025,135606
806,692,-1.000272,135696
807,692,1.10282,135796
808,692,1.107255,135891
809,692,1.122843,135991
810,692,1.09232,136101
810,693,-0.98025,136196
811,693,1.163662,136261
812,693,1.089194,136406
813,693,1.087447,136521
813,694,-1.000272,136671
814,694,1.095881,136776
814,695,-1.000272,136856
814,696,-1.000272,136911
814,697,-1.000272,136966
814,698,-1.000272,137081
814,699,-0.98025,137126
815,699,1.112087,137216
816,699,1.106111,137311
817,699,1.096815,137416
817,700,-0.98025,137501
818,700,1.081028,137626
818,701,-0.98025,137671
819,701,1.13211,137761
819,702,-1.000272,137841
820,702,1.133061,137916
820,703,-0.98025,137971
821,703,1.108423,138066
821,704,-0.98025,138161
821,705,-0.98025,138231
822,705,1.11876,138336
823,705,1.130861,138426
824,705,1.134693,138516
824,706,-1.000272,138571
825,706,1.117375,138656
826,706,1.11876,138761
826,707,-0.98025,138831
827,707,1.09975,138956
828,707,1.126133,139051
828,708,-1.000272,139101
829,708,1.109618,139196
829,709,-0.98025,139256
830,709,1.137397,139341
831,709,1.107255,139436
832,709,1.094966,139541
832,710,-1.000272,139611
832,711,-1.000272,139696
833,711,1.10522,139816
833,712,-0.98025,139881
834,712,1.118775,139966
834,713,-1.000272,140091
835,713,1.130861,140181
835,714,-1.000272,140246
836,714,1.087447,140361
837,714,1.129598,140441
838,714,1.07065,140586
839,714,1.084473,140706
840,714,1.117789,140811
840,715,-0.98025,140881
841,715,1.12964,140976
841,716,-0.98025,141041
842,716,1.065517,141196
842,717,-0.98025,141236
843,717,1.11467,141326
843,718,-1.000272,141461
844,718,1.101768,141561
844,719,-1.000272,141626
844,720,-1.000272,141686
844,721,-0.98025,141806
844,722,-1.000272,141901
845,722,1.140573,141976
846,722,1.085935,142096
846,723,-0.98025,142171
846,724,-0.98025,142291
847,724,1.133061,142366
848,724,1.079728,142491
849,724,1.085935,142611
850,724,1.140232,142696
851,724,1.127277,142791
851,725,-0.98025,142846
852,725,1.136029,142936
853,725,1.112087,143026
853,726,-0.98025,143071
853,727,-0.98025,143161
853,728,-1.000272,143231
854,728,1.100395,143356
854,729,-0.98025,143431
855,729,1.142585,143501
856,729,1.11975,143601
857,729,1.112343,143711
857,730,-1.000272,143806
857,731,-0.98025,143901
858,731,1.138798,143986
858,732,-0.98025,144051
858,733,-1.000272,144116
858,734,-1.000272,144181
858,735,-1.000272,144256
858,736,-1.000272,144321
859,736,1.116837,144426
860,736,1.123184,144511
861,736,1.142585,144581
862,736,1.073257,144721
863,736,1.093186,144831
863,737,-1.000272,144921
864,737,1.08968,145066
864,738,-0.98025,145126
865,738,1.133061,145201
865,739,-0.98025,145256
866,739,1.10282,145356
867,739,1.138798,145441
868,739,1.122843,145541
869,739,1.153574,145606
869,740,-0.98025,145691
870,740,1.11975,145791
871,740,1.094966,145896
871,741,-1.000272,145951
872,741,1.09232,146061
872,742,-0.98025,146141
872,743,-0.98025,146221
872,744,-1.000272,146326
872,745,-0.98025,146366
873,745,1.130861,146456
874,745,1.10282,146556
875,745,1.113208,146666
875,746,-1.000272,146711
876,746,1.101768,146811
877,746,1.098737,146916
878,746,1.106707,147031
879,746,1.116837,147136
880,746,1.125013,147231
881,746,1.116007,147321
881,747,-0.98025,147386
882,747,1.11975,147486
882,748,-0.98025,147536
882,749,-0.98025,147616
883,749,1.089013,147731
883,750,-0.98025,147851
884,750,1.116007,147941
885,750,1.14962,148021
886,750,1.109618,148116
887,750,1.129598,148196
888,750,1.116837,148301
888,751,-0.98025,148436
888,752,-0.98025,148506
888,753,-1.000272,148566
888,754,-0.98025,148656
889,754,1.109618,148751
890,754,1.110839,148841
890,755,-1.000272,148901
890,756,-0.98025,148946
890,757,-1.000272,149021
890,758,-0.98025,149086
891,758,1.134693,149176
891,759,-0.98025,149296
892,759,1.112343,149406
893,759,1.110659,149516
894,759,1.090672,149661
894,760,-0.98025,149751
894,761,-0.98025,149841
895,761,1.078468,149971
895,761,0.00395,150012
896,761,1.121679,150097
897,761,1.079093,150227
898,761,1.106111,150322
899,761,1.086864,150472
900,761,1.095881,150577
900,762,-0.98025,150647
900,763,-1.000272,150732
901,763,1.085198,150852
901,764,-0.98025,150967
901,765,-0.98025,151027
901,766,-0.98025,151092
901,767,-1.000272,151157
901,768,-0.98025,151227
901,769,-1.000272,151302
902,769,1.112087,151392
903,769,1.108423,151487
904,769,1.115904,151592
905,769,1.091471,151702
906,769,1.12021,151787
907,769,1.129598,151867
907,770,-1.000272,151927
908,770,1.104991,152022
908,771,-1.000272,152082
908,772,-1.000272,152147
909,772,1.127277,152242
910,772,1.14475,152322
910,773,-0.98025,152397
910,774,-1.000272,152532
911,774,1.080373,152657
911,775,-0.98025,152737
911,776,-1.000272,152792
912,776,1.089818,152907
913,776,1.104496,153027
913,777,-0.98025,153087
914,777,1.093186,153197
914,778,-0.98025,153287
915,778,1.089818,153402
915,779,-1.000272,153472
916,779,1.074916,153607
916,780,-1.000272,153702
916,781,-1.000272,153842
916,782,-1.000272,153907
917,782,1.114988,154012
917,783,-0.98025,154072
918,783,1.054976,154257
918,784,-1.000272,154327
918,785,-0.98025,154387
918,786,-1.000272,154442
918,787,-0.98025,154502
919,787,1.09232,154612
920,787,1.073257,154752
921,787,1.093186,154862
922,787,1.059251,155032
922,788,-0.98025,155097
922,789,-1.000272,155162
923,789,1.094966,155267
923,790,-0.98025,155392
924,790,1.067755,155542
924,791,-1.000272,155617
924,792,-0.98025,155687
925,792,1.089013,155802
925,793,-1.000272,155897
925,794,-1.000272,155997
925,795,-0.98025,156132
926,795,1.123184,156217
926,796,-1.000272,156287
926,797,-1.000272,156377
926,798,-0.98025,156422
926,799,-0.98025,156497
927,799,1.090637,156607
927,800,-1.000272,156667
927,801,-1.000272,156732
928,801,1.107255,156827
928,802,-1.000272,156942
929,802,1.101768,157042
929,803,-1.000272,157097
930,803,1.093186,157207
931,803,1.100738,157307
932,803,1.089818,157422
932,804,-1.000272,157477
932,805,-1.000272,157522
933,805,1.094966,157627
934,805,1.112343,157737
934,806,-1.000272,157782
935,806,1.092743,157922
935,807,-0.98025,157992
935,808,-0.98025,158047
936,808,1.123184,158132
936,809,-1.000272,158197
936,810,-0.98025,158277
937,810,1.143207,158362
937,811,-0.98025,158422
938,811,1.095881,158527
939,811,1.078468,158657
940,811,1.102395,158782
941,811,1.085198,158902
942,811,1.127277,158997
943,811,1.062621,159157
944,811,1.101717,159282
945,811,1.086684,159397
945,812,-0.98025,159462
946,812,1.093186,159572
946,813,-1.000272,159642
947,813,1.077247,159772
947,814,-0.98025,159832
948,814,1.091471,159942
948,815,-0.98025,160007
948,816,-1.000272,160072
949,816,1.104991,160167
949,817,-1.000272,160222
949,818,-1.000272,160342
949,819,-1.000272,160422
949,820,-0.98025,160482
949,821,-1.000272,160542
950,821,1.151329,160622
950,822,-0.98025,160737
950,823,-0.98025,160837
950,824,-1.000272,160902
950,825,-1.000272,161012
951,825,1.078468,161142
951,826,-1.000272,161207
951,827,-1.000272,161282
951,828,-1.000272,161347
952,828,1.082372,161472
952,829,-0.98025,161542
953,829,1.11467,161632
953,830,-1.000272,161702
953,831,-0.98025,161812
954,831,1.154885,161887
955,831,1.106707,162002
955,832,-0.98025,162077
955,833,-0.98025,162152
955,834,-0.98025,162287
955,835,-1.000272,162327
956,835,1.104496,162447
957,835,1.090637,162557
958,835,1.098737,162662
959,835,1.07167,162802
960,835,1.104496,162922
960,836,-0.98025,162967
961,836,1.080373,163092
962,836,1.087447,163207
963,836,1.126133,163302
964,836,1.136714,163377
965,836,1.094377,163512
966,836,1.098737,163617
966,837,-1.000272,163682
966,838,-1.000272,163767
967,838,1.117375,163852
967,839,-1.000272,163917
968,839,1.101768,164017
969,839,1.110839,164107
970,839,1.069172,164252
970,840,-1.000272,164312
971,840,1.101768,164412
971,841,-1.000272,164497
971,842,-1.000272,164627
971,843,-0.98025,164687
971,844,-0.98025,164742
972,844,1.114988,164847
973,844,1.098737,164952
973,845,-0.98025,165007
974,845,1.087318,165157
975,845,1.10282,165257
976,845,1.121791,165357
977,845,1.082372,165482
978,845,1.090637,165592
979,845,1.065087,165747
980,845,1.141701,165832
980,846,-0.98025,165887
980,847,-1.000272,165962
980,848,-1.000272,166032
980,849,-0.98025,166087
980,850,-1.000272,166162
981,850,1.11467,166252
982,850,1.108423,166347
983,850,1.12021,166432
983,851,-1.000272,166487
984,851,1.110839,166577
984,852,-1.000272,166702
985,852,1.134693,166792
986,852,1.153083,166867
987,852,1.094377,167002
987,853,-1.000272,167052
988,853,1.134863,167127
989,853,1.138798,167212
989,854,-1.000272,167282
990,854,1.084473,167402
991,854,1.133386,167492
991,855,-1.000272,167582
992,855,1.089013,167697
992,856,-1.000272,167757
992,857,-1.000272,167837
992,858,-0.98025,167892
992,859,-1.000272,167947
993,859,1.081695,168072
994,859,1.098737,168177
995,859,1.089013,168292
996,859,1.076651,168422
996,860,-0.98025,168482
997,860,1.104496,168602
997,861,-1.000272,168677
998,861,1.095881,168782
999,861,1.089818,168897
999,862,-1.000272,168992
999,863,-1.000272,169102
1000,863,1.11467,169192
1001,863,1.14962,169272
1002,863,1.110839,169362
1003,863,1.112087,169452
1004,863,1.158639,169527
1005,863,1.14962,169607
1006,863,1.074916,169742
1007,863,1.094966,169847
1007,864,-1.000272,169922
1008,864,1.117375,170007
1009,864,1.116837,170112
1009,865,-1.000272,170187
1010,865,1.116007,170277
1011,865,1.095881,170382
1011,866,-0.98025,170462
1011,867,-0.98025,170552
1012,867,1.100738,170652
1013,867,1.164678,170722
1013,868,-1.000272,170777
1014,868,1.112087,170867
1014,869,-0.98025,170932
1014,870,-1.000272,170987
1014,871,-1.000272,171047
1015,871,1.143207,171132
1016,871,1.107255,171227
1017,871,1.117789,171332
1017,872,-0.98025,171397
1017,873,-0.98025,171477
1017,874,-0.98025,171527
1018,874,1.076064,171662
1019,874,1.072191,171802
1020,874,1.087447,171917
1021,874,1.087447,172032
1021,875,-1.000272,172087
1022,875,1.11467,172177
1023,875,1.151329,172257
1024,875,1.134693,172347
1024,876,-1.000272,172482
1024,877,-1.000272,172562
1025,877,1.11467,172652
1026,877,1.108423,172747
1026,878,-1.000272,172797
1027,878,1.14475,172877
1027,879,-0.98025,173002
1028,879,1.085198,173122
1029,879,1.099728,173222
1030,879,1.098737,173327
1031,879,1.074916,173462
1031,880,-0.98025,173532
1031,881,-0.98025,173592
1032,881,1.11975,173692
1033,881,1.09232,173802
1033,882,-0.98025,173887
1034,882,1.123917,173987
1035,882,1.115904,174092
1036,882,1.069172,174237
1036,883,-1.000272,174362
1036,884,-0.98025,174427
1036,885,-0.98025,174517
1037,885,1.12021,174602
1038,885,1.121679,174687
1038,886,-1.000272,174827
1038,887,-0.98025,174882
1039,887,1.10522,175002
1039,887,-5.448073E-05,175013
1039,888,-0.98025,175058
1040,888,1.085198,175178
1041,888,1.085109,175333
1042,888,1.141701,175418
1043,888,1.117375,175503
1044,888,1.110839,175593
1044,889,-1.000272,175678
1044,890,-0.98025,175763
1044,891,-0.98025,175838
1045,891,1.116007,175928
1046,891,1.121679,176013
1047,891,1.131307,176093
1048,891,1.096815,176198
1048,892,-1.000272,176273
1048,893,-0.98025,176348
1048,894,-1.000272,176468
1049,894,1.083761,176588
1049,895,-1.000272,176653
1050,895,1.076064,176788
1051,895,1.116007,176878
1052,895,1.106707,176993
1053,895,1.062621,177153
1053,896,-1.000272,177203
1053,897,-0.98025,177288
1053,898,-1.000272,177373
1054,898,1.112343,177483
1055,898,1.093186,177593
1055,899,-1.000272,177633
1055,900,-1.000272,177718
1056,900,1.094377,177853
1057,900,1.098737,177958
1057,901,-0.98025,178023
1057,902,-1.000272,178118
1058,902,1.103894,178218
1058,903,-0.98025,178283
1058,904,-1.000272,178338
1059,904,1.121791,178438
1060,904,1.09232,178548
1061,904,1.103894,178648
1062,904,1.093186,178758
1063,904,1.09232,178868
1064,904,1.12076,178968
1065,904,1.108246,179083
1065,905,-1.000272,179143
1066,905,1.083761,179263
1067,905,1.077853,179393
1067,906,-1.000272,179503
1067,907,-0.98025,179563
1067,908,-0.98025,179623
1068,908,1.121679,179708
1068,909,-0.98025,179768
1068,910,-0.98025,179843
1069,910,1.091471,179953
1070,910,1.109618,180048
1070,911,-1.000272,180128
1070,912,-1.000272,180198
1070,913,-1.000272,180263
1070,914,-1.000272,180398
1071,914,1.083061,180518
1071,915,-0.98025,180643
1071,916,-1.000272,180718
1072,916,1.079728,180843
1072,917,-0.98025,180908
1073,917,1.14962,180988
1073,918,-1.000272,181058
1074,918,1.09232,181168
1074,919,-0.98025,181253
1075,919,1.079728,181378
1076,919,1.108423,181473
1077,919,1.083761,181593
1077,920,-1.000272,181653
1077,921,-0.98025,181718
1078,921,1.110839,181808
1079,921,1.086684,181923
1080,921,1.085198,182043
1080,922,-0.98025,182103
1081,922,1.11467,182193
1082,922,1.079991,182363
1082,923,-1.000272,182453
1082,924,-1.000272,182523
1082,925,-1.000272,182598
1082,926,-1.000272,182663
1083,926,1.137397,182748
1084,926,1.106111,182843
1085,926,1.138798,182928
1085,927,-0.98025,183043
1085,928,-0.98025,183083
1085,929,-1.000272,183138
1086,929,1.112343,183248
1087,929,1.121791,183348
1087,930,-1.000272,183408
1087,931,-1.000272,183468
1088,931,1.109618,183563
1089,931,1.100738,183663
1090,931,1.104991,183758
1091,931,1.090637,183868
1092,931,1.107255,183963
1093,931,1.085935,184083
1094,931,1.12021,184168
1095,931,1.118775,184253
1095,932,-0.98025,184308
1096,932,1.127277,184403
1097,932,1.099728,184503
1098,932,1.116007,184593
1098,933,-0.98025,184718
1099,933,1.077247,184848
1100,933,1.130861,184938
1101,933,1.103894,185038
1101,934,-1.000272,185118
1101,935,-1.000272,185178
1102,935,1.151329,185258
1102,936,-1.000272,185358
1103,936,1.104991,185453
1103,937,-1.000272,185513
1104,937,1.101768,185613
1105,937,1.080373,185738
1105,938,-1.000272,185843
1105,939,-0.98025,185903
1105,940,-0.98025,186023
1106,940,1.082643,186183
1106,941,-0.98025,186258
1107,941,1.089013,186373
1107,942,-1.000272,186438
1108,942,1.100738,186538
1109,942,1.107469,186653
1109,943,-1.000272,186723
1110,943,1.095881,186828
1110,944,-1.000272,186908
1111,944,1.083761,187028
1111,945,-0.98025,187093
1111,946,-1.000272,187168
1111,947,-0.98025,187243
1112,947,1.107255,187338
1112,948,-0.98025,187403
1112,949,-0.98025,187468
1112,950,-0.98025,187543
1113,950,1.085198,187663
1113,951,-1.000272,187753
1113,952,-0.98025,187813
1113,953,-1.000272,187888
1113,954,-1.000272,187943
1114,954,1.108423,188038
1114,955,-1.000272,188113
1114,956,-0.98025,188243
1114,957,-1.000272,188313
1115,957,1.102395,188438
1116,957,1.099728,188538
1116,958,-1.000272,188608
1117,958,1.086684,188723
1117,959,-1.000272,188778
1118,959,1.085198,188898
1119,959,1.12631,188978
1120,959,1.109036,189093
1121,959,1.109036,189208
1122,959,1.105957,189328
1123,959,1.07065,189473
1123,960,-1.000272,189523
1124,960,1.10282,189623
1125,960,1.127277,189718
1125,961,-1.000272,189773
1125,962,-0.98025,189863
1125,963,-1.000272,189913
1125,964,-1.000272,189988
1125,965,-1.000272,190043
1125,966,-1.000272,190098
1125,967,-1.000272,190203
1126,967,1.101768,190303
1126,968,-1.000272,190378
1127,968,1.056225,190558
1128,968,1.09849,190688
1129,968,1.154885,190763
1130,968,1.086684,190878
1131,968,1.075485,191013
1131,969,-0.98025,191063
1132,969,1.117789,191168
1133,969,1.133386,191258
1134,969,1.074999,191443
1134,970,-0.98025,191508
1135,970,1.077853,191638
1136,970,1.112343,191748
1137,970,1.133386,191838
1138,970,1.087447,191953
1138,971,-1.000272,192018
1139,971,1.113208,192128
1140,971,1.097269,192258
1141,971,1.108423,192353
1142,971,1.108423,192448
1143,971,1.083061,192568
1144,971,1.146786,192638
1144,972,-0.98025,192688
1145,972,1.110839,192778
1146,972,1.118775,192863
1147,972,1.104991,192958
1147,973,-0.98025,193053
1148,973,1.085935,193173
1149,973,1.10282,193273
1149,974,-1.000272,193328
1150,974,1.077853,193458
1151,974,1.108423,193553
1151,975,-1.000272,193608
1152,975,1.103784,193728
1152,976,-1.000272,193803
1153,976,1.083761,193923
1153,977,-1.000272,194038
1153,978,-1.000272,194098
1154,978,1.086684,194213
1155,978,1.117375,194298
1155,979,-0.98025,194373
1155,980,-0.98025,194458
1155,981,-0.98025,194538
1156,981,1.112087,194628
1157,981,1.094067,194738
1158,981,1.124728,194818
1158,982,-1.000272,194878
1158,983,-1.000272,194938
1158,984,-1.000272,195013
1158,985,-1.000272,195068
1159,985,1.096815,195173
1160,985,1.10282,195273
1160,986,-1.000272,195318
1161,986,1.094966,195423
1161,987,-1.000272,195478
1162,987,1.085198,195598
1163,987,1.087447,195713
1163,988,-1.000272,195778
1163,989,-1.000272,195848
1164,989,1.091471,195958
1165,989,1.099115,196088
1165,990,-0.98025,196153
1166,990,1.136029,196243
1167,990,1.078468,196373
1167,991,-1.000272,196463
1168,991,1.116007,196553
1169,991,1.074916,196688
1169,992,-0.98025,196768
1169,993,-0.98025,196833
1169,994,-0.98025,196908
1170,994,1.130861,196998
1170,995,-1.000272,197068
1170,996,-0.98025,197108
1170,997,-0.98025,197173
1170,998,-1.000272,197228
1170,999,-0.98025,197303
1170,1000,-0.98025,197418
1170,1001,-0.98025,197473
1170,1002,-1.000272,197528
1170,1003,-0.98025,197613
1170,1004,-0.98025,197673
1171,1004,1.10282,197773
1171,1005,-1.000272,197878
1172,1005,1.14475,197958
1173,1005,1.086684,198073
1173,1006,-1.000272,198133
1173,1007,-1.000272,198193
1173,1008,-0.98025,198253
1174,1008,1.098737,198358
1175,1008,1.106111,198453
1176,1008,1.121791,198553
1177,1008,1.104991,198648
1177,1009,-1.000272,198713
1177,1010,-1.000272,198768
1177,1011,-1.000272,198813
1178,1011,1.158639,198888
1178,1012,-1.000272,198983
1179,1012,1.087447,199098
1180,1012,1.081028,199223
1181,1012,1.09232,199333
1182,1012,1.097767,199438
1182,1013,-1.000272,199523
1182,1014,-1.000272,199593
1182,1015,-0.98025,199673
1183,1015,1.153083,199748
1184,1015,1.104991,199843
1184,1016,-0.98025,199898
1185,1016,1.12021,199983
1185,1016,0.00395,200014
1185,1017,-1.000272,200104
1185,1018,-0.98025,200194
1186,1018,1.121679,200279
1186,1019,-1.000272,200339
1187,1019,1.106111,200434
1188,1019,1.094966,200539
1188,1020,-0.98025,200604
1188,1021,-1.000272,200689
1189,1021,1.12021,200774
1189,1022,-1.000272,200854
1190,1022,1.112087,200944
1190,1023,-0.98025,201004
1191,1023,1.113208,201114
1191,1024,-1.000272,201234
1191,1025,-0.98025,201354
1191,1026,-1.000272,201429
1191,1027,-0.98025,201499
1191,1028,-1.000272,201574
1191,1029,-1.000272,201654
1192,1029,1.083761,201774
1193,1029,1.087447,201889
1193,1030,-1.000272,201949
1194,1030,1.101051,202074
1194,1031,-0.98025,202134
1194,1032,-1.000272,202194
1195,1032,1.086684,202309
1196,1032,1.101768,202409
1197,1032,1.08968,202554
1197,1033,-1.000272,202694
1198,1033,1.074916,202829
1198,1034,-0.98025,202904
1199,1034,1.089013,203019
1199,1035,-0.98025,203084
1199,1036,-1.000272,203139
1200,1036,1.103894,203239
1200,1037,-1.000272,203299
1201,1037,1.064244,203454
1201,1038,-0.98025,203519
1202,1038,1.094067,203629
1203,1038,1.085935,203749
1204,1038,1.11467,203839
1204,1039,-0.98025,203904
1205,1039,1.088223,204019
1206,1039,1.134693,204109
1206,1040,-0.98025,204199
1207,1040,1.121791,204299
1207,1041,-1.000272,204369
1208,1041,1.093186,204479
1208,1042,-1.000272,204534
1209,1042,1.10522,204654
1210,1042,1.121679,204739
1210,1043,-1.000272,204794
1210,1044,-0.98025,204874
1210,1045,-0.98025,204939
1211,1045,1.095881,205044
1211,1046,-1.000272,205099
1211,1047,-1.000272,205154
1211,1048,-1.000272,205224
1212,1048,1.085935,205344
1212,1049,-0.98025,205404
1213,1049,1.096673,205534
1213,1050,-1.000272,205599
1214,1050,1.104991,205694
1215,1050,1.097767,205799
1216,1050,1.094067,205909
1216,1051,-0.98025,205974
1216,1052,-0.98025,206044
1216,1053,-1.000272,206114
1216,1054,-1.000272,206229
1216,1055,-1.000272,206299
1217,1055,1.09232,206409
1217,1056,-0.98025,206484
1217,1057,-1.000272,206529
1217,1058,-1.000272,206599
1217,1059,-1.000272,206714
1218,1059,1.094067,206824
1219,1059,1.094966,206929
1219,1060,-1.000272,207004
1219,1061,-1.000272,207069
1219,1062,-1.000272,207129
1220,1062,1.054372,207314
1220,1063,-0.98025,207384
1221,1063,1.103894,207484
1221,1064,-1.000272,207564
1221,1065,-1.000272,207709
1222,1065,1.117375,207794
1223,1065,1.091471,207904
1223,1066,-1.000272,207979
1224,1066,1.110839,208069
1224,1067,-1.000272,208164
1225,1067,1.12076,208264
1226,1067,1.116837,208369
1226,1068,-0.98025,208439
1227,1068,1.097767,208544
1228,1068,1.101051,208669
1229,1068,1.097767,208774
1229,1069,-1.000272,208819
1230,1069,1.093186,208929
1230,1070,-0.98025,208984
1231,1070,1.104991,209079
1231,1071,-0.98025,209119
1232,1071,1.104991,209214
1232,1072,-0.98025,209289
1232,1073,-1.000272,209404
1232,1074,-1.000272,209474
1232,1075,-1.000272,209584
1232,1076,-1.000272,209664
1233,1076,1.141701,209749
1234,1076,1.109618,209844
1234,1077,-0.98025,209914
1234,1078,-1.000272,209994
1234,1079,-1.000272,210049
1234,1080,-0.98025,210109
1235,1080,1.101768,210209
1236,1080,1.089818,210324
1236,1081,-1.000272,210409
1236,1082,-1.000272,210469
1236,1083,-1.000272,210539
1236,1084,-1.000272,210619
1237,1084,1.089818,210734
1238,1084,1.107255,210829
1239,1084,1.083061,210949
1239,1085,-1.000272,210989
1239,1086,-1.000272,211044
1240,1086,1.12021,211129
1240,1087,-1.000272,211254
1240,1088,-0.98025,211319
1241,1088,1.118775,211404
1241,1089,-1.000272,211474
1241,1090,-1.000272,211534
1242,1090,1.113208,211644
1243,1090,1.109036,211759
1243,1091,-0.98025,211824
1244,1091,1.11876,211929
1245,1091,1.09232,212039
1246,1091,1.099728,212139
1247,1091,1.107469,212254
1247,1092,-0.98025,212334
1248,1092,1.110839,212424
1248,1093,-1.000272,212484
1248,1094,-0.98025,212544
1249,1094,1.10282,212644
1250,1094,1.077853,212774
1251,1094,1.074098,212959
1251,1095,-1.000272,213019
1251,1096,-0.98025,213089
1251,1097,-0.98025,213164
1251,1098,-1.000272,213229
1251,1099,-1.000272,213309
1251,1100,-0.98025,213369
1251,1101,-1.000272,213444
1252,1101,1.093186,213554
1253,1101,1.154885,213629
1253,1102,-0.98025,213774
1253,1103,-1.000272,213844
1254,1103,1.110659,213954
1255,1103,1.121679,214039
1255,1104,-1.000272,214109
1256,1104,1.113364,214199
1256,1105,-1.000272,214274
1257,1105,1.091471,214384
1257,1106,-1.000272,214454
1257,1107,-1.000272,214529
1258,1107,1.094377,214664
1259,1107,1.089013,214779
1260,1107,1.11467,214869
1261,1107,1.087447,214984
1262,1107,1.094966,215089
1262,1108,-0.98025,215129
1262,1109,-1.000272,215219
1263,1109,1.117375,215304
1264,1109,1.127277,215399
1265,1109,1.100738,215499
1265,1110,-0.98025,215559
1266,1110,1.147955,215639
1267,1110,1.100738,215739
1267,1111,-0.98025,215829
1268,1111,1.110659,215939
1268,1112,-0.98025,216064
1269,1112,1.09232,216174
1270,1112,1.089013,216289
1270,1113,-1.000272,216364
1271,1113,1.069172,216509
1272,1113,1.075485,216644
1272,1114,-1.000272,216704
1272,1115,-1.000272,216789
1272,1116,-0.98025,216864
1272,1117,-1.000272,216984
1272,1118,-1.000272,217074
1273,1118,1.081695,217199
1274,1118,1.085198,217319
1274,1119,-0.98025,217379
1275,1119,1.112087,217469
1275,1120,-0.98025,217539
1275,1121,-1.000272,217619
1275,1122,-1.000272,217689
1275,1123,-1.000272,217749
1275,1124,-0.98025,217824
1276,1124,1.128446,217919
1276,1125,-1.000272,217984
1277,1125,1.097767,218089
1277,1126,-1.000272,218154
1278,1126,1.099728,218254
1278,1127,-1.000272,218334
1278,1128,-1.000272,218404
1278,1129,-0.98025,218464
1279,1129,1.089818,218579
1280,1129,1.09232,218689
1281,1129,1.112087,218779
1282,1129,1.102395,218904
1282,1130,-1.000272,218969
1283,1130,1.101768,219069
1284,1130,1.069172,219214
1284,1131,-1.000272,219279
1284,1132,-1.000272,219329
1284,1133,-0.98025,219404
1285,1133,1.082372,219529
1285,1134,-1.000272,219619
1285,1135,-1.000272,219694
1285,1136,-1.000272,219779
1285,1137,-1.000272,219839
1285,1138,-1.000272,219919
1286,1138,1.126133,220014
1286,1139,-0.98025,220094
1286,1140,-1.000272,220154
1286,1141,-1.000272,220229
1286,1142,-1.000272,220309
1287,1142,1.103784,220429
1288,1142,1.134693,220519
1288,1143,-0.98025,220599
1288,1144,-0.98025,220719
1288,1145,-1.000272,220809
1289,1145,1.100738,220909
1289,1146,-1.000272,220974
1289,1147,-0.98025,221074
1290,1147,1.13211,221164
1290,1148,-1.000272,221274
1290,1149,-1.000272,221334
1291,1149,1.091471,221444
1291,1150,-0.98025,221514
1292,1150,1.094966,221619
1292,1151,-1.000272,221674
1293,1151,1.107469,221789
1293,1152,-1.000272,221864
1294,1152,1.079093,221994
1294,1153,-1.000272,222069
1295,1153,1.113364,222159
1295,1154,-1.000272,222224
1295,1155,-0.98025,222279
1296,1155,1.078574,222449
1296,1156,-0.98025,222509
1296,1157,-1.000272,222614
1296,1158,-1.000272,222669
1297,1158,1.109618,222764
1297,1159,-0.98025,222819
1297,1160,-0.98025,222879
1297,1161,-1.000272,222984
1297,1162,-0.98025,223109
1297,1163,-0.98025,223224
1298,1163,1.117375,223309
1298,1164,-1.000272,223369
1299,1164,1.111493,223479
1300,1164,1.118775,223564
1300,1165,-1.000272,223634
1301,1165,1.091471,223744
1302,1165,1.088223,223859
1302,1166,-1.000272,223919
1303,1166,1.087447,224034
1304,1166,1.107469,224149
1304,1167,-1.000272,224214
1304,1168,-0.98025,224279
1305,1168,1.10984,224394
1305,1169,-0.98025,224454
1306,1169,1.118775,224539
1307,1169,1.10282,224639
1307,1170,-0.98025,224699
1308,1170,1.109036,224814
1308,1171,-0.98025,224869
1308,1172,-0.98025,224929
1308,1173,-1.000272,225004
1308,1173,-5.448073E-05,225015
1308,1174,-0.98025,225095
1309,1174,1.094966,225200
1309,1175,-0.98025,225255
1309,1176,-0.98025,225310
1309,1177,-0.98025,225380
1309,1178,-1.000272,225475
1309,1179,-0.98025,225565
1309,1180,-1.000272,225640
1310,1180,1.068221,225790
1310,1181,-0.98025,225855
1311,1181,1.085198,225975
1312,1181,1.138798,226060
1313,1181,1.110659,226170
1313,1182,-0.98025,226225
1314,1182,1.097767,226330
1315,1182,1.097767,226435
1316,1182,1.11467,226525
1317,1182,1.100738,226625
1317,1183,-0.98025,226700
1317,1184,-1.000272,226835
1318,1184,1.108423,226930
1318,1185,-0.98025,226990
1319,1185,1.096815,227095
1320,1185,1.081695,227220
1321,1185,1.102395,227345
1322,1185,1.10282,227445
1322,1186,-0.98025,227510
1323,1186,1.106707,227625
1323,1187,-1.000272,227695
1324,1187,1.123184,227780
1324,1188,-1.000272,227895
1324,1189,-0.98025,227950
1325,1189,1.12076,228050
1325,1190,-1.000272,228120
1326,1190,1.105957,228240
1327,1190,1.083061,228360
1328,1190,1.10984,228475
1328,1191,-0.98025,228530
1328,1192,-1.000272,228600
1329,1192,1.104991,228695
1329,1193,-1.000272,228765
1329,1194,-0.98025,228835
1329,1195,-0.98025,228905
1329,1196,-0.98025,229005
1329,1197,-0.98025,229110
1329,1198,-1.000272,229180
1329,1199,-1.000272,229260
1329,1200,-1.000272,229330
1329,1201,-1.000272,229395
1329,1202,-0.98025,229495
1329,1203,-0.98025,229585
1329,1204,-1.000272,229660
1329,1205,-1.000272,229740
1329,1206,-0.98025,229805
1329,1207,-0.98025,229875
1329,1208,-1.000272,229945
1330,1208,1.11876,230050
1331,1208,1.079728,230175
1331,1209,-0.98025,230280
1332,1209,1.094067,230390
1333,1209,1.134863,230465
1333,1210,-1.000272,230585
1334,1210,1.106111,230680
1334,1211,-1.000272,230740
1334,1212,-0.98025,230790
1335,1212,1.089194,230935
1335,1213,-1.000272,231000
1335,1214,-1.000272,231075
1336,1214,1.103894,231175
1336,1215,-1.000272,231245
1337,1215,1.106707,231360
1337,1216,-1.000272,231440
1337,1217,-0.98025,231505
1337,1218,-0.98025,231560
1338,1218,1.12076,231660
1338,1219,-1.000272,231755
1338,1220,-1.000272,231815
1338,1221,-0.98025,231885
1339,1221,1.10522,232005
1339,1222,-0.98025,232120
1339,1223,-0.98025,232195
1339,1224,-1.000272,232270
1339,1225,-1.000272,232310
1339,1226,-1.000272,232405
1340,1226,1.094966,232510
1341,1226,1.085935,232630
1342,1226,1.091471,232740
1343,1226,1.106111,232835
1344,1226,1.097767,232940
1344,1227,-0.98025,233010
1345,1227,1.07167,233150
1345,1228,-0.98025,233205
1345,1229,-1.000272,233270
1346,1229,1.097875,233400
1346,1230,-0.98025,233475
1347,1230,1.106707,233590
1347,1231,-1.000272,233670
1347,1232,-0.98025,233795
1348,1232,1.088223,233910
1348,1233,-1.000272,233970
1349,1233,1.074916,234105
1350,1233,1.095881,234210
1351,1233,1.082372,234335
1351,1234,-0.98025,234395
1351,1235,-1.000272,234470
1351,1236,-0.98025,234525
1352,1236,1.098737,234630
1352,1237,-0.98025,234750
1352,1238,-1.000272,234815
1353,1238,1.091471,234925
1354,1238,1.083761,235045
1355,1238,1.12021,235130
1356,1238,1.094067,235240
1357,1238,1.098737,235345
1358,1238,1.10522,235465
1359,1238,1.089818,235580
1359,1239,-1.000272,235635
1359,1240,-0.98025,235690
1359,1241,-0.98025,235755
1360,1241,1.079093,235885
1360,1242,-1.000272,235945
1360,1243,-1.000272,236030
1360,1244,-1.000272,236105
1360,1245,-1.000272,236235
1361,1245,1.090637,236345
1362,1245,1.101051,236470
1362,1246,-0.98025,236535
1363,1246,1.122843,236635
1363,1247,-1.000272,236690
1363,1248,-1.000272,236755
1363,1249,-1.000272,236865
1364,1249,1.096815,236970
1364,1250,-1.000272,237050
1364,1251,-0.98025,237145
1364,1252,-1.000272,237235
1365,1252,1.091471,237345
1366,1252,1.09232,237455
1366,1253,-1.000272,237520
1366,1254,-0.98025,237590
1366,1255,-1.000272,237665
1367,1255,1.096815,237770
1368,1255,1.098737,237875
1369,1255,1.080373,238000
1369,1256,-1.000272,238070
1369,1257,-0.98025,238155
1369,1258,-0.98025,238280
1370,1258,1.073802,238415
1370,1259,-0.98025,238470
1370,1260,-1.000272,238545
1370,1261,-1.000272,238615
1371,1261,1.099728,238715
1372,1261,1.12076,238815
1372,1262,-0.98025,238875
1372,1263,-1.000272,239005
1372,1264,-1.000272,239070
1373,1264,1.106111,239165
1374,1264,1.093279,239305
1375,1264,1.113364,239395
1376,1264,1.097767,239500
1377,1264,1.134693,239590
1377,1265,-0.98025,239655
1377,1266,-1.000272,239745
1377,1267,-1.000272,239810
1377,1268,-0.98025,239955
1377,1269,-0.98025,240025
1378,1269,1.094067,240135
1379,1269,1.116007,240225
1380,1269,1.090637,240335
1381,1269,1.078468,240465
1382,1269,1.097767,240570
1382,1270,-0.98025,240640
1383,1270,1.121791,240740
1383,1271,-1.000272,240805
1383,1272,-1.000272,240880
1384,1272,1.099728,240980
1385,1272,1.117375,241065
1386,1272,1.088223,241180
1386,1273,-0.98025,241240
1387,1273,1.095881,241345
1387,1274,-1.000272,241445
1387,1275,-0.98025,241565
1387,1276,-1.000272,241635
1387,1277,-1.000272,241690
1388,1277,1.093186,241800
1388,1278,-1.000272,241920
1389,1278,1.103784,242040
1389,1279,-0.98025,242130
1389,1280,-1.000272,242295
1389,1281,-0.98025,242370
1390,1281,1.096673,242500
1391,1281,1.11409,242610
1391,1282,-1.000272,242710
1391,1283,-0.98025,242770
1391,1284,-0.98025,242835
1392,1284,1.112087,242925
1392,1285,-1.000272,242990
1392,1286,-1.000272,243070
1392,1287,-0.98025,243130
1393,1287,1.107255,243225
1393,1288,-1.000272,243300
1394,1288,1.107469,243415
1395,1288,1.117375,243500
1395,1289,-1.000272,243615
1395,1290,-0.98025,243700
1395,1291,-1.000272,243760
1396,1291,1.116007,243850
1397,1291,1.10984,243965
1397,1292,-0.98025,244080
1398,1292,1.081695,244205
1398,1293,-0.98025,244255
1398,1294,-1.000272,244325
1399,1294,1.099728,244425
1399,1295,-0.98025,244475
1399,1296,-0.98025,244540
1399,1297,-0.98025,244615
1400,1297,1.12076,244715
1401,1297,1.083761,244835
1401,1298,-1.000272,244895
1402,1298,1.098737,245000
1403,1298,1.109618,245095
1404,1298,1.127277,245190
1404,1299,-1.000272,245290
1405,1299,1.089013,245405
1405,1300,-1.000272,245465
1405,1301,-0.98025,245535
1405,1302,-1.000272,245600
1405,1303,-1.000272,245660
1405,1304,-1.000272,245720
1405,1305,-1.000272,245780
1405,1306,-1.000272,245860
1405,1307,-0.98025,245915
1405,1308,-0.98025,246010
1405,1309,-0.98025,246065
1405,1310,-1.000272,246165
1406,1310,1.082372,246290
1406,1311,-0.98025,246350
1407,1311,1.114988,246455
1408,1311,1.094067,246565
1408,1312,-0.98025,246630
1408,1313,-1.000272,246710
1408,1314,-1.000272,246770
1408,1315,-1.000272,246845
1408,1316,-1.000272,246945
1408,1317,-1.000272,247070
1408,1318,-0.98025,247160
1409,1318,1.089818,247275
1410,1318,1.086684,247390
1410,1319,-0.98025,247485
1411,1319,1.103894,247585
1411,1320,-0.98025,247640
1412,1320,1.090637,247750
1412,1321,-0.98025,247805
1412,1322,-0.98025,247920
1413,1322,1.130861,248010
1414,1322,1.094938,248145
1414,1323,-0.98025,248210
1415,1323,1.093186,248320
1415,1324,-1.000272,248395
1415,1325,-0.98025,248460
1416,1325,1.095881,248565
1416,1326,-1.000272,248735
1416,1327,-0.98025,248790
1416,1328,-0.98025,248885
1417,1328,1.098737,248990
1417,1329,-1.000272,249060
1417,1330,-1.000272,249115
1418,1330,1.089818,249230
1419,1330,1.101768,249330
1419,1331,-0.98025,249385
1419,1332,-0.98025,249455
1420,1332,1.091471,249565
1420,1333,-1.000272,249625
1420,1334,-1.000272,249755
1421,1334,1.10282,249855
1421,1335,-1.000272,249915
