Goals,Deaths,Reward,Step 
0,0,0,0
1,0,1.142585,70
2,0,1.11467,160
3,0,1.109618,255
4,0,1.123184,340
4,1,-1.000272,390
4,2,-1.000272,440
5,2,1.143207,525
5,3,-1.000272,585
6,3,1.140232,670
6,4,-1.000272,775
6,4,-5.448073E-05,776
7,4,1.118775,861
8,4,1.163662,926
9,4,1.101717,1051
10,4,1.124728,1131
10,5,-0.98025,1196
11,5,1.237823,1241
12,5,1.153574,1306
12,6,-1.000272,1381
12,7,-1.000272,1451
12,8,-1.000272,1536
13,8,1.277505,1576
14,8,1.136714,1651
15,8,1.106707,1766
16,8,1.175166,1826
17,8,1.12631,1906
17,9,-1.000272,1951
18,9,1.164678,2021
18,10,-1.000272,2096
18,11,-1.000272,2156
19,11,1.217119,2206
19,12,-1.000272,2266
20,12,1.123184,2351
21,12,1.29002,2391
22,12,1.249728,2431
22,13,-1.000272,2481
22,14,-1.000272,2556
23,14,1.166394,2616
24,14,1.166809,2686
24,15,-1.000272,2751
24,16,-1.000272,2796
25,16,1.151243,2866
25,17,-1.000272,2961
26,17,1.146786,3031
27,17,1.201568,3086
28,17,1.285442,3121
28,18,-0.98025,3171
29,18,1.163662,3236
29,19,-0.98025,3306
30,19,1.114988,3411
31,19,1.082372,3536
32,19,1.136029,3626
32,20,-1.000272,3701
33,20,1.21975,3751
33,21,-1.000272,3826
33,22,-0.98025,3866
33,23,-0.98025,3926
33,24,-1.000272,3986
34,24,1.11409,4096
34,25,-1.000272,4176
35,25,1.07963,4346
36,25,1.12631,4426
37,25,1.096815,4531
38,25,1.344555,4561
39,25,1.195806,4616
40,25,1.151243,4686
41,25,1.074355,4821
41,26,-1.000272,4866
42,26,1.094067,4976
43,26,1.195806,5031
44,26,1.232286,5076
44,27,-1.000272,5131
45,27,1.212494,5181
45,28,-1.000272,5236
46,28,1.073257,5376
47,28,1.208429,5431
48,28,1.133386,5521
48,29,-1.000272,5576
49,29,1.151329,5656
50,29,1.117375,5741
51,29,1.217119,5791
52,29,1.073257,5931
53,29,1.153574,5996
53,30,-1.000272,6051
54,30,1.112087,6141
54,31,-0.98025,6201
54,32,-1.000272,6261
55,32,1.138616,6336
56,32,1.108423,6431
57,32,1.146332,6511
58,32,1.227,6556
59,32,1.21975,6606
60,32,1.169219,6666
61,32,1.093279,6806
61,33,-0.98025,6896
61,34,-0.98025,6931
62,34,1.094966,7036
62,35,-1.000272,7116
63,35,1.142585,7186
64,35,1.109618,7281
64,36,-1.000272,7381
64,37,-1.000272,7431
65,37,1.232516,7481
66,37,1.087447,7596
66,38,-1.000272,7641
67,38,1.228083,7691
68,38,1.109036,7806
68,39,-1.000272,7926
68,40,-0.98025,8006
68,41,-0.98025,8061
68,42,-1.000272,8121
68,43,-1.000272,8161
69,43,1.35687,8191
69,44,-1.000272,8241
70,44,1.083853,8401
71,44,1.133061,8476
72,44,1.138616,8551
73,44,1.178299,8611
73,45,-1.000272,8671
74,45,1.232286,8716
75,45,1.134863,8791
75,46,-1.000272,8831
75,47,-1.000272,8886
75,48,-1.000272,8916
76,48,1.313868,8951
77,48,1.077853,9081
78,48,1.158639,9156
79,48,1.151329,9236
80,48,1.203809,9286
80,49,-0.98025,9371
81,49,1.083061,9491
82,49,1.249728,9531
82,50,-1.000272,9601
83,50,1.249728,9641
84,50,1.228083,9691
85,50,1.188407,9746
85,51,-1.000272,9806
86,51,1.129598,9886
87,51,1.127933,9966
88,51,1.256138,10006
89,51,1.12631,10086
89,52,-0.98025,10211
90,52,1.249728,10251
91,52,1.173596,10316
91,53,-0.98025,10356
91,54,-0.98025,10431
92,54,1.065087,10586
93,54,1.195806,10641
94,54,1.126133,10736
95,54,1.18104,10801
95,55,-1.000272,10851
96,55,1.297528,10891
97,55,1.078468,11021
98,55,1.103784,11141
98,56,-1.000272,11286
99,56,1.136714,11361
99,57,-0.98025,11396
99,58,-0.98025,11461
100,58,1.252308,11506
100,59,-0.98025,11596
101,59,1.232286,11641
102,59,1.208061,11691
103,59,1.192035,11746
104,59,1.18104,11811
104,60,-1.000272,11856
105,60,1.124728,11936
106,60,1.237823,11981
107,60,1.188407,12036
108,60,1.09232,12146
109,60,1.24363,12191
109,61,-0.98025,12236
110,61,1.151243,12306
110,62,-1.000272,12376
111,62,1.212058,12431
112,62,1.227,12476
113,62,1.136714,12551
114,62,1.107255,12646
115,62,1.161018,12711
116,62,1.09232,12821
116,63,-0.98025,12886
117,63,1.169219,12946
118,63,1.127933,13026
119,63,1.080373,13151
119,64,-1.000272,13201
119,65,-1.000272,13336
120,65,1.203809,13386
120,66,-1.000272,13441
121,66,1.24363,13486
122,66,1.07065,13631
122,67,-1.000272,13796
123,67,1.123184,13881
124,67,1.134693,13971
125,67,1.17848,14036
126,67,1.201568,14091
127,67,1.26975,14131
127,68,-1.000272,14176
128,68,1.136714,14251
129,68,1.071156,14391
130,68,1.228083,14441
131,68,1.085198,14561
131,69,-1.000272,14636
131,70,-1.000272,14686
132,70,1.083061,14806
133,70,1.138616,14881
134,70,1.302758,14916
134,71,-1.000272,15056
135,71,1.148981,15126
135,72,-1.000272,15166
136,72,1.103894,15266
136,73,-0.98025,15316
137,73,1.092214,15456
137,74,-1.000272,15506
137,75,-0.98025,15571
137,76,-1.000272,15621
138,76,1.21975,15671
139,76,1.223832,15721
139,77,-1.000272,15771
139,78,-1.000272,15896
139,79,-0.98025,15971
140,79,1.27616,16011
140,80,-0.98025,16096
141,80,1.090637,16206
142,80,1.262886,16246
143,80,1.17848,16311
144,80,1.140573,16386
145,80,1.147955,16466
146,80,1.136714,16541
147,80,1.096815,16646
148,80,1.171265,16716
149,80,1.100738,16816
150,80,1.141701,16901
150,81,-1.000272,16936
151,81,1.195806,16991
152,81,1.123917,17091
153,81,1.098737,17196
154,81,1.256138,17236
155,81,1.164678,17306
156,81,1.169219,17366
156,82,-0.98025,17406
157,82,1.305464,17441
158,82,1.097875,17571
159,82,1.098737,17676
160,82,1.088223,17791
161,82,1.12021,17876
162,82,1.12631,17956
163,82,1.103894,18056
164,82,1.198321,18116
165,82,1.148981,18186
165,83,-0.98025,18231
166,83,1.148981,18301
167,83,1.144655,18371
168,83,1.166394,18431
169,83,1.131307,18511
170,83,1.156736,18586
171,83,1.141701,18671
172,83,1.171265,18741
172,84,-0.98025,18826
172,85,-1.000272,18891
172,86,-1.000272,18951
172,87,-1.000272,19016
173,87,1.155978,19081
173,88,-1.000272,19156
174,88,1.181546,19211
175,88,1.188407,19266
176,88,1.12021,19351
177,88,1.103894,19451
178,88,1.085935,19571
179,88,1.054976,19756
180,88,1.237823,19801
181,88,1.166394,19861
181,89,-1.000272,19906
182,89,1.228083,19956
183,89,1.166394,20016
184,89,1.081028,20141
184,90,-1.000272,20191
184,91,-1.000272,20286
185,91,1.125013,20381
185,92,-1.000272,20446
186,92,1.081695,20571
187,92,1.140573,20646
188,92,1.107255,20741
189,92,1.241972,20786
190,92,1.11467,20876
191,92,1.18104,20941
191,93,-1.000272,20991
191,94,-0.98025,21051
192,94,1.127277,21146
193,94,1.199728,21196
193,95,-1.000272,21296
193,96,-1.000272,21361
193,97,-1.000272,21436
194,97,1.144655,21506
195,97,1.108423,21601
196,97,1.175166,21661
197,97,1.163662,21726
198,97,1.161018,21791
198,98,-1.000272,21921
199,98,1.094067,22031
199,99,-1.000272,22091
199,100,-1.000272,22151
200,100,1.158639,22226
201,100,1.095881,22331
201,101,-1.000272,22381
201,102,-1.000272,22461
201,103,-0.98025,22506
202,103,1.208061,22556
203,103,1.151329,22636
204,103,1.129598,22716
205,103,1.199728,22766
206,103,1.097767,22871
206,104,-1.000272,22921
207,104,1.155978,22986
208,104,1.195806,23041
209,104,1.162607,23111
210,104,1.067295,23261
211,104,1.188407,23316
212,104,1.085975,23471
213,104,1.11467,23561
214,104,1.129598,23641
215,104,1.100738,23741
216,104,1.256138,23781
216,105,-1.000272,23871
217,105,1.103784,23991
218,105,1.208061,24041
219,105,1.237141,24091
220,105,1.094377,24226
221,105,1.084473,24346
222,105,1.086684,24461
223,105,1.142585,24531
223,106,-0.98025,24581
224,106,1.249728,24621
225,106,1.192035,24676
226,106,1.195189,24736
226,107,-1.000272,24821
227,107,1.156736,24896
227,108,-1.000272,24941
227,108,-5.448073E-05,25007
227,109,-0.98025,25072
227,110,-0.98025,25132
228,110,1.124728,25212
229,110,1.110839,25302
230,110,1.078468,25432
230,111,-1.000272,25487
231,111,1.098737,25592
231,112,-1.000272,25642
232,112,1.084266,25797
232,113,-1.000272,25862
233,113,1.087447,25977
233,114,-1.000272,26062
234,114,1.116007,26152
234,115,-1.000272,26222
234,116,-1.000272,26257
235,116,1.112087,26347
236,116,1.040711,26592
237,116,1.090637,26702
237,117,-1.000272,26792
237,118,-0.98025,26837
237,119,-0.98025,26887
237,120,-1.000272,26957
237,121,-1.000272,27072
238,121,1.112087,27162
239,121,1.158458,27227
240,121,1.084685,27382
240,122,-1.000272,27547
241,122,1.096086,27682
241,123,-0.98025,27727
242,123,1.134693,27817
243,123,1.103894,27917
243,124,-0.98025,28022
244,124,1.141701,28107
244,125,-1.000272,28172
244,126,-1.000272,28267
245,126,1.063019,28427
245,127,-0.98025,28482
246,127,1.116007,28572
246,128,-1.000272,28617
246,129,-1.000272,28702
246,130,-1.000272,28767
246,131,-0.98025,28917
247,131,1.097767,29022
248,131,1.080373,29147
249,131,1.063422,29307
249,132,-1.000272,29357
250,132,1.146786,29427
250,133,-1.000272,29517
250,134,-1.000272,29617
250,135,-1.000272,29692
250,136,-1.000272,29762
250,137,-1.000272,29832
250,138,-1.000272,29897
250,139,-1.000272,29992
251,139,1.100738,30092
251,140,-1.000272,30152
252,140,1.138616,30227
253,140,1.079093,30357
254,140,1.208061,30407
254,141,-0.98025,30492
255,141,1.052638,30682
255,142,-1.000272,30827
255,143,-1.000272,30887
255,144,-1.000272,31002
256,144,1.052919,31192
256,145,-1.000272,31242
257,145,1.084473,31362
257,146,-1.000272,31417
257,147,-1.000272,31502
257,148,-1.000272,31547
258,148,1.094938,31682
258,149,-0.98025,31777
259,149,1.11409,31887
260,149,1.072191,32027
260,150,-0.98025,32102
261,150,1.077247,32232
261,151,-1.000272,32372
261,152,-1.000272,32467
262,152,1.109036,32582
262,153,-0.98025,32632
262,154,-1.000272,32677
263,154,1.173596,32742
263,155,-1.000272,32792
264,155,1.099728,32892
264,156,-1.000272,32947
265,156,1.097269,33077
266,156,1.099728,33177
266,157,-1.000272,33247
266,158,-0.98025,33317
267,158,1.121791,33417
267,159,-0.98025,33462
267,160,-1.000272,33537
268,160,1.161018,33602
268,161,-1.000272,33632
269,161,1.098737,33737
270,161,1.133061,33812
270,162,-1.000272,33892
271,162,1.101768,33992
271,163,-1.000272,34052
272,163,1.104991,34147
273,163,1.146786,34217
274,163,1.110839,34307
274,164,-1.000272,34397
274,165,-0.98025,34522
275,165,1.082372,34647
275,166,-1.000272,34712
275,167,-0.98025,34817
275,168,-1.000272,34942
275,169,-1.000272,35047
276,169,1.129598,35127
277,169,1.155978,35192
277,170,-0.98025,35252
278,170,1.117375,35337
279,170,1.096673,35467
279,171,-1.000272,35557
280,171,1.101717,35682
281,171,1.10522,35802
282,171,1.083853,35962
283,171,1.114988,36067
283,172,-1.000272,36137
284,172,1.158639,36212
285,172,1.117375,36297
286,172,1.113364,36387
287,172,1.074999,36572
287,173,-1.000272,36662
288,173,1.156736,36737
289,173,1.047347,36947
289,174,-0.98025,36992
290,174,1.057531,37167
291,174,1.087447,37282
291,175,-1.000272,37352
292,175,1.090637,37462
292,176,-1.000272,37522
292,177,-1.000272,37582
292,178,-1.000272,37707
293,178,1.138798,37792
293,179,-1.000272,37897
293,180,-0.98025,37972
293,181,-0.98025,38032
294,181,1.131307,38112
294,182,-1.000272,38192
295,182,1.091179,38332
296,182,1.073257,38472
297,182,1.146332,38552
297,183,-1.000272,38647
297,184,-1.000272,38697
298,184,1.085935,38817
298,185,-1.000272,38872
298,186,-1.000272,38987
298,187,-1.000272,39042
299,187,1.104991,39137
300,187,1.094067,39247
301,187,1.146786,39317
301,188,-1.000272,39407
301,189,-1.000272,39502
301,190,-1.000272,39572
301,191,-0.98025,39627
301,192,-1.000272,39732
302,192,1.125013,39827
302,193,-0.98025,39882
303,193,1.138616,39957
303,194,-1.000272,40052
303,195,-1.000272,40112
303,196,-1.000272,40182
303,197,-1.000272,40227
303,198,-0.98025,40337
304,198,1.18104,40402
305,198,1.136714,40477
305,199,-1.000272,40547
305,200,-0.98025,40647
306,200,1.096815,40752
307,200,1.110839,40842
307,201,-1.000272,40957
307,202,-1.000272,41032
308,202,1.10522,41152
308,203,-1.000272,41232
309,203,1.09849,41362
309,204,-1.000272,41487
309,205,-1.000272,41557
310,205,1.059608,41727
311,205,1.078468,41857
312,205,1.096815,41962
312,206,-1.000272,42082
313,206,1.085935,42202
314,206,1.074355,42337
314,207,-1.000272,42392
315,207,1.103894,42492
316,207,1.077853,42622
316,208,-1.000272,42732
316,209,-1.000272,42772
316,210,-1.000272,42862
317,210,1.07065,43007
318,210,1.154885,43082
319,210,1.110839,43172
320,210,1.059251,43342
321,210,1.098737,43447
322,210,1.117789,43552
323,210,1.12021,43637
324,210,1.074916,43772
325,210,1.112087,43862
325,211,-0.98025,43927
325,212,-1.000272,44002
325,213,-0.98025,44122
325,214,-1.000272,44202
325,215,-1.000272,44312
326,215,1.169004,44382
326,216,-1.000272,44422
326,217,-1.000272,44482
327,217,1.099728,44582
327,218,-1.000272,44652
327,219,-0.98025,44777
328,219,1.095881,44882
328,220,-1.000272,44947
328,221,-1.000272,44992
328,222,-1.000272,45047
329,222,1.057531,45222
329,223,-0.98025,45267
329,224,-0.98025,45347
329,225,-1.000272,45412
330,225,1.081695,45537
331,225,1.072191,45677
332,225,1.05687,45852
333,225,1.056225,46032
334,225,1.11467,46122
334,226,-1.000272,46227
334,227,-1.000272,46292
335,227,1.088223,46407
335,228,-1.000272,46467
335,229,-1.000272,46557
336,229,1.083761,46677
336,230,-1.000272,46727
337,230,1.11409,46837
337,231,-0.98025,46902
337,232,-1.000272,46962
338,232,1.11876,47067
338,233,-0.98025,47132
338,234,-1.000272,47187
339,234,1.138616,47262
340,234,1.087447,47377
340,235,-1.000272,47432
340,236,-1.000272,47507
341,236,1.114988,47612
341,237,-0.98025,47677
341,238,-1.000272,47732
342,238,1.10522,47852
342,239,-0.98025,48082
343,239,1.130861,48172
343,240,-1.000272,48217
344,240,1.058899,48387
344,241,-1.000272,48477
344,242,-0.98025,48562
344,243,-1.000272,48622
344,244,-1.000272,48657
344,245,-0.98025,48767
344,246,-1.000272,48837
344,247,-1.000272,48927
345,247,1.039568,49182
346,247,1.107255,49277
347,247,1.094067,49387
348,247,1.14962,49467
349,247,1.140232,49552
349,248,-0.98025,49597
349,249,-1.000272,49667
349,250,-1.000272,49752
350,250,1.118775,49837
351,250,1.07167,49977
351,250,-5.448073E-05,50008
352,250,1.112343,50118
353,250,1.117375,50203
353,251,-1.000272,50263
353,252,-1.000272,50303
353,253,-1.000272,50378
354,253,1.097269,50508
354,254,-1.000272,50573
355,254,1.099728,50673
356,254,1.198321,50733
357,254,1.088243,50883
357,255,-1.000272,50948
357,256,-1.000272,51013
358,256,1.081695,51138
358,257,-0.98025,51243
358,258,-1.000272,51298
358,259,-1.000272,51353
359,259,1.103784,51473
359,260,-1.000272,51538
359,261,-1.000272,51603
359,262,-0.98025,51723
360,262,1.046239,51938
361,262,1.144655,52008
361,263,-1.000272,52083
361,264,-1.000272,52128
361,265,-0.98025,52193
361,266,-1.000272,52263
362,266,1.11467,52353
362,267,-0.98025,52413
362,268,-1.000272,52468
363,268,1.14962,52548
363,269,-1.000272,52673
363,270,-1.000272,52773
363,271,-0.98025,52828
363,272,-0.98025,52958
363,273,-0.98025,53008
364,273,1.160595,53083
364,274,-0.98025,53128
365,274,1.173596,53193
366,274,1.075485,53328
366,275,-1.000272,53378
366,276,-1.000272,53443
367,276,1.065953,53598
368,276,1.091471,53708
369,276,1.126133,53803
370,276,1.085935,53923
371,276,1.093186,54033
371,277,-1.000272,54188
371,278,-1.000272,54253
371,279,-1.000272,54383
372,279,1.083061,54503
372,280,-1.000272,54558
372,281,-1.000272,54608
372,282,-1.000272,54703
373,282,1.084473,54823
373,283,-1.000272,54913
373,284,-1.000272,54978
373,285,-1.000272,55043
373,286,-1.000272,55103
374,286,1.088223,55218
375,286,1.078574,55388
376,286,1.09232,55498
377,286,1.113364,55588
377,287,-1.000272,55673
377,288,-1.000272,55713
377,289,-0.98025,55783
378,289,1.071156,55923
379,289,1.088716,56068
380,289,1.07167,56208
380,290,-0.98025,56263
380,291,-1.000272,56338
381,291,1.129598,56418
382,291,1.11467,56508
383,291,1.166394,56568
383,292,-1.000272,56638
384,292,1.095881,56743
384,293,-1.000272,56798
385,293,1.140232,56883
385,294,-0.98025,56988
385,295,-1.000272,57058
385,296,-1.000272,57123
386,296,1.10282,57223
386,297,-1.000272,57278
387,297,1.081695,57403
388,297,1.091471,57513
389,297,1.136714,57588
389,298,-1.000272,57668
390,298,1.081028,57793
390,299,-0.98025,57828
391,299,1.124728,57908
391,300,-1.000272,58038
392,300,1.102395,58163
392,301,-1.000272,58218
392,302,-0.98025,58283
392,303,-1.000272,58403
393,303,1.10282,58503
393,304,-1.000272,58633
393,305,-1.000272,58693
394,305,1.134863,58768
395,305,1.138616,58843
396,305,1.085935,58963
397,305,1.077853,59093
397,306,-0.98025,59173
398,306,1.134693,59263
398,307,-1.000272,59363
398,308,-0.98025,59488
399,308,1.103894,59588
400,308,1.054372,59773
400,309,-0.98025,59813
400,310,-0.98025,59873
400,311,-0.98025,59978
400,312,-1.000272,60158
400,313,-0.98025,60233
400,314,-0.98025,60283
401,314,1.138616,60358
401,315,-0.98025,60423
401,316,-1.000272,60468
401,317,-1.000272,60528
401,318,-1.000272,60618
402,318,1.11467,60708
402,319,-0.98025,60828
403,319,1.111493,60938
404,319,1.136714,61013
404,320,-1.000272,61088
404,321,-0.98025,61178
404,322,-1.000272,61233
404,323,-1.000272,61313
404,324,-1.000272,61408
404,325,-1.000272,61488
404,326,-1.000272,61528
405,326,1.063019,61688
406,326,1.086684,61803
407,326,1.117789,61908
407,327,-1.000272,61988
408,327,1.131307,62068
409,327,1.077247,62198
410,327,1.151243,62268
410,328,-1.000272,62363
410,329,-0.98025,62428
410,330,-1.000272,62513
411,330,1.153083,62588
411,331,-0.98025,62653
412,331,1.121679,62738
412,332,-1.000272,62823
413,332,1.130861,62913
413,333,-1.000272,63013
414,333,1.14962,63093
415,333,1.113364,63183
416,333,1.088716,63328
417,333,1.096815,63433
418,333,1.124728,63513
419,333,1.117375,63598
419,334,-0.98025,63663
419,335,-1.000272,63743
420,335,1.151243,63813
421,335,1.068693,63958
422,335,1.104991,64053
423,335,1.090637,64163
423,336,-1.000272,64203
423,337,-0.98025,64273
424,337,1.140573,64348
425,337,1.113364,64438
426,337,1.054976,64623
427,337,1.11975,64723
427,338,-1.000272,64813
427,339,-1.000272,64933
428,339,1.073802,65068
428,340,-1.000272,65133
429,340,1.136714,65208
429,341,-1.000272,65308
430,341,1.083061,65428
430,342,-0.98025,65508
430,343,-0.98025,65553
431,343,1.057867,65728
432,343,1.153083,65803
433,343,1.107255,65898
433,344,-1.000272,65958
434,344,1.097767,66063
434,345,-1.000272,66178
434,346,-1.000272,66263
434,347,-1.000272,66498
435,347,1.12076,66598
436,347,1.06383,66758
436,348,-1.000272,66823
437,348,1.116007,66913
438,348,1.140573,66988
438,349,-1.000272,67053
439,349,1.133061,67128
439,350,-1.000272,67208
439,351,-1.000272,67268
439,352,-1.000272,67328
440,352,1.093186,67438
441,352,1.068221,67588
442,352,1.12021,67673
443,352,1.104991,67768
444,352,1.112087,67858
444,353,-0.98025,67898
445,353,1.097767,68003
445,354,-1.000272,68113
445,355,-0.98025,68183
445,356,-1.000272,68233
445,357,-1.000272,68288
445,358,-1.000272,68373
446,358,1.077853,68503
447,358,1.068693,68648
447,359,-0.98025,68718
448,359,1.109036,68833
448,360,-1.000272,68903
449,360,1.138798,68988
449,361,-1.000272,69123
449,362,-0.98025,69163
449,363,-0.98025,69203
450,363,1.099728,69303
450,364,-1.000272,69463
451,364,1.12631,69543
452,364,1.081695,69668
453,364,1.107255,69763
453,365,-1.000272,69878
454,365,1.116837,69983
455,365,1.12631,70063
455,366,-1.000272,70193
456,366,1.073804,70378
456,367,-1.000272,70478
457,367,1.169219,70538
458,367,1.079093,70668
458,368,-0.98025,70733
459,368,1.073257,70873
460,368,1.121679,70958
460,369,-1.000272,71048
460,370,-1.000272,71078
461,370,1.09975,71203
461,371,-1.000272,71338
462,371,1.166809,71408
462,372,-1.000272,71503
463,372,1.107255,71598
463,373,-1.000272,71673
463,374,-0.98025,71733
464,374,1.083761,71853
464,375,-1.000272,71948
465,375,1.091471,72058
465,376,-1.000272,72163
465,377,-0.98025,72238
465,378,-0.98025,72308
466,378,1.12631,72388
467,378,1.074395,72573
468,378,1.136029,72663
468,379,-1.000272,72723
469,379,1.112343,72833
469,380,-1.000272,72928
469,381,-1.000272,73003
469,382,-1.000272,73058
470,382,1.074916,73193
470,383,-0.98025,73283
470,384,-1.000272,73368
471,384,1.124728,73448
472,384,1.084473,73568
472,385,-1.000272,73633
473,385,1.099728,73733
474,385,1.151243,73803
474,386,-0.98025,73933
475,386,1.083061,74053
476,386,1.143207,74138
476,387,-1.000272,74243
476,388,-1.000272,74363
476,389,-1.000272,74443
476,390,-0.98025,74518
477,390,1.146786,74588
478,390,1.104991,74683
479,390,1.073802,74818
479,391,-1.000272,74878
479,391,0.00395,75009
480,391,1.133061,75084
480,392,-1.000272,75164
480,393,-1.000272,75244
480,394,-1.000272,75294
481,394,1.054976,75479
481,395,-1.000272,75544
482,395,1.131307,75624
483,395,1.116837,75729
484,395,1.140573,75804
484,396,-1.000272,75864
485,396,1.14962,75944
486,396,1.060703,76109
487,396,1.173596,76174
487,397,-0.98025,76229
488,397,1.138616,76304
489,397,1.098737,76409
489,398,-1.000272,76464
490,398,1.068221,76614
490,399,-1.000272,76659
490,400,-0.98025,76724
490,401,-0.98025,76829
491,401,1.173596,76894
491,402,-0.98025,76959
491,403,-1.000272,77019
491,404,-0.98025,77149
491,405,-1.000272,77234
492,405,1.069172,77379
493,405,1.083041,77539
493,406,-1.000272,77639
493,407,-0.98025,77679
494,407,1.116007,77769
495,407,1.123184,77854
496,407,1.061077,78019
497,407,1.093186,78129
497,408,-1.000272,78239
497,409,-1.000272,78299
498,409,1.079093,78429
498,410,-1.000272,78559
499,410,1.066394,78709
499,411,-0.98025,78769
500,411,1.133386,78859
501,411,1.088223,78974
501,412,-1.000272,79029
502,412,1.156736,79104
503,412,1.09232,79214
503,413,-1.000272,79294
504,413,1.118775,79379
504,414,-0.98025,79454
505,414,1.05101,79649
506,414,1.166809,79719
506,415,-1.000272,79764
506,416,-1.000272,79854
507,416,1.09849,79984
508,416,1.121679,80069
508,417,-1.000272,80139
508,418,-1.000272,80199
508,419,-1.000272,80259
509,419,1.082643,80419
509,420,-1.000272,80479
510,420,1.134863,80554
510,421,-1.000272,80639
510,422,-1.000272,80754
511,422,1.085198,80874
511,423,-0.98025,80994
511,424,-0.98025,81054
512,424,1.116007,81144
512,425,-1.000272,81214
513,425,1.093186,81324
514,425,1.123184,81409
515,425,1.138616,81484
515,426,-1.000272,81574
516,426,1.066394,81724
516,427,-1.000272,81779
516,428,-0.98025,81854
516,429,-1.000272,81929
517,429,1.089818,82044
517,430,-1.000272,82109
518,430,1.077853,82239
518,431,-1.000272,82309
519,431,1.140573,82384
519,432,-0.98025,82439
520,432,1.112087,82529
521,432,1.103894,82629
522,432,1.131307,82709
522,433,-1.000272,82789
522,434,-1.000272,82854
522,435,-1.000272,82949
522,436,-0.98025,83024
523,436,1.10984,83139
524,436,1.077853,83269
525,436,1.158458,83334
526,436,1.122843,83434
527,436,1.127933,83514
527,437,-0.98025,83604
528,437,1.116007,83694
528,438,-1.000272,83794
529,438,1.118775,83879
530,438,1.090672,84024
531,438,1.063422,84184
532,438,1.094067,84294
532,439,-1.000272,84399
533,439,1.121679,84484
533,440,-1.000272,84559
533,441,-1.000272,84609
533,442,-1.000272,84654
533,443,-1.000272,84779
533,444,-1.000272,84859
533,445,-1.000272,84904
533,446,-1.000272,84999
533,447,-1.000272,85124
534,447,1.079728,85249
535,447,1.097269,85379
535,448,-1.000272,85429
535,449,-1.000272,85509
536,449,1.073802,85644
537,449,1.100738,85744
537,450,-0.98025,85799
537,451,-1.000272,85874
538,451,1.051811,86069
538,452,-1.000272,86119
538,453,-1.000272,86249
539,453,1.144655,86319
539,454,-0.98025,86364
540,454,1.080373,86489
540,455,-1.000272,86579
541,455,1.085935,86699
541,456,-1.000272,86864
542,456,1.084473,86984
542,457,-1.000272,87074
542,458,-1.000272,87139
543,458,1.079093,87269
544,458,1.060334,87434
545,458,1.14962,87514
546,458,1.12076,87614
547,458,1.130861,87704
548,458,1.106111,87799
549,458,1.116007,87889
549,459,-1.000272,87954
549,460,-1.000272,88029
550,460,1.129598,88109
551,460,1.131307,88189
551,461,-0.98025,88329
552,461,1.127933,88409
553,461,1.100395,88534
553,462,-1.000272,88599
554,462,1.101768,88699
554,463,-0.98025,88779
554,464,-1.000272,88854
554,465,-1.000272,88939
555,465,1.118775,89024
556,465,1.12964,89119
556,466,-1.000272,89179
556,467,-1.000272,89269
557,467,1.107255,89364
558,467,1.077247,89494
559,467,1.086684,89609
560,467,1.117375,89694
560,468,-1.000272,89734
561,468,1.077853,89864
561,469,-0.98025,89959
562,469,1.069172,90104
563,469,1.115904,90209
563,470,-0.98025,90269
563,471,-1.000272,90359
564,471,1.169219,90419
565,471,1.083761,90539
566,471,1.07272,90679
567,471,1.128446,90774
568,471,1.142585,90844
568,472,-0.98025,90934
569,472,1.114988,91039
570,472,1.103784,91159
570,473,-1.000272,91219
570,474,-1.000272,91289
570,475,-1.000272,91364
570,476,-0.98025,91429
571,476,1.064663,91584
571,477,-1.000272,91644
572,477,1.110839,91734
572,478,-0.98025,91789
572,479,-0.98025,91834
572,480,-1.000272,91934
573,480,1.11467,92024
574,480,1.11876,92129
575,480,1.053204,92319
575,481,-1.000272,92409
576,481,1.084473,92529
577,481,1.137397,92614
577,482,-1.000272,92684
578,482,1.098737,92789
579,482,1.081695,92914
580,482,1.09232,93024
580,483,-0.98025,93154
581,483,1.103784,93274
581,484,-0.98025,93354
581,485,-0.98025,93474
581,486,-1.000272,93544
582,486,1.11975,93644
583,486,1.162607,93714
584,486,1.091471,93824
584,487,-1.000272,93899
585,487,1.061456,94064
586,487,1.115904,94169
587,487,1.10522,94289
588,487,1.128446,94384
589,487,1.124728,94464
589,488,-0.98025,94519
589,489,-0.98025,94624
589,490,-0.98025,94689
589,491,-1.000272,94759
590,491,1.088223,94874
591,491,1.14962,94954
592,491,1.130861,95044
593,491,1.125013,95139
593,492,-0.98025,95204
594,492,1.085935,95324
594,493,-1.000272,95409
595,493,1.081695,95534
596,493,1.094067,95644
597,493,1.101768,95744
598,493,1.142585,95814
599,493,1.089818,95929
600,493,1.106111,96024
601,493,1.121679,96109
602,493,1.12021,96194
603,493,1.112343,96304
603,494,-0.98025,96384
603,495,-1.000272,96534
604,495,1.133386,96624
605,495,1.073802,96759
605,496,-1.000272,96809
605,497,-1.000272,96864
605,498,-0.98025,96929
606,498,1.163662,96994
607,498,1.091471,97104
607,499,-0.98025,97209
607,500,-1.000272,97294
607,501,-1.000272,97349
608,501,1.086684,97464
608,502,-1.000272,97504
609,502,1.083061,97624
610,502,1.083061,97744
610,503,-1.000272,97809
610,504,-1.000272,97944
610,505,-1.000272,98109
610,506,-1.000272,98174
611,506,1.079093,98304
611,507,-1.000272,98374
611,508,-1.000272,98439
611,509,-1.000272,98509
611,510,-1.000272,98569
612,510,1.11467,98659
612,511,-0.98025,98729
612,512,-0.98025,98844
613,512,1.09232,98954
614,512,1.104496,99074
615,512,1.096815,99179
616,512,1.085198,99299
616,513,-0.98025,99424
616,514,-0.98025,99494
616,515,-1.000272,99604
616,516,-0.98025,99714
617,516,1.126133,99809
617,517,-1.000272,99854
618,517,1.075485,99989
618,517,0.00395,100010
619,517,1.089818,100125
619,518,-1.000272,100200
620,518,1.117375,100285
620,519,-1.000272,100340
621,519,1.079728,100465
621,520,-1.000272,100575
621,521,-1.000272,100625
622,521,1.085935,100745
622,522,-1.000272,100815
623,522,1.080373,100940
624,522,1.101768,101040
624,523,-1.000272,101115
624,524,-1.000272,101210
624,525,-0.98025,101270
624,526,-1.000272,101350
625,526,1.134693,101440
626,526,1.077853,101570
626,527,-0.98025,101630
626,528,-1.000272,101695
627,528,1.062228,101855
628,528,1.061456,102020
629,528,1.066394,102170
630,528,1.118775,102255
631,528,1.107255,102350
632,528,1.109618,102445
633,528,1.116007,102535
634,528,1.061077,102700
634,529,-1.000272,102750
635,529,1.081695,102875
636,529,1.057867,103050
637,529,1.045811,103270
638,529,1.127277,103365
638,530,-0.98025,103450
638,531,-1.000272,103600
639,531,1.131307,103680
639,532,-1.000272,103755
639,533,-1.000272,103820
639,534,-0.98025,103870
639,535,-1.000272,103920
639,536,-1.000272,104025
640,536,1.160595,104100
640,537,-1.000272,104230
640,538,-0.98025,104320
641,538,1.076064,104455
641,539,-1.000272,104540
642,539,1.048037,104750
642,540,-1.000272,104820
643,540,1.096673,104950
644,540,1.113208,105060
644,541,-1.000272,105185
645,541,1.11467,105275
646,541,1.054075,105460
647,541,1.096673,105590
647,542,-1.000272,105770
648,542,1.073802,105905
649,542,1.153083,105980
650,542,1.151243,106050
651,542,1.101051,106175
651,543,-1.000272,106310
651,544,-1.000272,106390
652,544,1.121791,106490
652,545,-1.000272,106580
653,545,1.083853,106740
653,546,-0.98025,106805
653,547,-1.000272,106860
653,548,-1.000272,106915
653,549,-1.000272,106985
653,550,-1.000272,107045
653,551,-0.98025,107120
653,552,-1.000272,107175
654,552,1.069172,107320
654,553,-1.000272,107390
654,554,-1.000272,107480
655,554,1.097269,107610
656,554,1.136714,107685
656,555,-1.000272,107755
657,555,1.079093,107885
658,555,1.134863,107960
658,556,-0.98025,108015
659,556,1.106111,108110
659,557,-1.000272,108230
660,557,1.142585,108300
660,558,-1.000272,108375
661,558,1.087318,108525
662,558,1.111493,108635
662,559,-0.98025,108710
662,560,-1.000272,108830
662,561,-1.000272,108870
662,562,-1.000272,108995
663,562,1.090672,109140
664,562,1.123917,109240
665,562,1.116007,109330
665,563,-1.000272,109390
666,563,1.099728,109490
666,564,-1.000272,109525
667,564,1.085935,109645
667,565,-0.98025,109715
667,566,-1.000272,109780
668,566,1.108423,109875
668,567,-1.000272,109995
668,568,-0.98025,110045
668,569,-1.000272,110115
669,569,1.128446,110210
669,570,-1.000272,110280
669,571,-0.98025,110345
669,572,-0.98025,110480
670,572,1.074916,110615
671,572,1.045811,110835
671,573,-0.98025,110930
671,574,-0.98025,110995
671,575,-1.000272,111070
671,576,-1.000272,111165
671,577,-0.98025,111240
671,578,-1.000272,111320
671,579,-0.98025,111430
672,579,1.069172,111575
673,579,1.106111,111670
674,579,1.171265,111740
675,579,1.110839,111830
675,580,-1.000272,111895
675,581,-0.98025,111945
676,581,1.118775,112030
677,581,1.09232,112140
677,582,-1.000272,112195
677,583,-1.000272,112250
678,583,1.106707,112365
679,583,1.099728,112465
679,584,-1.000272,112545
680,584,1.133386,112635
681,584,1.123917,112735
681,585,-1.000272,112815
681,586,-0.98025,112900
681,587,-1.000272,112985
681,588,-0.98025,113130
682,588,1.094067,113240
682,589,-1.000272,113310
683,589,1.164678,113380
684,589,1.12964,113475
685,589,1.074916,113610
686,589,1.142585,113680
686,590,-1.000272,113730
687,590,1.107469,113845
687,591,-1.000272,113920
688,591,1.081028,114045
689,591,1.12021,114130
689,592,-1.000272,114190
689,593,-1.000272,114255
690,593,1.092743,114395
690,594,-1.000272,114500
690,595,-1.000272,114565
691,595,1.11467,114655
691,596,-1.000272,114760
692,596,1.11409,114870
692,597,-0.98025,114965
692,598,-1.000272,115060
693,598,1.112087,115150
694,598,1.062621,115310
694,599,-0.98025,115370
695,599,1.073802,115505
695,600,-1.000272,115605
695,601,-1.000272,115670
696,601,1.103894,115770
696,602,-1.000272,115860
696,603,-1.000272,115920
697,603,1.118775,116005
697,604,-0.98025,116145
698,604,1.096673,116275
699,604,1.146332,116355
700,604,1.115904,116460
701,604,1.112087,116550
702,604,1.103784,116670
703,604,1.097767,116775
703,605,-0.98025,116820
704,605,1.158639,116895
705,605,1.113208,117005
705,606,-0.98025,117090
705,607,-1.000272,117200
706,607,1.143207,117285
707,607,1.093824,117420
708,607,1.083761,117540
708,608,-0.98025,117590
709,608,1.084473,117710
709,609,-1.000272,117810
710,609,1.106111,117905
710,610,-0.98025,117935
711,610,1.172141,117995
711,611,-1.000272,118050
711,612,-0.98025,118120
712,612,1.078468,118250
713,612,1.099728,118350
713,613,-0.98025,118415
713,614,-0.98025,118495
714,614,1.116837,118600
715,614,1.133061,118675
715,615,-1.000272,118735
715,616,-0.98025,118850
715,617,-1.000272,118910
715,618,-1.000272,118990
716,618,1.175166,119050
717,618,1.110839,119140
718,618,1.084473,119260
718,619,-1.000272,119325
719,619,1.108246,119440
720,619,1.141701,119525
720,620,-1.000272,119620
720,621,-0.98025,119745
721,621,1.128446,119840
721,622,-1.000272,119910
721,623,-1.000272,120020
722,623,1.108423,120115
723,623,1.089194,120260
724,623,1.089013,120375
724,624,-1.000272,120460
724,625,-1.000272,120535
725,625,1.07167,120675
726,625,1.107469,120790
727,625,1.113364,120880
727,626,-1.000272,120925
728,626,1.096815,121030
729,626,1.081028,121155
730,626,1.111493,121265
731,626,1.071156,121405
732,626,1.09232,121515
733,626,1.124728,121595
734,626,1.136029,121685
734,627,-1.000272,121790
735,627,1.138798,121875
736,627,1.112343,121985
736,628,-0.98025,122030
736,629,-1.000272,122095
737,629,1.116007,122185
738,629,1.10984,122300
738,630,-1.000272,122405
739,630,1.114988,122510
739,631,-1.000272,122560
740,631,1.146786,122630
741,631,1.106111,122725
742,631,1.108423,122820
742,632,-1.000272,122890
742,633,-1.000272,122965
743,633,1.108423,123060
744,633,1.112087,123150
744,634,-0.98025,123205
745,634,1.140573,123280
746,634,1.095881,123385
747,634,1.102395,123510
747,635,-1.000272,123590
748,635,1.127933,123670
748,636,-1.000272,123755
749,636,1.084473,123875
750,636,1.14475,123955
750,637,-0.98025,124010
751,637,1.103894,124110
752,637,1.12076,124210
752,638,-1.000272,124265
753,638,1.085198,124385
754,638,1.140573,124460
754,639,-0.98025,124540
754,640,-1.000272,124620
754,641,-1.000272,124725
755,641,1.079093,124855
755,642,-1.000272,124935
755,642,0.00395,125011
755,643,-1.000272,125071
756,643,1.118775,125156
757,643,1.068693,125301
757,644,-0.98025,125396
758,644,1.12076,125496
759,644,1.116837,125601
760,644,1.123917,125701
760,645,-1.000272,125761
760,646,-1.000272,125821
760,647,-1.000272,125886
760,648,-1.000272,126021
761,648,1.061077,126186
762,648,1.095881,126291
763,648,1.118775,126376
763,649,-1.000272,126531
764,649,1.104991,126626
765,649,1.087447,126741
766,649,1.097269,126871
766,650,-1.000272,126951
766,651,-0.98025,127036
767,651,1.116007,127126
768,651,1.100738,127226
768,652,-1.000272,127306
768,653,-1.000272,127376
768,654,-0.98025,127476
769,654,1.104991,127571
769,655,-1.000272,127651
769,656,-0.98025,127701
769,657,-1.000272,127766
770,657,1.074916,127901
771,657,1.173596,127966
771,658,-1.000272,128071
772,658,1.101051,128196
773,658,1.085935,128316
774,658,1.101717,128441
775,658,1.118775,128526
776,658,1.127933,128606
776,659,-1.000272,128686
776,660,-1.000272,128786
777,660,1.089818,128901
777,661,-1.000272,128951
777,662,-1.000272,129026
777,663,-1.000272,129121
778,663,1.086684,129236
779,663,1.104991,129331
780,663,1.104991,129426
780,664,-0.98025,129536
780,665,-1.000272,129611
780,666,-1.000272,129716
780,667,-0.98025,129821
780,668,-1.000272,129896
780,669,-1.000272,130021
781,669,1.134863,130096
781,670,-1.000272,130186
782,670,1.09232,130296
783,670,1.101768,130396
783,671,-0.98025,130456
784,671,1.086684,130571
785,671,1.076651,130701
786,671,1.100738,130801
786,672,-0.98025,130866
787,672,1.117375,130951
787,673,-1.000272,131001
788,673,1.124728,131081
789,673,1.140232,131166
790,673,1.102395,131291
791,673,1.101768,131391
792,673,1.089013,131506
792,674,-1.000272,131576
792,675,-0.98025,131636
793,675,1.117375,131721
794,675,1.084685,131876
794,676,-1.000272,131971
794,677,-0.98025,132036
795,677,1.078468,132166
796,677,1.076064,132301
797,677,1.116837,132406
797,678,-1.000272,132491
798,678,1.096815,132596
798,679,-1.000272,132726
798,680,-1.000272,132786
799,680,1.116007,132876
800,680,1.078468,133006
801,680,1.096815,133111
801,681,-1.000272,133216
802,681,1.079093,133346
802,682,-0.98025,133426
803,682,1.096815,133531
804,682,1.110659,133641
804,683,-1.000272,133701
804,684,-0.98025,133761
805,684,1.108423,133856
806,684,1.083061,133976
807,684,1.104991,134071
808,684,1.084473,134191
809,684,1.116837,134296
810,684,1.096815,134401
810,685,-1.000272,134491
811,685,1.088223,134606
812,685,1.11975,134706
813,685,1.118775,134791
814,685,1.134863,134866
814,686,-1.000272,134941
815,686,1.126133,135036
816,686,1.085109,135191
816,687,-1.000272,135271
817,687,1.109036,135386
818,687,1.112087,135476
818,688,-1.000272,135591
819,688,1.151329,135671
819,689,-1.000272,135726
820,689,1.117375,135811
821,689,1.11876,135916
821,690,-1.000272,135971
822,690,1.122843,136071
822,691,-1.000272,136196
822,692,-1.000272,136266
823,692,1.094067,136376
823,693,-0.98025,136451
823,694,-1.000272,136531
823,695,-0.98025,136601
824,695,1.095881,136706
825,695,1.065953,136861
825,696,-1.000272,136916
826,696,1.125013,137011
826,697,-1.000272,137116
827,697,1.113364,137206
828,697,1.088243,137356
828,698,-1.000272,137491
829,698,1.112087,137581
829,699,-1.000272,137666
830,699,1.097767,137771
830,700,-1.000272,137826
831,700,1.089013,137941
831,701,-0.98025,138051
832,701,1.096086,138186
833,701,1.151243,138256
834,701,1.127277,138351
834,702,-0.98025,138451
834,703,-1.000272,138486
835,703,1.099115,138616
836,703,1.116007,138706
837,703,1.136029,138796
838,703,1.110839,138886
839,703,1.121679,138971
839,704,-1.000272,139101
840,704,1.116007,139191
841,704,1.075485,139326
841,705,-1.000272,139426
842,705,1.097767,139531
842,706,-0.98025,139586
843,706,1.081028,139711
844,706,1.156736,139786
844,707,-1.000272,139876
845,707,1.109618,139971
846,707,1.074695,140156
846,708,-1.000272,140266
846,709,-1.000272,140341
846,710,-1.000272,140396
846,711,-0.98025,140461
846,712,-1.000272,140531
847,712,1.113364,140621
848,712,1.123917,140721
848,713,-1.000272,140811
849,713,1.109618,140906
850,713,1.090173,141051
851,713,1.123184,141136
851,714,-0.98025,141221
851,715,-1.000272,141336
851,716,-1.000272,141436
852,716,1.153083,141511
853,716,1.137397,141596
854,716,1.134863,141671
855,716,1.102395,141796
856,716,1.110839,141886
856,717,-1.000272,141926
857,717,1.10984,142041
857,718,-0.98025,142101
857,719,-1.000272,142206
858,719,1.064244,142361
859,719,1.099728,142461
860,719,1.116007,142551
860,720,-0.98025,142606
860,721,-1.000272,142736
860,722,-0.98025,142801
860,723,-1.000272,142881
861,723,1.140573,142956
861,724,-1.000272,143046
862,724,1.140232,143131
863,724,1.12021,143216
863,725,-0.98025,143331
864,725,1.07167,143471
865,725,1.093186,143581
865,726,-0.98025,143626
866,726,1.109036,143741
867,726,1.076651,143871
868,726,1.10282,143971
869,726,1.090637,144081
870,726,1.067827,144291
871,726,1.080373,144416
872,726,1.087447,144531
872,727,-1.000272,144606
873,727,1.073802,144741
873,728,-1.000272,144811
873,729,-1.000272,144906
873,730,-0.98025,144981
874,730,1.101717,145106
875,730,1.130861,145196
876,730,1.169004,145266
877,730,1.109618,145361
878,730,1.09232,145471
879,730,1.106111,145566
879,731,-0.98025,145621
879,732,-1.000272,145666
879,733,-1.000272,145716
879,734,-1.000272,145776
879,735,-1.000272,145836
879,736,-1.000272,145906
879,737,-1.000272,146036
880,737,1.079728,146161
881,737,1.09849,146291
882,737,1.096815,146396
882,738,-1.000272,146466
882,739,-1.000272,146586
882,740,-0.98025,146681
882,741,-1.000272,146761
882,742,-1.000272,146831
883,742,1.116007,146921
884,742,1.14962,147001
884,743,-0.98025,147046
884,744,-1.000272,147136
885,744,1.113364,147226
885,745,-1.000272,147301
885,746,-0.98025,147421
886,746,1.078468,147551
887,746,1.081695,147676
888,746,1.155978,147741
888,747,-0.98025,147821
889,747,1.067295,147971
889,748,-1.000272,148031
889,749,-1.000272,148136
889,750,-1.000272,148256
890,750,1.113208,148366
891,750,1.089818,148481
892,750,1.068693,148626
892,751,-1.000272,148741
892,752,-0.98025,148771
893,752,1.138798,148856
894,752,1.098737,148961
895,752,1.133061,149036
895,753,-0.98025,149086
895,754,-1.000272,149206
895,755,-0.98025,149271
896,755,1.101768,149371
896,756,-0.98025,149451
897,756,1.103894,149551
897,757,-1.000272,149636
898,757,1.10522,149756
899,757,1.107255,149851
899,758,-1.000272,149911
900,758,1.112087,150001
900,758,-5.448073E-05,150012
901,758,1.122843,150112
902,758,1.103894,150212
902,759,-0.98025,150302
902,760,-1.000272,150382
902,761,-1.000272,150487
903,761,1.094067,150597
904,761,1.090637,150707
904,762,-0.98025,150772
905,762,1.067295,150922
906,762,1.077853,151052
906,763,-0.98025,151102
907,763,1.123184,151187
907,764,-1.000272,151252
908,764,1.083761,151372
908,765,-1.000272,151482
909,765,1.07272,151622
909,766,-0.98025,151682
910,766,1.101051,151807
910,767,-0.98025,151842
910,768,-1.000272,151917
910,769,-1.000272,151992
911,769,1.094067,152102
912,769,1.077853,152232
912,770,-1.000272,152302
912,771,-1.000272,152422
912,772,-0.98025,152532
913,772,1.081028,152657
914,772,1.068693,152802
914,773,-0.98025,152917
914,774,-0.98025,153012
915,774,1.094966,153117
915,775,-1.000272,153187
915,776,-0.98025,153277
916,776,1.099115,153407
916,777,-1.000272,153482
916,778,-1.000272,153557
917,778,1.083061,153677
918,778,1.077247,153807
919,778,1.110659,153917
919,779,-1.000272,154002
919,780,-0.98025,154137
920,780,1.136714,154212
921,780,1.116837,154317
922,780,1.083061,154437
922,781,-1.000272,154512
923,781,1.089013,154627
923,782,-0.98025,154737
924,782,1.093279,154877
925,782,1.123917,154977
925,783,-1.000272,155072
926,783,1.103784,155192
926,784,-0.98025,155302
927,784,1.083061,155422
927,785,-0.98025,155502
928,785,1.140232,155587
929,785,1.112087,155677
930,785,1.117375,155762
930,786,-1.000272,155822
930,787,-1.000272,155937
930,788,-0.98025,156012
930,789,-0.98025,156057
931,789,1.138798,156142
931,790,-1.000272,156212
932,790,1.11467,156302
932,791,-1.000272,156347
932,792,-1.000272,156432
932,793,-0.98025,156477
933,793,1.067295,156627
933,794,-1.000272,156737
933,795,-1.000272,156802
934,795,1.098737,156907
935,795,1.134863,156982
935,796,-1.000272,157082
936,796,1.085198,157202
936,797,-1.000272,157302
937,797,1.094067,157412
937,798,-1.000272,157482
938,798,1.116837,157587
939,798,1.100738,157687
940,798,1.089013,157802
940,799,-0.98025,157877
940,800,-0.98025,157942
940,801,-1.000272,158012
940,802,-0.98025,158127
940,803,-1.000272,158187
941,803,1.117375,158272
942,803,1.121791,158372
942,804,-0.98025,158457
942,805,-1.000272,158537
943,805,1.07167,158677
944,805,1.089013,158792
945,805,1.082372,158917
945,806,-0.98025,158987
945,807,-0.98025,159027
945,808,-0.98025,159072
946,808,1.10522,159192
946,809,-1.000272,159272
946,810,-1.000272,159327
946,811,-1.000272,159367
946,812,-1.000272,159417
946,813,-1.000272,159462
947,813,1.146332,159542
948,813,1.10522,159662
949,813,1.084473,159782
950,813,1.107255,159877
950,814,-1.000272,159992
951,814,1.081028,160117
952,814,1.10282,160217
952,815,-1.000272,160267
952,816,-1.000272,160332
952,817,-1.000272,160392
953,817,1.093186,160502
954,817,1.153574,160567
955,817,1.124728,160647
955,818,-1.000272,160712
956,818,1.112087,160802
956,819,-0.98025,160877
956,820,-1.000272,160932
957,820,1.087318,161082
957,821,-1.000272,161212
957,822,-1.000272,161277
957,823,-1.000272,161362
958,823,1.11467,161452
958,824,-1.000272,161497
958,825,-1.000272,161572
959,825,1.079728,161697
960,825,1.10282,161797
961,825,1.10984,161912
961,826,-1.000272,161972
961,827,-0.98025,162052
961,828,-1.000272,162142
962,828,1.091692,162282
962,829,-1.000272,162332
962,830,-1.000272,162452
963,830,1.153083,162527
963,831,-0.98025,162592
963,832,-0.98025,162682
964,832,1.131307,162762
965,832,1.087447,162877
966,832,1.116007,162967
967,832,1.093186,163077
967,833,-0.98025,163147
967,834,-1.000272,163242
968,834,1.125013,163337
969,834,1.054976,163522
969,835,-0.98025,163602
970,835,1.098737,163707
971,835,1.088223,163822
972,835,1.108423,163917
973,835,1.093186,164027
974,835,1.078468,164157
974,836,-1.000272,164227
975,836,1.079093,164357
975,837,-1.000272,164442
975,838,-1.000272,164542
976,838,1.095881,164647
976,839,-1.000272,164732
977,839,1.076064,164867
977,840,-1.000272,164967
977,841,-1.000272,165047
978,841,1.100738,165147
979,841,1.107255,165242
980,841,1.133061,165317
980,842,-1.000272,165377
980,843,-0.98025,165452
980,844,-1.000272,165547
981,844,1.093186,165657
982,844,1.088223,165772
983,844,1.09232,165882
983,845,-0.98025,165972
983,846,-1.000272,166102
983,847,-1.000272,166187
983,848,-1.000272,166267
984,848,1.09975,166392
984,849,-1.000272,166457
985,849,1.097767,166562
986,849,1.094966,166667
987,849,1.096815,166772
987,850,-1.000272,166827
988,850,1.080373,166952
988,851,-0.98025,167037
989,851,1.112087,167127
990,851,1.18104,167192
990,852,-1.000272,167252
991,852,1.090637,167362
992,852,1.091471,167472
993,852,1.100738,167572
994,852,1.072191,167712
995,852,1.12021,167797
996,852,1.169219,167857
996,853,-0.98025,167907
996,854,-1.000272,167987
996,855,-1.000272,168052
997,855,1.066842,168202
998,855,1.094067,168312
998,856,-0.98025,168377
999,856,1.101768,168477
1000,856,1.094938,168612
1001,856,1.101768,168712
1002,856,1.112087,168802
1002,857,-1.000272,168907
1002,858,-0.98025,168987
1003,858,1.107255,169082
1003,859,-0.98025,169152
1004,859,1.089818,169267
1004,860,-0.98025,169332
1004,861,-1.000272,169392
1004,862,-1.000272,169457
1005,862,1.094067,169567
1006,862,1.085198,169687
1006,863,-1.000272,169772
1006,864,-0.98025,169882
1007,864,1.083061,170002
1008,864,1.101051,170127
1008,865,-1.000272,170237
1008,866,-0.98025,170347
1009,866,1.10282,170447
1010,866,1.089818,170562
1011,866,1.086684,170677
1012,866,1.11467,170767
1012,867,-1.000272,170832
1013,867,1.077247,170962
1013,868,-1.000272,171032
1013,869,-0.98025,171077
1013,870,-0.98025,171137
1014,870,1.088223,171252
1015,870,1.140232,171337
1016,870,1.073257,171477
1017,870,1.089194,171622
1017,871,-0.98025,171687
1018,871,1.108423,171782
1019,871,1.081695,171907
1019,872,-1.000272,171962
1020,872,1.088223,172077
1020,873,-1.000272,172132
1021,873,1.11975,172232
1021,874,-1.000272,172307
1021,875,-1.000272,172382
1022,875,1.105957,172502
1022,876,-0.98025,172572
1023,876,1.100738,172672
1024,876,1.09232,172782
1025,876,1.094966,172887
1025,877,-1.000272,172977
1026,877,1.117375,173062
1026,878,-0.98025,173117
1027,878,1.099728,173217
1028,878,1.100738,173317
1029,878,1.094966,173422
1030,878,1.103083,173542
1030,879,-1.000272,173632
1030,880,-1.000272,173677
1031,880,1.12021,173762
1031,881,-0.98025,173842
1031,882,-0.98025,173907
1031,883,-0.98025,173972
1031,884,-1.000272,174032
1032,884,1.104496,174152
1033,884,1.061456,174317
1034,884,1.146332,174397
1035,884,1.101051,174522
1035,885,-1.000272,174597
1035,886,-1.000272,174682
1035,887,-1.000272,174757
1036,887,1.154885,174832
1036,888,-1.000272,174887
1037,888,1.123184,174972
1037,888,0.00395,175013
1038,888,1.094067,175123
1039,888,1.072191,175263
1039,889,-1.000272,175328
1039,890,-1.000272,175388
1039,891,-0.98025,175463
1040,891,1.098737,175568
1040,892,-1.000272,175628
1040,893,-1.000272,175683
1040,894,-0.98025,175753
1040,895,-0.98025,175823
1040,896,-1.000272,175913
1040,897,-1.000272,175998
1040,898,-1.000272,176123
1041,898,1.090637,176233
1042,898,1.144655,176303
1043,898,1.12631,176383
1043,899,-1.000272,176448
1044,899,1.137397,176533
1044,900,-0.98025,176628
1045,900,1.12964,176723
1045,901,-0.98025,176793
1046,901,1.103894,176893
1046,902,-0.98025,176963
1047,902,1.121791,177063
1048,902,1.09232,177173
1049,902,1.095881,177278
1049,903,-1.000272,177348
1049,904,-1.000272,177403
1050,904,1.085198,177523
1050,905,-1.000272,177603
1050,906,-1.000272,177673
1051,906,1.073257,177813
1052,906,1.084473,177933
1052,907,-1.000272,178008
1052,908,-0.98025,178083
1052,909,-0.98025,178153
1053,909,1.088223,178268
1054,909,1.09232,178378
1055,909,1.096086,178513
1055,910,-1.000272,178588
1056,910,1.081028,178713
1056,911,-1.000272,178748
1056,912,-1.000272,178803
1057,912,1.116007,178893
1058,912,1.09232,179003
1058,913,-1.000272,179083
1059,913,1.108423,179178
1060,913,1.106111,179273
1060,914,-0.98025,179328
1061,914,1.117789,179433
1062,914,1.090637,179543
1062,915,-1.000272,179608
1062,916,-1.000272,179663
1063,916,1.116007,179753
1063,917,-0.98025,179813
1064,917,1.075485,179948
1064,918,-0.98025,180023
1064,919,-1.000272,180113
1065,919,1.118775,180198
1065,920,-1.000272,180293
1065,921,-1.000272,180348
1065,922,-1.000272,180403
1065,923,-1.000272,180463
1066,923,1.099728,180563
1067,923,1.096815,180668
1068,923,1.10282,180768
1068,924,-0.98025,180883
1068,925,-0.98025,180968
1068,926,-1.000272,181033
1069,926,1.142585,181103
1070,926,1.091471,181213
1071,926,1.108423,181308
1072,926,1.095881,181413
1073,926,1.09232,181523
1073,927,-0.98025,181583
1073,928,-1.000272,181638
1074,928,1.107255,181733
1075,928,1.088223,181848
1076,928,1.14962,181928
1076,929,-0.98025,182008
1076,930,-1.000272,182088
1077,930,1.109036,182203
1077,931,-1.000272,182283
1078,931,1.089818,182398
1078,932,-0.98025,182513
1079,932,1.074355,182648
1080,932,1.136029,182738
1081,932,1.089013,182853
1082,932,1.114988,182958
1083,932,1.061839,183123
1084,932,1.131307,183203
1085,932,1.088223,183318
1086,932,1.109036,183433
1086,933,-1.000272,183503
1087,933,1.127933,183583
1087,934,-0.98025,183668
1087,935,-0.98025,183723
1087,936,-1.000272,183828
1087,937,-1.000272,183893
1087,938,-1.000272,184013
1088,938,1.104991,184108
1089,938,1.11467,184198
1090,938,1.094966,184303
1090,939,-1.000272,184358
1091,939,1.131307,184438
1091,940,-1.000272,184518
1091,941,-0.98025,184578
1092,941,1.089818,184693
1092,942,-0.98025,184783
1092,943,-0.98025,184833
1092,944,-1.000272,184918
1092,945,-0.98025,184978
1093,945,1.095881,185083
1094,945,1.105957,185203
1094,946,-0.98025,185293
1095,946,1.098737,185398
1096,946,1.091471,185508
1096,947,-0.98025,185588
1096,948,-0.98025,185713
1096,949,-1.000272,185773
1097,949,1.082372,185898
1097,950,-0.98025,185963
1098,950,1.113364,186053
1099,950,1.123184,186138
1100,950,1.084473,186258
1101,950,1.108423,186353
1101,951,-0.98025,186428
1101,952,-1.000272,186528
1101,953,-1.000272,186623
1101,954,-1.000272,186743
1101,955,-1.000272,186828
1101,956,-0.98025,186908
1102,956,1.127933,186988
1103,956,1.077853,187118
1104,956,1.063019,187278
1105,956,1.123184,187363
1105,957,-0.98025,187438
1105,958,-1.000272,187523
1105,959,-1.000272,187623
1105,960,-1.000272,187688
1105,961,-1.000272,187763
1105,962,-0.98025,187838
1106,962,1.088223,187953
1107,962,1.092743,188093
1107,963,-1.000272,188203
1108,963,1.109618,188298
1108,964,-1.000272,188343
1108,965,-1.000272,188453
1108,966,-1.000272,188528
1109,966,1.112087,188618
1109,967,-0.98025,188683
1110,967,1.10282,188783
1110,968,-1.000272,188873
1111,968,1.09975,188998
1112,968,1.106111,189093
1113,968,1.093186,189203
1114,968,1.085198,189323
1115,968,1.106111,189418
1115,969,-1.000272,189488
1115,970,-1.000272,189533
1115,971,-0.98025,189593
1115,972,-0.98025,189658
1116,972,1.14475,189738
1116,973,-1.000272,189858
1116,974,-1.000272,189913
1117,974,1.109036,190028
1117,975,-1.000272,190108
1117,976,-0.98025,190153
1118,976,1.10522,190273
1118,977,-1.000272,190398
1118,978,-1.000272,190463
1119,978,1.09232,190573
1120,978,1.11467,190663
1121,978,1.093824,190798
1122,978,1.141701,190883
1122,979,-1.000272,190938
1123,979,1.110839,191028
1124,979,1.093279,191168
1124,980,-1.000272,191283
1124,981,-1.000272,191398
1125,981,1.081695,191523
1126,981,1.121679,191608
1127,981,1.103083,191728
1128,981,1.133061,191803
1128,982,-1.000272,191843
1128,983,-1.000272,191903
1128,984,-1.000272,191958
1128,985,-0.98025,192013
1128,986,-1.000272,192073
1128,987,-1.000272,192128
1128,988,-1.000272,192218
1129,988,1.103894,192318
1130,988,1.104991,192413
1131,988,1.106111,192508
1132,988,1.133386,192598
1132,989,-1.000272,192658
1132,990,-0.98025,192733
1132,991,-1.000272,192848
1133,991,1.129598,192928
1133,992,-1.000272,193003
1133,993,-1.000272,193073
1134,993,1.081695,193198
1135,993,1.097767,193303
1136,993,1.103894,193403
1136,994,-1.000272,193483
1136,995,-0.98025,193578
1136,996,-1.000272,193678
1136,997,-1.000272,193743
1137,997,1.085198,193863
1137,998,-1.000272,193953
1137,999,-1.000272,194018
1137,1000,-1.000272,194058
1138,1000,1.118775,194143
1139,1000,1.103083,194263
1140,1000,1.087318,194413
1140,1001,-0.98025,194553
1140,1002,-1.000272,194633
1141,1002,1.153083,194708
1142,1002,1.133386,194798
1143,1002,1.133061,194873
1144,1002,1.102395,194998
1145,1002,1.114988,195103
1146,1002,1.134693,195193
1147,1002,1.077247,195323
1148,1002,1.10984,195438
1149,1002,1.136029,195528
1149,1003,-0.98025,195593
1150,1003,1.11409,195703
1150,1004,-0.98025,195843
1150,1005,-1.000272,195903
1150,1006,-0.98025,195973
1151,1006,1.075485,196108
1151,1007,-1.000272,196233
1151,1008,-1.000272,196323
1152,1008,1.073257,196463
1152,1009,-0.98025,196548
1152,1010,-0.98025,196608
1152,1011,-1.000272,196678
1153,1011,1.143207,196763
1153,1012,-1.000272,196833
1153,1013,-0.98025,196888
1153,1014,-1.000272,196963
1153,1015,-1.000272,197058
1154,1015,1.11975,197158
1155,1015,1.078468,197288
1155,1016,-1.000272,197348
1155,1017,-1.000272,197413
1155,1018,-1.000272,197473
1156,1018,1.11467,197563
1156,1019,-0.98025,197618
1156,1020,-1.000272,197703
1156,1021,-1.000272,197798
1156,1022,-0.98025,197918
1157,1022,1.098737,198023
1158,1022,1.088223,198138
1159,1022,1.093186,198248
1160,1022,1.11467,198338
1160,1023,-1.000272,198393
1160,1024,-1.000272,198513
1161,1024,1.12076,198613
1162,1024,1.063422,198773
1162,1025,-1.000272,198838
1162,1026,-1.000272,198903
1163,1026,1.107255,198998
1164,1026,1.093186,199108
1165,1026,1.146332,199188
1166,1026,1.094966,199293
1166,1027,-1.000272,199358
1167,1027,1.111493,199468
1168,1027,1.121679,199553
1169,1027,1.118775,199638
1169,1028,-1.000272,199693
1170,1028,1.081028,199818
1171,1028,1.10984,199933
1171,1028,0.00395,200014
1172,1028,1.088223,200129
1173,1028,1.083061,200249
1173,1029,-1.000272,200369
1174,1029,1.087447,200484
1174,1030,-0.98025,200534
1174,1031,-1.000272,200594
1175,1031,1.083761,200714
1176,1031,1.081695,200839
1177,1031,1.10282,200939
1177,1032,-0.98025,200974
1177,1033,-1.000272,201059
1177,1034,-0.98025,201139
1177,1035,-1.000272,201199
1178,1035,1.108423,201294
1178,1036,-0.98025,201359
1179,1036,1.094067,201469
1179,1037,-1.000272,201534
1180,1037,1.082372,201659
1180,1038,-1.000272,201729
1180,1039,-1.000272,201794
1180,1040,-0.98025,201844
1180,1041,-1.000272,201929
1180,1042,-0.98025,202054
1180,1043,-0.98025,202184
1181,1043,1.104991,202279
1181,1044,-1.000272,202389
1181,1045,-1.000272,202469
1182,1045,1.108423,202564
1183,1045,1.153083,202639
1183,1046,-1.000272,202694
1184,1046,1.10282,202794
1185,1046,1.067755,202944
1185,1047,-0.98025,202999
1186,1047,1.126133,203094
1186,1048,-0.98025,203159
1187,1048,1.11467,203249
1187,1049,-0.98025,203354
1187,1050,-1.000272,203419
1187,1051,-1.000272,203489
1188,1051,1.091471,203599
1189,1051,1.12076,203699
1190,1051,1.088716,203844
1190,1052,-1.000272,203914
1190,1053,-0.98025,204039
1190,1054,-0.98025,204109
1191,1054,1.108423,204204
1191,1055,-1.000272,204284
1191,1056,-0.98025,204359
1191,1057,-0.98025,204434
1191,1058,-1.000272,204559
1192,1058,1.115904,204664
1193,1058,1.12964,204759
1193,1059,-0.98025,204809
1193,1060,-1.000272,204944
1193,1061,-1.000272,205004
1194,1061,1.099728,205104
1195,1061,1.099728,205204
1195,1062,-0.98025,205264
1196,1062,1.082372,205389
1197,1062,1.087447,205504
1197,1063,-1.000272,205579
1198,1063,1.083061,205699
1198,1064,-0.98025,205789
1198,1065,-1.000272,205859
1199,1065,1.083761,205979
1199,1066,-1.000272,206044
1199,1067,-1.000272,206104
1200,1067,1.098737,206209
1200,1068,-0.98025,206289
1201,1068,1.076064,206424
1202,1068,1.106707,206539
1203,1068,1.110839,206629
1204,1068,1.103894,206729
1205,1068,1.121679,206814
1206,1068,1.094067,206924
1206,1069,-1.000272,206984
1207,1069,1.081695,207109
1207,1070,-0.98025,207224
1207,1071,-1.000272,207359
1208,1071,1.085198,207479
1209,1071,1.07167,207619
1210,1071,1.069658,207764
1210,1072,-1.000272,207829
1210,1073,-1.000272,207909
1210,1074,-1.000272,208014
1210,1075,-0.98025,208084
1210,1076,-0.98025,208159
1210,1077,-0.98025,208249
1211,1077,1.086684,208364
1211,1078,-0.98025,208439
1211,1079,-0.98025,208499
1211,1080,-0.98025,208559
1212,1080,1.077853,208689
1213,1080,1.113208,208799
1214,1080,1.116007,208889
1215,1080,1.100738,208989
1216,1080,1.085109,209144
1216,1081,-1.000272,209199
1216,1082,-0.98025,209259
1216,1083,-1.000272,209329
1216,1084,-1.000272,209434
1217,1084,1.089818,209549
1218,1084,1.074916,209684
1218,1085,-1.000272,209809
1219,1085,1.06383,209969
1220,1085,1.074916,210104
1220,1086,-1.000272,210204
1220,1087,-0.98025,210269
1220,1088,-0.98025,210374
1221,1088,1.071156,210514
1222,1088,1.083761,210634
1222,1089,-1.000272,210759
1223,1089,1.081028,210884
1223,1090,-1.000272,210964
1223,1091,-0.98025,211089
1223,1092,-1.000272,211144
1223,1093,-0.98025,211199
1223,1094,-1.000272,211324
1224,1094,1.122843,211424
1224,1095,-0.98025,211484
1224,1096,-1.000272,211549
1224,1097,-0.98025,211604
1225,1097,1.122843,211704
1226,1097,1.084473,211824
1226,1098,-0.98025,211909
1227,1098,1.077853,212039
1228,1098,1.073257,212179
1229,1098,1.117789,212284
1230,1098,1.100738,212384
1230,1099,-1.000272,212514
1230,1100,-0.98025,212639
1231,1100,1.07015,212784
1231,1101,-0.98025,212919
1231,1102,-1.000272,212984
1232,1102,1.084473,213104
1232,1103,-1.000272,213169
1233,1103,1.122843,213269
1234,1103,1.085198,213389
1235,1103,1.10984,213504
1235,1104,-1.000272,213589
1236,1104,1.086684,213704
1236,1105,-0.98025,213769
1236,1106,-0.98025,213864
1236,1107,-0.98025,213924
1236,1108,-1.000272,213979
1237,1108,1.104991,214074
1238,1108,1.061839,214239
1238,1109,-0.98025,214309
1238,1110,-1.000272,214434
1238,1111,-1.000272,214574
1238,1112,-1.000272,214654
1239,1112,1.104496,214774
1240,1112,1.089818,214889
1241,1112,1.08968,215034
1242,1112,1.099728,215134
1243,1112,1.085198,215254
1244,1112,1.089818,215369
1244,1113,-1.000272,215444
1245,1113,1.110839,215534
1246,1113,1.085935,215654
1246,1114,-0.98025,215739
1246,1115,-1.000272,215849
1246,1116,-1.000272,215984
1246,1117,-1.000272,216054
1246,1118,-1.000272,216099
1246,1119,-0.98025,216159
1247,1119,1.093186,216269
1248,1119,1.112087,216359
1249,1119,1.131307,216439
1250,1119,1.097269,216569
1250,1120,-1.000272,216659
1250,1121,-1.000272,216744
1250,1122,-0.98025,216819
1251,1122,1.07272,216959
1252,1122,1.090637,217069
1253,1122,1.136029,217159
1254,1122,1.14475,217239
1254,1123,-0.98025,217344
1254,1124,-1.000272,217419
1254,1125,-1.000272,217494
1254,1126,-1.000272,217554
1254,1127,-0.98025,217624
1255,1127,1.12964,217719
1255,1128,-1.000272,217804
1256,1128,1.130861,217894
1256,1129,-1.000272,218004
1257,1129,1.107469,218119
1257,1130,-0.98025,218194
1257,1131,-0.98025,218274
1257,1132,-0.98025,218359
1258,1132,1.09232,218469
1259,1132,1.114988,218574
1260,1132,1.117789,218679
1261,1132,1.107255,218774
1261,1133,-1.000272,218854
1262,1133,1.118775,218939
1263,1133,1.101717,219064
1263,1134,-0.98025,219114
1264,1134,1.094377,219249
1265,1134,1.10282,219349
1265,1135,-1.000272,219519
1265,1136,-0.98025,219574
1266,1136,1.083061,219694
1266,1137,-1.000272,219779
1267,1137,1.093186,219889
1268,1137,1.115904,219994
1269,1137,1.096815,220099
1269,1138,-1.000272,220164
1270,1138,1.063228,220394
1270,1139,-1.000272,220469
1270,1140,-1.000272,220529
1271,1140,1.128446,220624
1272,1140,1.111493,220734
1273,1140,1.102395,220859
1273,1141,-1.000272,220929
1274,1141,1.110839,221019
1274,1142,-1.000272,221094
1275,1142,1.103784,221214
1276,1142,1.113364,221304
1276,1143,-1.000272,221359
1276,1144,-1.000272,221434
1277,1144,1.109618,221529
1277,1145,-0.98025,221594
1278,1145,1.12631,221674
1279,1145,1.081695,221799
1279,1146,-0.98025,221874
1280,1146,1.109618,221969
1280,1147,-1.000272,222039
1281,1147,1.138798,222124
1282,1147,1.07065,222269
1283,1147,1.093186,222379
1284,1147,1.128446,222474
1285,1147,1.077247,222604
1285,1148,-1.000272,222674
1286,1148,1.104991,222769
1286,1149,-0.98025,222894
1286,1150,-1.000272,222969
1286,1151,-0.98025,223024
1287,1151,1.061456,223189
1288,1151,1.123184,223274
1289,1151,1.12021,223359
1289,1152,-1.000272,223399
1289,1153,-0.98025,223514
1290,1153,1.095881,223619
1290,1154,-0.98025,223679
1291,1154,1.077247,223809
1291,1155,-0.98025,223899
1291,1156,-0.98025,223944
1291,1157,-1.000272,224014
1291,1158,-1.000272,224119
1292,1158,1.098737,224224
1293,1158,1.099728,224324
1293,1159,-0.98025,224379
1293,1160,-1.000272,224464
1293,1161,-0.98025,224539
1293,1162,-0.98025,224619
1294,1162,1.110659,224729
1294,1163,-0.98025,224789
1294,1164,-1.000272,224844
1294,1165,-0.98025,224904
1294,1166,-0.98025,224989
1294,1166,0.00395,225015
1295,1166,1.094966,225120
1296,1166,1.094966,225225
1297,1166,1.123917,225325
1297,1167,-0.98025,225390
1297,1168,-1.000272,225515
1298,1168,1.095508,225650
1299,1168,1.096815,225755
1300,1168,1.08225,225915
1301,1168,1.081028,226040
1301,1169,-1.000272,226095
1302,1169,1.108423,226190
1303,1169,1.098737,226295
1303,1170,-1.000272,226360
1303,1171,-0.98025,226435
1303,1172,-0.98025,226515
1303,1173,-0.98025,226590
1303,1174,-1.000272,226650
1303,1175,-0.98025,226730
1303,1176,-1.000272,226815
1303,1177,-0.98025,226870
1303,1178,-1.000272,226935
1304,1178,1.088223,227050
1304,1179,-1.000272,227110
1304,1180,-0.98025,227175
1305,1180,1.104496,227295
1306,1180,1.094966,227400
1306,1181,-1.000272,227520
1306,1182,-0.98025,227575
1306,1183,-0.98025,227635
1306,1184,-0.98025,227750
1306,1185,-0.98025,227825
1307,1185,1.094067,227935
1307,1186,-0.98025,228000
1307,1187,-0.98025,228090
1307,1188,-1.000272,228150
1308,1188,1.131307,228230
1308,1189,-1.000272,228280
1308,1190,-1.000272,228365
1309,1190,1.107469,228480
1309,1191,-1.000272,228545
1310,1191,1.057867,228720
1311,1191,1.10984,228835
1311,1192,-0.98025,228890
1312,1192,1.094966,228995
1313,1192,1.096815,229100
1313,1193,-1.000272,229225
1313,1194,-1.000272,229295
1314,1194,1.111493,229405
1314,1195,-1.000272,229520
1314,1196,-1.000272,229575
1314,1197,-0.98025,229630
1314,1198,-0.98025,229695
1314,1199,-0.98025,229775
1315,1199,1.109618,229870
1315,1200,-1.000272,229935
1315,1201,-1.000272,230000
1315,1202,-0.98025,230030
1316,1202,1.08968,230175
1317,1202,1.116837,230280
1317,1203,-1.000272,230335
1317,1204,-1.000272,230390
1318,1204,1.099728,230490
1318,1205,-1.000272,230585
1318,1206,-1.000272,230690
1319,1206,1.099728,230790
1320,1206,1.107469,230905
1320,1207,-1.000272,231025
1320,1208,-1.000272,231100
1321,1208,1.079093,231230
1322,1208,1.108423,231325
1323,1208,1.107255,231420
1324,1208,1.091471,231530
1324,1209,-1.000272,231595
1324,1210,-1.000272,231700
1325,1210,1.088223,231815
1325,1211,-1.000272,231870
1326,1211,1.078574,232040
1326,1212,-1.000272,232105
1326,1213,-0.98025,232210
1327,1213,1.113208,232320
1327,1214,-0.98025,232375
1327,1215,-0.98025,232445
1328,1215,1.11409,232555
1328,1216,-0.98025,232620
1328,1217,-0.98025,232670
1329,1217,1.089818,232785
1330,1217,1.081028,232910
1330,1218,-1.000272,232985
1331,1218,1.079093,233115
1332,1218,1.081028,233240
1332,1219,-1.000272,233345
1332,1220,-0.98025,233415
1333,1220,1.121679,233500
1333,1221,-1.000272,233555
1334,1221,1.098737,233660
1335,1221,1.081028,233785
1335,1222,-1.000272,233880
1336,1222,1.095881,233985
1337,1222,1.080373,234110
1337,1223,-1.000272,234180
1337,1224,-1.000272,234255
1337,1225,-1.000272,234340
1338,1225,1.083061,234460
1339,1225,1.091471,234570
1339,1226,-0.98025,234635
1339,1227,-1.000272,234705
1340,1227,1.087447,234820
1340,1228,-1.000272,234890
1341,1228,1.065517,235045
1342,1228,1.076651,235175
1343,1228,1.123917,235275
1344,1228,1.11467,235365
1345,1228,1.093186,235475
1345,1229,-0.98025,235540
1346,1229,1.112087,235630
1346,1230,-0.98025,235705
1347,1230,1.080373,235830
1347,1231,-1.000272,235915
1348,1231,1.081028,236040
1348,1232,-1.000272,236100
1348,1233,-0.98025,236195
1348,1234,-0.98025,236245
1349,1234,1.094067,236355
1350,1234,1.102395,236480
1350,1235,-0.98025,236560
1350,1236,-0.98025,236610
1351,1236,1.107255,236705
1352,1236,1.10282,236805
1353,1236,1.087447,236920
1353,1237,-1.000272,237005
1354,1237,1.10282,237105
1354,1238,-0.98025,237190
1354,1239,-0.98025,237245
1354,1240,-0.98025,237315
1354,1241,-1.000272,237380
1355,1241,1.077247,237510
1356,1241,1.103894,237610
1356,1242,-1.000272,237690
1357,1242,1.101768,237790
1357,1243,-1.000272,237890
1357,1244,-0.98025,237960
1357,1245,-1.000272,238015
1357,1246,-0.98025,238075
1357,1247,-0.98025,238120
1357,1248,-1.000272,238185
1357,1249,-1.000272,238280
1357,1250,-0.98025,238360
1357,1251,-1.000272,238495
1357,1252,-0.98025,238555
1358,1252,1.115904,238660
1359,1252,1.122843,238760
1359,1253,-0.98025,238830
1359,1254,-1.000272,238895
1360,1254,1.103083,239015
1361,1254,1.141701,239100
1361,1255,-1.000272,239185
1362,1255,1.103894,239285
1363,1255,1.088223,239400
1363,1256,-0.98025,239450
1363,1257,-1.000272,239525
1363,1258,-1.000272,239590
1363,1259,-1.000272,239655
1363,1260,-1.000272,239725
1363,1261,-1.000272,239780
1364,1261,1.086684,239895
1364,1262,-1.000272,239950
1364,1263,-1.000272,240025
1365,1263,1.089818,240140
1366,1263,1.117375,240225
1366,1264,-1.000272,240345
1367,1264,1.111493,240455
1367,1265,-0.98025,240545
1367,1266,-1.000272,240625
1367,1267,-1.000272,240685
1368,1267,1.121679,240770
1368,1268,-1.000272,240875
1368,1269,-0.98025,240940
1369,1269,1.089013,241055
1369,1270,-0.98025,241120
1369,1271,-1.000272,241235
1370,1271,1.077853,241365
1370,1272,-0.98025,241490
1371,1272,1.140573,241565
1371,1273,-1.000272,241690
1372,1273,1.097767,241795
1373,1273,1.126133,241890
1373,1274,-0.98025,241940
1373,1275,-0.98025,242000
1374,1275,1.114988,242105
1375,1275,1.091471,242215
1375,1276,-1.000272,242305
1376,1276,1.094067,242415
1376,1277,-1.000272,242485
1376,1278,-0.98025,242540
1377,1278,1.108246,242655
1378,1278,1.090637,242765
1379,1278,1.096673,242895
1380,1278,1.099115,243025
1380,1279,-1.000272,243100
1381,1279,1.097767,243205
1382,1279,1.089013,243320
1382,1280,-0.98025,243380
1383,1280,1.117375,243465
1383,1281,-1.000272,243545
1383,1282,-1.000272,243620
1384,1282,1.090637,243730
1384,1283,-1.000272,243810
1384,1284,-0.98025,243865
1385,1284,1.103894,243965
1385,1285,-1.000272,244030
1385,1286,-0.98025,244090
1386,1286,1.108246,244205
1386,1287,-0.98025,244260
1387,1287,1.14475,244340
1387,1288,-1.000272,244385
1387,1289,-1.000272,244455
1387,1290,-0.98025,244515
1387,1291,-1.000272,244555
1387,1292,-1.000272,244620
1387,1293,-0.98025,244720
1387,1294,-0.98025,244785
1387,1295,-1.000272,244845
1387,1296,-1.000272,244925
1388,1296,1.115904,245030
1388,1297,-0.98025,245090
1388,1298,-1.000272,245160
1388,1299,-1.000272,245220
1389,1299,1.098737,245325
1389,1300,-1.000272,245390
1389,1301,-1.000272,245450
1389,1302,-0.98025,245510
1390,1302,1.093186,245620
1391,1302,1.090637,245730
1392,1302,1.089013,245845
1393,1302,1.117789,245950
1394,1302,1.108423,246045
1394,1303,-0.98025,246105
1394,1304,-1.000272,246170
1395,1304,1.083061,246290
1395,1305,-0.98025,246345
1395,1306,-0.98025,246420
1395,1307,-0.98025,246495
1395,1308,-1.000272,246575
1395,1309,-1.000272,246635
1395,1310,-0.98025,246735
1396,1310,1.073802,246870
1397,1310,1.11876,246975
1397,1311,-0.98025,247095
1397,1312,-1.000272,247165
1397,1313,-1.000272,247225
1398,1313,1.09975,247350
1399,1313,1.091471,247460
1400,1313,1.13211,247550
1401,1313,1.104496,247670
1401,1314,-0.98025,247740
1402,1314,1.094966,247845
1402,1315,-1.000272,247920
1402,1316,-1.000272,248035
1402,1317,-1.000272,248110
1402,1318,-0.98025,248175
1402,1319,-1.000272,248245
1402,1320,-0.98025,248320
1402,1321,-0.98025,248435
1403,1321,1.109036,248550
1404,1321,1.11409,248660
1404,1322,-0.98025,248730
1405,1322,1.111493,248840
1406,1322,1.086684,248955
1406,1323,-1.000272,249095
1407,1323,1.094067,249205
1407,1324,-1.000272,249270
1408,1324,1.094067,249380
1408,1325,-0.98025,249445
1408,1326,-0.98025,249505
1408,1327,-1.000272,249560
1408,1328,-1.000272,249635
1408,1329,-1.000272,249705
1408,1330,-1.000272,249765
1408,1331,-0.98025,249810
1409,1331,1.094966,249915
