Goals,Deaths,Reward,Step 
0,0,0,0
0,1,-1,125
0,2,-1,295
0,3,-1,370
0,4,-1,375
1,4,1.153846,440
1,5,-1,500
1,6,-1,555
1,7,-1,560
1,8,-1,565
1,9,-1,630
1,10,-1,650
1,11,-1,655
1,12,-1,690
1,13,-1,755
1,14,-1,820
1,15,-1,870
1,16,-1,1105
1,17,-1,1155
1,18,-1,1195
1,19,-1,1200
1,20,-1,1260
1,21,-1,1335
1,22,-1,1380
1,23,-1,1455
1,24,-1,1515
1,25,-1,1565
1,26,-1,1570
1,27,-1,1635
1,28,-1,1690
1,29,-1,1790
1,30,-1,1850
1,31,-1,1855
1,32,-1,1870
1,33,-1,1875
1,34,-1,2005
1,35,-1,2045
1,36,-1,2105
1,37,-1,2195
1,38,-1,2240
1,39,-1,2275
1,40,-1,2375
1,41,-1,2455
1,42,-1,2525
1,43,-1,2625
1,44,-1,2785
1,45,-1,2900
1,47,-2,2960
1,48,-1,3065
1,49,-1,3100
1,50,-1,3135
1,51,-1,3505
1,52,-1,3510
1,53,-1,3550
1,54,-1,3555
1,55,-1,3595
1,56,-1,3640
1,58,-2,3705
1,59,-1,3800
1,60,-1,3875
1,61,-1,3920
1,62,-1,3995
1,63,-1,4160
1,65,-2,4220
1,66,-1,4225
1,67,-1,4265
1,68,-1,4350
1,69,-1,4355
1,70,-1,4420
1,71,-1,4480
1,72,-1,4565
1,73,-1,4640
1,74,-1,4775
1,75,-1,4835
1,76,-1,4900
1,77,-1,4980
1,78,-1,5165
1,79,-1,5290
1,80,-1,5400
1,81,-1,5540
1,82,-1,5575
1,83,-1,5635
1,84,-1,5640
1,86,-2,5715
1,87,-1,5765
1,88,-1,5905
1,89,-1,5980
1,90,-1,6050
1,91,-1,6115
1,93,-2,6175
2,93,1.044053,6405
2,94,-1,6410
2,95,-1,6550
2,96,-1,6760
2,97,-1,6765
2,98,-1,6770
2,99,-1,6825
2,100,-1,6905
2,101,-1,7230
2,102,-1,7325
2,103,-1,7380
2,104,-1,7385
2,105,-1,7410
2,106,-1,7480
2,107,-1,7530
2,108,-1,7555
2,109,-1,7560
2,110,-1,7565
2,111,-1,7735
2,112,-1,7740
2,113,-1,7880
2,114,-1,7965
2,115,-1,8120
2,116,-1,8305
2,117,-1,8450
2,119,-2,8510
2,120,-1,8780
2,121,-1,8890
2,122,-1,8945
2,123,-1,9065
2,124,-1,9070
2,125,-1,9110
2,126,-1,9155
2,127,-1,9235
2,128,-1,9345
2,129,-1,9425
2,130,-1,9430
2,131,-1,9500
2,132,-1,9540
2,133,-1,9545
2,134,-1,9750
2,135,-1,9790
2,136,-1,9795
2,137,-1,9850
2,138,-1,9890
2,139,-1,9935
2,140,-1,9940
2,141,-1,9970
2,142,-1,10100
2,143,-1,10150
2,144,-1,10235
2,145,-1,10295
2,146,-1,10345
2,147,-1,10460
2,148,-1,10575
2,149,-1,10640
2,150,-1,10765
2,151,-1,10805
2,152,-1,10885
2,153,-1,11005
2,154,-1,11055
2,155,-1,11110
2,156,-1,11165
3,156,1.09009,11280
3,157,-1,11405
3,158,-1,11445
3,159,-1,11570
3,160,-1,11675
3,161,-1,11730
3,163,-2,11790
3,164,-1,11980
3,165,-1,12110
3,166,-1,12115
3,167,-1,12200
3,168,-1,12295
3,169,-1,12300
3,170,-1,12305
3,171,-1,12365
3,172,-1,12550
3,173,-1,12615
3,174,-1,12665
3,175,-1,12795
3,176,-1,12800
3,177,-1,12845
3,178,-1,12975
3,179,-1,13035
3,180,-1,13160
3,181,-1,13240
3,182,-1,13345
3,183,-1,13475
3,184,-1,13535
4,184,1.1,13635
4,185,-1,13690
4,187,-2,13750
4,188,-1,13805
4,189,-1,13845
4,190,-1,13850
4,191,-1,13960
4,192,-1,13965
4,193,-1,14015
4,194,-1,14075
4,195,-1,14115
4,196,-1,14255
4,197,-1,14310
4,198,-1,14340
4,199,-1,14410
4,200,-1,14480
4,201,-1,14485
4,202,-1,14490
4,203,-1,14495
4,204,-1,14550
4,205,-1,14555
4,206,-1,14560
4,207,-1,14615
4,208,-1,14705
4,209,-1,14740
4,210,-1,14805
4,211,-1,14860
4,212,-1,14930
4,213,-1,14975
4,214,-1,15115
4,215,-1,15155
4,216,-1,15190
4,217,-1,15250
4,219,-2,15310
4,220,-1,15375
4,221,-1,15555
4,222,-1,15590
4,223,-1,15690
4,224,-1,15695
4,225,-1,15745
4,226,-1,15875
4,227,-1,15965
4,228,-1,16025
4,229,-1,16040
4,230,-1,16080
4,231,-1,16140
4,232,-1,16150
4,233,-1,16200
4,234,-1,16205
4,235,-1,16260
4,236,-1,16265
4,237,-1,16270
4,238,-1,16275
4,239,-1,16325
4,240,-1,16435
4,241,-1,16550
4,242,-1,16605
4,243,-1,16650
4,244,-1,16765
4,245,-1,16770
4,246,-1,16775
4,247,-1,16840
4,248,-1,16845
4,249,-1,16870
4,250,-1,17000
4,251,-1,17005
4,252,-1,17045
4,253,-1,17130
4,254,-1,17175
4,255,-1,17240
4,256,-1,17415
4,257,-1,17460
4,258,-1,17465
4,259,-1,17525
4,260,-1,17595
4,261,-1,17715
4,262,-1,17820
4,263,-1,17925
4,264,-1,17980
4,265,-1,18045
4,266,-1,18125
4,267,-1,18275
4,268,-1,18385
4,269,-1,18470
4,270,-1,18565
4,271,-1,18570
4,272,-1,18630
4,273,-1,18660
4,274,-1,18725
4,275,-1,18800
4,277,-2,18950
4,278,-1,19105
4,279,-1,19215
4,280,-1,19315
4,281,-1,19385
4,282,-1,19440
4,283,-1,19530
4,284,-1,19595
4,285,-1,19655
4,286,-1,19715
4,287,-1,19775
4,288,-1,19865
4,289,-1,19960
4,290,-1,20095
4,291,-1,20330
4,292,-1,20335
4,293,-1,20375
4,294,-1,20460
4,295,-1,20465
4,296,-1,21255
4,297,-1,21320
4,298,-1,21365
4,299,-1,21370
4,300,-1,21425
4,301,-1,21430
4,302,-1,21495
4,303,-1,21620
4,304,-1,21685
4,306,-2,21820
4,307,-1,21825
4,308,-1,21830
4,309,-1,21935
4,310,-1,22165
4,311,-1,22230
4,312,-1,22415
4,313,-1,22570
4,314,-1,22760
4,315,-1,22795
4,316,-1,22825
4,317,-1,22830
4,318,-1,22890
4,319,-1,22950
4,320,-1,23005
4,321,-1,23050
4,322,-1,23055
4,323,-1,23120
4,324,-1,23190
4,325,-1,23225
4,326,-1,23230
4,327,-1,23280
4,328,-1,23315
4,329,-1,23385
4,330,-1,23435
4,331,-1,23440
4,332,-1,23505
4,333,-1,23510
4,334,-1,23555
4,335,-1,23745
4,336,-1,23865
4,337,-1,23960
4,338,-1,23965
4,339,-1,24015
4,340,-1,24240
4,341,-1,24300
4,342,-1,24305
4,343,-1,24310
4,344,-1,24365
4,345,-1,24370
4,346,-1,24425
4,347,-1,24475
4,348,-1,24520
4,349,-1,24525
4,350,-1,24715
4,351,-1,24720
4,352,-1,24830
4,353,-1,24885
4,354,-1,24940
4,355,-1,24985
4,356,-1,25055
4,357,-1,25060
4,358,-1,25065
4,360,-2,25315
4,361,-1,25375
4,362,-1,25435
4,363,-1,25495
4,364,-1,25560
4,365,-1,25565
4,366,-1,25605
4,367,-1,25675
4,368,-1,25820
4,369,-1,25825
4,370,-1,25885
4,371,-1,25890
4,372,-1,25950
4,373,-1,25990
4,374,-1,26100
4,375,-1,26310
4,376,-1,26315
4,377,-1,26340
4,378,-1,26345
4,379,-1,26400
4,380,-1,26555
4,381,-1,26640
4,382,-1,26725
4,383,-1,26785
4,385,-2,26845
4,386,-1,26850
4,387,-1,26855
4,388,-1,26910
4,389,-1,26915
4,390,-1,27055
4,391,-1,27110
4,392,-1,27225
4,393,-1,27230
4,394,-1,27400
4,395,-1,27450
4,396,-1,27510
4,397,-1,27860
4,398,-1,27905
4,399,-1,28170
4,400,-1,28210
4,401,-1,28285
4,402,-1,28370
4,403,-1,28405
4,404,-1,28500
4,405,-1,28505
4,406,-1,28545
4,407,-1,28580
4,408,-1,28670
4,409,-1,28710
4,410,-1,28715
4,411,-1,28800
4,412,-1,28890
4,413,-1,28895
5,413,1.151515,28965
5,414,-1,29175
5,415,-1,29245
5,416,-1,29485
5,417,-1,29670
5,418,-1,29740
5,419,-1,29745
5,420,-1,29750
5,421,-1,29755
5,422,-1,29800
5,423,-1,29920
5,424,-1,29975
5,425,-1,30035
5,426,-1,30100
6,426,1.111111,30190
6,427,-1,30300
6,428,-1,30375
6,429,-1,30380
6,430,-1,30420
6,431,-1,30425
6,432,-1,30550
6,433,-1,30700
6,434,-1,30750
6,435,-1,30795
6,436,-1,30970
6,437,-1,31030
7,437,1.082645,31155
7,438,-1,31235
7,439,-1,31410
7,440,-1,31530
7,441,-1,31595
7,442,-1,31600
7,443,-1,31605
7,444,-1,31610
7,446,-2,31815
7,447,-1,31820
7,448,-1,31825
7,449,-1,31980
7,450,-1,31985
7,451,-1,31990
7,452,-1,32035
7,453,-1,32085
7,454,-1,32090
7,455,-1,32230
7,456,-1,32460
7,457,-1,32500
7,458,-1,32505
7,459,-1,32550
7,460,-1,32650
7,461,-1,32765
7,462,-1,32955
7,463,-1,32960
7,464,-1,33165
7,465,-1,33225
7,466,-1,33230
7,467,-1,33290
7,468,-1,33350
7,469,-1,33355
7,470,-1,33360
7,471,-1,33520
8,471,1.05,33720
8,472,-1,33750
8,473,-1,33820
8,474,-1,33825
8,475,-1,33880
8,476,-1,33885
8,477,-1,33965
8,478,-1,34025
8,479,-1,34110
8,480,-1,34115
8,481,-1,34120
8,482,-1,34280
8,483,-1,34370
8,484,-1,34505
8,485,-1,34510
8,486,-1,34560
8,487,-1,34700
8,488,-1,34825
8,489,-1,34865
8,490,-1,35110
8,491,-1,35165
8,492,-1,35315
8,493,-1,35385
8,494,-1,35515
8,495,-1,35520
8,496,-1,35670
8,497,-1,35725
8,498,-1,35730
8,499,-1,35945
8,500,-1,36015
8,501,-1,36090
8,502,-1,36135
8,503,-1,36140
8,504,-1,36270
9,504,1.042373,36510
9,505,-1,36645
9,506,-1,36695
9,507,-1,36755
9,508,-1,36845
9,509,-1,36895
9,510,-1,36950
9,511,-1,36955
9,512,-1,37020
9,513,-1,37110
9,514,-1,37165
9,516,-2,37235
9,517,-1,37240
9,518,-1,37275
9,519,-1,37335
9,520,-1,37420
9,521,-1,37465
9,522,-1,37520
9,523,-1,37585
9,524,-1,37650
9,525,-1,37700
9,526,-1,37830
9,527,-1,37950
9,528,-1,38020
9,529,-1,38025
9,530,-1,38115
9,531,-1,38220
9,532,-1,38270
9,533,-1,38315
9,534,-1,38370
9,535,-1,38435
9,536,-1,38550
9,537,-1,38555
9,538,-1,38560
9,539,-1,38620
9,540,-1,38625
9,541,-1,38670
9,542,-1,38675
9,543,-1,38720
9,544,-1,38780
9,545,-1,38840
9,546,-1,38975
9,547,-1,39020
9,548,-1,39065
9,549,-1,39175
9,550,-1,39180
9,551,-1,39230
9,552,-1,39325
9,553,-1,39450
9,554,-1,39515
9,555,-1,39575
9,556,-1,39670
9,557,-1,39830
9,558,-1,39835
9,559,-1,39865
9,560,-1,39925
9,561,-1,40005
9,562,-1,40010
9,563,-1,40060
9,564,-1,40065
10,564,1.081301,40190
10,565,-1,40250
10,566,-1,40320
10,567,-1,40450
10,568,-1,40590
10,569,-1,40630
10,570,-1,40665
10,571,-1,40730
10,572,-1,40795
10,573,-1,40800
10,574,-1,40985
10,575,-1,41040
10,576,-1,41180
10,577,-1,41235
10,578,-1,41325
10,579,-1,41410
10,580,-1,41460
10,581,-1,41495
10,582,-1,41600
10,583,-1,41665
10,584,-1,41670
10,585,-1,41720
10,586,-1,41750
10,587,-1,41835
10,588,-1,41925
10,589,-1,41985
10,590,-1,42045
10,591,-1,42105
10,592,-1,42110
10,593,-1,42265
10,594,-1,42390
10,595,-1,42520
10,596,-1,42610
10,597,-1,42690
10,598,-1,42775
10,599,-1,42840
10,600,-1,42900
10,601,-1,42965
10,602,-1,43035
10,603,-1,43100
10,604,-1,43150
10,605,-1,43190
10,606,-1,43245
10,607,-1,43250
10,608,-1,43380
10,609,-1,43385
10,610,-1,43635
10,611,-1,43680
10,612,-1,43805
10,613,-1,43865
10,614,-1,43920
10,615,-1,43980
10,617,-2,44045
10,618,-1,44115
10,619,-1,44145
10,620,-1,44240
10,622,-2,44305
10,623,-1,44310
10,624,-1,44380
10,625,-1,44490
10,626,-1,44535
10,627,-1,44540
10,628,-1,44715
10,629,-1,44720
10,630,-1,44805
10,631,-1,45020
10,632,-1,45075
10,633,-1,45130
10,634,-1,45135
10,635,-1,45225
10,636,-1,45540
10,637,-1,45545
10,638,-1,45615
10,639,-1,45730
10,640,-1,45840
10,641,-1,45845
10,642,-1,45945
10,643,-1,45950
10,644,-1,46010
10,645,-1,46655
10,646,-1,46765
10,647,-1,46835
10,648,-1,46995
10,649,-1,47040
10,650,-1,47045
10,651,-1,47050
11,651,1.086207,47170
11,652,-1,47175
11,653,-1,47240
11,654,-1,47300
11,655,-1,47405
11,656,-1,47485
11,657,-1,47535
11,658,-1,47595
11,659,-1,47680
11,660,-1,47750
11,661,-1,47865
11,662,-1,47955
11,663,-1,47960
11,664,-1,48020
11,665,-1,48080
11,666,-1,48085
11,667,-1,48195
11,668,-1,48200
11,670,-2,48265
11,671,-1,48330
11,672,-1,48370
11,673,-1,48395
11,674,-1,48525
11,675,-1,48530
11,676,-1,48535
11,677,-1,48595
11,678,-1,48715
11,679,-1,48720
11,680,-1,48850
11,681,-1,48855
11,682,-1,48920
11,683,-1,49165
11,684,-1,49230
11,685,-1,49235
11,686,-1,49315
11,687,-1,49320
11,688,-1,49325
11,689,-1,49380
11,690,-1,49385
11,691,-1,49425
11,692,-1,49430
11,693,-1,49475
11,694,-1,49590
11,695,-1,49595
11,696,-1,49695
11,697,-1,49810
11,698,-1,49815
11,699,-1,49865
11,700,-1,49925
11,701,-1,49985
11,702,-1,49990
11,703,-1,50050
11,704,-1,50335
11,705,-1,50385
11,706,-1,50480
11,707,-1,50545
11,708,-1,50585
11,709,-1,50655
11,710,-1,50845
11,711,-1,50850
11,712,-1,50890
11,713,-1,50925
11,714,-1,50930
11,715,-1,50955
11,716,-1,51000
11,717,-1,51035
11,718,-1,51095
11,719,-1,51150
11,720,-1,51165
11,721,-1,51185
11,722,-1,51275
11,723,-1,51330
11,724,-1,51465
11,725,-1,51470
11,726,-1,51520
11,727,-1,51525
11,728,-1,51585
11,729,-1,51635
11,730,-1,51710
11,731,-1,51815
11,732,-1,51865
11,733,-1,51870
11,734,-1,51955
11,735,-1,51960
11,736,-1,52020
11,737,-1,52105
11,738,-1,52190
11,739,-1,52260
11,740,-1,52395
11,741,-1,52520
11,742,-1,52580
11,743,-1,52585
11,744,-1,52690
11,745,-1,52720
11,747,-2,52780
11,748,-1,52785
11,749,-1,52830
11,750,-1,52905
11,751,-1,52950
11,752,-1,53020
11,753,-1,53060
11,754,-1,53165
11,755,-1,53230
11,756,-1,53235
11,757,-1,53295
11,758,-1,53300
11,759,-1,53345
11,760,-1,53495
11,761,-1,53630
11,762,-1,53635
11,763,-1,53660
11,764,-1,53710
11,766,-2,53835
11,767,-1,53890
11,768,-1,53980
11,769,-1,53985
11,770,-1,53990
11,771,-1,54115
11,772,-1,54195
11,773,-1,54320
11,774,-1,54420
11,775,-1,54660
11,776,-1,54690
11,777,-1,54790
11,778,-1,54855
11,779,-1,54980
11,780,-1,55110
11,782,-2,55170
11,783,-1,55235
11,784,-1,55360
11,785,-1,55495
11,786,-1,55575
11,787,-1,55675
11,788,-1,55735
11,789,-1,55805
11,790,-1,55970
11,791,-1,55975
11,792,-1,55980
11,793,-1,56055
11,794,-1,56115
11,795,-1,56260
11,796,-1,56495
12,796,1.10989,56590
12,797,-1,56595
12,798,-1,56655
12,799,-1,56705
12,800,-1,56760
12,801,-1,56765
12,802,-1,56770
12,803,-1,56835
12,804,-1,56900
12,805,-1,56905
12,806,-1,56910
12,807,-1,56950
12,808,-1,57320
12,809,-1,57370
12,810,-1,57375
12,811,-1,57505
12,812,-1,57560
12,813,-1,57605
12,814,-1,57660
12,815,-1,57665
12,816,-1,57735
12,817,-1,57840
12,818,-1,57890
12,819,-1,57895
12,820,-1,58075
12,822,-2,58145
12,823,-1,58205
12,824,-1,58355
12,825,-1,58360
12,826,-1,58420
12,827,-1,58480
12,828,-1,58545
12,829,-1,58595
12,830,-1,58625
12,831,-1,58850
12,832,-1,58855
12,833,-1,58905
12,834,-1,58910
12,835,-1,59050
12,836,-1,59110
13,836,1.126582,59190
13,837,-1,59230
13,838,-1,59255
13,839,-1,59380
13,840,-1,59490
13,841,-1,59550
13,842,-1,59785
13,843,-1,59790
13,844,-1,59795
13,845,-1,59865
13,846,-1,59920
13,847,-1,60015
13,848,-1,60020
13,849,-1,60130
13,850,-1,60220
13,851,-1,60225
13,852,-1,60275
13,853,-1,60280
13,854,-1,60400
13,855,-1,60500
13,856,-1,60505
13,857,-1,60560
13,858,-1,60610
14,858,1.080645,60735
14,859,-1,60800
14,860,-1,60905
14,861,-1,60965
14,862,-1,60995
14,863,-1,61000
14,864,-1,61070
14,865,-1,61160
14,866,-1,61245
14,867,-1,61300
14,868,-1,61305
15,868,1.153846,61370
15,869,-1,61425
15,870,-1,61580
15,871,-1,61585
15,872,-1,61590
15,873,-1,61720
15,874,-1,61760
15,875,-1,61795
15,876,-1,61890
15,877,-1,62060
15,878,-1,62205
15,879,-1,62265
15,880,-1,62325
15,881,-1,62330
15,882,-1,62410
15,883,-1,62475
15,884,-1,62520
15,886,-2,62595
15,887,-1,62810
15,888,-1,62930
15,889,-1,62970
15,890,-1,63000
15,891,-1,63005
15,892,-1,63010
15,893,-1,63065
15,894,-1,63070
15,895,-1,63345
15,896,-1,63400
15,897,-1,63485
15,898,-1,63575
15,900,-2,63635
15,901,-1,63685
15,902,-1,63880
15,903,-1,63940
15,904,-1,64015
15,905,-1,64120
15,906,-1,64200
15,907,-1,64250
15,908,-1,64505
15,909,-1,64565
15,910,-1,64630
15,911,-1,64645
15,912,-1,64650
15,913,-1,64655
15,914,-1,64660
15,915,-1,64710
15,916,-1,64745
15,917,-1,65050
15,918,-1,65210
15,919,-1,65395
15,920,-1,65500
15,921,-1,65505
15,922,-1,65565
15,923,-1,65585
15,924,-1,65625
15,925,-1,65685
15,926,-1,65990
15,927,-1,66115
15,928,-1,66225
15,929,-1,66285
15,930,-1,66355
15,931,-1,66490
15,932,-1,66540
15,933,-1,66585
15,934,-1,66665
15,935,-1,66785
15,936,-1,66845
15,937,-1,66910
15,938,-1,66915
15,939,-1,66975
15,941,-2,67105
15,942,-1,67175
15,943,-1,67235
15,944,-1,67310
15,945,-1,67370
15,946,-1,67395
15,947,-1,67430
15,948,-1,67525
15,949,-1,67530
15,950,-1,67650
15,951,-1,67735
15,952,-1,67760
15,953,-1,67825
15,954,-1,67975
15,956,-2,68035
15,957,-1,68085
15,958,-1,68150
15,959,-1,68190
15,960,-1,68390
15,961,-1,68460
15,962,-1,68515
15,963,-1,68570
15,964,-1,68675
15,965,-1,68910
15,966,-1,68975
15,967,-1,69025
15,968,-1,69040
15,969,-1,69045
16,969,1.070922,69190
16,970,-1,69360
16,971,-1,69405
16,972,-1,69465
16,973,-1,69505
16,974,-1,69510
16,975,-1,69570
16,976,-1,69705
16,977,-1,69750
16,978,-1,69805
16,979,-1,69865
16,980,-1,69870
16,981,-1,69935
16,982,-1,69990
16,983,-1,70135
16,984,-1,70185
16,985,-1,70250
16,986,-1,70280
16,987,-1,70450
16,988,-1,70480
16,989,-1,70535
16,990,-1,70600
16,991,-1,70675
16,992,-1,70705
16,993,-1,70765
16,994,-1,70820
16,995,-1,70945
16,996,-1,70975
16,997,-1,71095
16,998,-1,71215
16,999,-1,71220
16,1000,-1,71310
16,1001,-1,71385
16,1002,-1,71390
16,1003,-1,71785
16,1004,-1,71850
16,1005,-1,71855
16,1006,-1,71995
16,1007,-1,72080
16,1008,-1,72085
16,1010,-2,72145
16,1011,-1,72190
16,1012,-1,72415
16,1013,-1,72490
16,1014,-1,72495
16,1015,-1,72525
16,1016,-1,72585
16,1017,-1,72650
16,1018,-1,72810
16,1019,-1,72965
16,1020,-1,72970
16,1021,-1,72975
17,1021,1.09009,73090
17,1022,-1,73245
17,1023,-1,73345
17,1024,-1,73550
18,1024,1.023529,73975
18,1025,-1,74035
18,1026,-1,74170
18,1027,-1,74340
18,1028,-1,74345
18,1029,-1,74350
18,1030,-1,74395
18,1031,-1,74445
18,1032,-1,74505
18,1033,-1,74560
18,1034,-1,74620
18,1035,-1,74625
18,1036,-1,74670
18,1037,-1,74805
18,1038,-1,75010
18,1039,-1,75080
18,1040,-1,75260
18,1041,-1,75345
18,1042,-1,75465
18,1043,-1,75470
18,1044,-1,75625
18,1045,-1,75690
18,1046,-1,75710
18,1048,-2,75935
18,1049,-1,76035
18,1050,-1,76085
18,1051,-1,76090
18,1052,-1,76235
18,1053,-1,76365
18,1054,-1,76435
18,1055,-1,76565
18,1056,-1,76670
18,1057,-1,76850
18,1058,-1,76925
18,1059,-1,76930
18,1060,-1,76980
18,1061,-1,76985
18,1062,-1,77045
18,1063,-1,77075
18,1064,-1,77150
18,1065,-1,77275
18,1066,-1,77315
18,1067,-1,77350
18,1068,-1,77425
18,1069,-1,77550
18,1070,-1,77635
18,1071,-1,77725
18,1072,-1,77805
18,1073,-1,77860
18,1074,-1,77920
18,1075,-1,77975
18,1076,-1,78125
18,1077,-1,78165
18,1079,-2,78230
18,1080,-1,78235
18,1081,-1,78405
18,1082,-1,78410
18,1083,-1,78415
18,1084,-1,78545
18,1085,-1,78600
18,1086,-1,78630
18,1087,-1,78635
18,1088,-1,78705
18,1089,-1,78780
18,1090,-1,78845
18,1091,-1,78875
18,1092,-1,79160
18,1093,-1,79215
18,1094,-1,79265
18,1095,-1,79270
18,1096,-1,79420
18,1097,-1,79465
18,1098,-1,79575
18,1099,-1,79630
18,1100,-1,79665
18,1101,-1,79730
18,1102,-1,79765
18,1103,-1,79965
18,1104,-1,80035
18,1105,-1,80090
18,1106,-1,80170
18,1107,-1,80365
18,1108,-1,80435
18,1109,-1,80475
18,1110,-1,80545
18,1111,-1,80550
18,1112,-1,80555
18,1113,-1,80640
18,1114,-1,80765
18,1115,-1,80855
18,1116,-1,80915
18,1117,-1,80975
18,1118,-1,81035
18,1119,-1,81095
18,1120,-1,81100
18,1121,-1,81160
18,1122,-1,81165
18,1123,-1,81265
18,1124,-1,81305
18,1125,-1,81310
18,1126,-1,81390
18,1127,-1,81430
18,1128,-1,81520
18,1129,-1,81580
18,1130,-1,81650
18,1131,-1,81700
18,1132,-1,81840
18,1133,-1,81970
18,1134,-1,82030
18,1135,-1,82035
18,1136,-1,82065
18,1137,-1,82205
18,1138,-1,82260
18,1139,-1,82325
18,1140,-1,82370
18,1141,-1,82690
18,1142,-1,82720
18,1143,-1,82775
18,1145,-2,82865
18,1146,-1,83085
18,1147,-1,83090
18,1148,-1,83095
18,1149,-1,83135
18,1150,-1,83160
18,1151,-1,83210
18,1152,-1,83280
18,1153,-1,83370
18,1154,-1,83375
18,1155,-1,83400
18,1156,-1,83500
18,1157,-1,83620
18,1158,-1,83625
18,1159,-1,83630
18,1160,-1,83635
18,1161,-1,83685
18,1162,-1,83730
18,1163,-1,83735
18,1164,-1,83815
18,1165,-1,83875
18,1166,-1,83880
18,1167,-1,83905
18,1168,-1,83910
18,1169,-1,84055
18,1170,-1,84085
18,1171,-1,84145
18,1172,-1,84190
18,1173,-1,84255
18,1174,-1,84395
18,1175,-1,84510
18,1176,-1,84545
18,1177,-1,84550
18,1178,-1,84555
18,1179,-1,84615
18,1180,-1,84620
18,1181,-1,84720
18,1182,-1,84850
18,1183,-1,84925
18,1184,-1,84930
18,1185,-1,84990
18,1186,-1,85035
18,1187,-1,85105
18,1188,-1,85210
18,1189,-1,85215
18,1190,-1,85280
18,1191,-1,85285
18,1192,-1,85355
18,1193,-1,85415
18,1194,-1,85420
18,1195,-1,85500
18,1196,-1,85670
18,1197,-1,85735
18,1198,-1,85850
18,1199,-1,85965
18,1200,-1,86495
18,1201,-1,86500
18,1202,-1,86570
18,1203,-1,86645
18,1205,-2,86835
18,1206,-1,86910
18,1207,-1,86965
18,1208,-1,87455
18,1209,-1,87510
18,1210,-1,87560
18,1211,-1,87615
18,1213,-2,87680
18,1214,-1,87775
18,1215,-1,87805
18,1216,-1,87870
18,1217,-1,87935
18,1218,-1,88175
18,1219,-1,88180
18,1220,-1,88250
18,1221,-1,88315
18,1222,-1,88430
18,1223,-1,88445
19,1223,1.126582,88525
19,1224,-1,88530
19,1225,-1,88535
19,1226,-1,88605
19,1227,-1,88700
19,1228,-1,88775
19,1229,-1,88780
19,1230,-1,88850
19,1231,-1,88910
19,1232,-1,88925
19,1233,-1,89060
19,1234,-1,89120
19,1235,-1,89125
19,1236,-1,89170
19,1237,-1,89235
19,1238,-1,89305
19,1239,-1,89390
19,1240,-1,89395
19,1241,-1,89455
19,1242,-1,89470
19,1243,-1,89520
19,1244,-1,89525
19,1245,-1,89685
19,1246,-1,89755
19,1247,-1,90000
19,1248,-1,90045
19,1249,-1,90050
19,1250,-1,90325
19,1251,-1,90405
19,1252,-1,90450
19,1253,-1,90455
19,1254,-1,90460
19,1255,-1,90520
19,1256,-1,90580
19,1257,-1,90630
19,1258,-1,90675
19,1259,-1,90785
19,1260,-1,90790
19,1261,-1,90795
19,1262,-1,90860
19,1263,-1,90905
19,1264,-1,90910
19,1265,-1,90960
19,1266,-1,91070
19,1267,-1,91175
19,1268,-1,91250
19,1269,-1,91350
19,1270,-1,91405
19,1271,-1,91410
19,1272,-1,91485
19,1273,-1,91540
19,1274,-1,91545
19,1275,-1,91835
19,1276,-1,91875
19,1277,-1,92055
19,1278,-1,92210
19,1279,-1,92215
19,1280,-1,92325
19,1281,-1,92380
19,1282,-1,92820
19,1283,-1,92885
19,1284,-1,92915
19,1285,-1,92980
19,1286,-1,93070
19,1287,-1,93340
19,1288,-1,93345
19,1289,-1,93405
19,1290,-1,93410
19,1291,-1,93475
19,1292,-1,93540
19,1293,-1,93595
19,1294,-1,93600
19,1295,-1,93705
19,1296,-1,93710
19,1297,-1,94070
19,1298,-1,94240
19,1299,-1,94405
19,1300,-1,94545
19,1301,-1,94690
19,1302,-1,95865
19,1303,-1,95900
19,1304,-1,95940
19,1305,-1,95990
19,1306,-1,96085
19,1307,-1,96155
19,1308,-1,96205
19,1309,-1,96320
19,1310,-1,96325
19,1311,-1,96330
19,1312,-1,96620
19,1313,-1,96660
19,1314,-1,96700
19,1315,-1,96735
19,1316,-1,96785
19,1317,-1,96895
19,1318,-1,96945
19,1319,-1,97020
19,1320,-1,97045
19,1321,-1,97050
19,1322,-1,97120
20,1322,1.114943,97210
20,1323,-1,97215
20,1324,-1,97325
20,1325,-1,97330
20,1326,-1,97360
20,1327,-1,97575
20,1328,-1,97595
20,1329,-1,97600
20,1330,-1,97605
20,1331,-1,97655
20,1332,-1,97925
20,1333,-1,97930
20,1334,-1,97955
20,1335,-1,98010
20,1336,-1,98065
20,1337,-1,98180
20,1339,-2,98300
20,1340,-1,98350
20,1341,-1,98440
20,1342,-1,98445
20,1343,-1,98755
20,1344,-1,98815
20,1345,-1,98865
20,1346,-1,98925
20,1347,-1,99025
20,1348,-1,99315
20,1349,-1,99375
20,1350,-1,99435
20,1351,-1,99520
20,1352,-1,99580
20,1353,-1,99640
20,1354,-1,99695
20,1355,-1,99825
20,1356,-1,100035
20,1357,-1,100085
20,1358,-1,100090
20,1359,-1,100155
20,1360,-1,100215
20,1361,-1,100530
20,1362,-1,100535
20,1363,-1,100595
20,1364,-1,100655
20,1365,-1,100720
20,1366,-1,100795
20,1367,-1,100965
20,1368,-1,101500
20,1369,-1,101505
20,1370,-1,101610
20,1371,-1,101695
20,1372,-1,101730
20,1373,-1,101735
20,1374,-1,101795
20,1375,-1,101895
20,1376,-1,101905
20,1377,-1,101965
20,1378,-1,102020
20,1379,-1,102145
20,1380,-1,102205
20,1381,-1,102330
20,1382,-1,102385
20,1383,-1,102390
20,1384,-1,102455
20,1385,-1,102515
21,1385,1.196078,102570
21,1386,-1,102720
21,1388,-2,102800
21,1389,-1,102840
21,1390,-1,102910
21,1391,-1,103160
21,1392,-1,103165
21,1393,-1,103195
21,1394,-1,103265
21,1395,-1,103350
21,1396,-1,103515
21,1397,-1,103520
21,1398,-1,103525
21,1399,-1,103580
21,1400,-1,103585
21,1401,-1,103645
21,1402,-1,103710
21,1403,-1,103775
21,1404,-1,104110
21,1405,-1,104115
21,1407,-2,104175
21,1408,-1,104220
21,1409,-1,104255
21,1410,-1,104330
21,1411,-1,104375
21,1412,-1,104410
21,1413,-1,104415
22,1413,1.05848,104590
22,1414,-1,104645
22,1415,-1,104650
22,1416,-1,104680
22,1418,-2,104835
22,1419,-1,104900
22,1420,-1,105015
22,1421,-1,105045
22,1422,-1,105050
22,1423,-1,105115
22,1424,-1,105300
22,1426,-2,105365
22,1427,-1,105490
22,1428,-1,105520
22,1429,-1,105605
22,1430,-1,105665
22,1431,-1,105965
22,1432,-1,105970
22,1433,-1,106060
22,1434,-1,106065
22,1435,-1,106130
22,1436,-1,106195
22,1437,-1,106385
22,1438,-1,106390
22,1439,-1,106395
22,1440,-1,106455
22,1441,-1,106555
22,1442,-1,106625
22,1443,-1,106735
22,1444,-1,106740
22,1445,-1,107010
22,1446,-1,107015
22,1447,-1,107135
22,1448,-1,107235
22,1449,-1,107315
23,1449,1.036101,107595
23,1450,-1,107740
23,1451,-1,107930
23,1452,-1,108055
23,1453,-1,108060
23,1454,-1,108435
23,1455,-1,108570
23,1456,-1,108635
23,1457,-1,108745
23,1458,-1,108845
23,1459,-1,109010
23,1460,-1,109015
23,1461,-1,109240
23,1462,-1,109515
23,1463,-1,109655
23,1464,-1,109710
23,1465,-1,109805
23,1466,-1,109820
23,1467,-1,109825
23,1468,-1,109860
23,1469,-1,110010
23,1470,-1,110075
23,1471,-1,110145
23,1472,-1,110255
23,1473,-1,110310
23,1474,-1,110470
23,1475,-1,110700
23,1476,-1,110750
23,1477,-1,110825
23,1478,-1,110950
23,1479,-1,110955
23,1480,-1,110985
23,1481,-1,111050
23,1482,-1,111055
23,1483,-1,111105
23,1484,-1,111165
23,1485,-1,111230
23,1486,-1,111280
23,1487,-1,111340
23,1488,-1,111550
23,1489,-1,111685
23,1490,-1,111750
23,1491,-1,111990
23,1492,-1,112030
23,1493,-1,112035
23,1494,-1,112260
23,1495,-1,112320
23,1496,-1,112355
23,1497,-1,112535
23,1498,-1,112540
23,1499,-1,112545
23,1500,-1,112675
23,1501,-1,112840
23,1502,-1,112985
23,1503,-1,113075
23,1504,-1,113130
23,1505,-1,113190
23,1506,-1,113255
23,1507,-1,113355
23,1508,-1,113360
23,1509,-1,113395
23,1510,-1,113400
23,1511,-1,113425
23,1512,-1,113480
23,1513,-1,113525
23,1514,-1,113755
23,1515,-1,113810
23,1516,-1,113915
23,1517,-1,114040
23,1518,-1,114115
23,1519,-1,114175
23,1520,-1,114240
23,1521,-1,114245
23,1522,-1,114250
23,1523,-1,114325
23,1524,-1,114390
23,1525,-1,114475
23,1526,-1,114805
23,1527,-1,114905
23,1528,-1,114970
23,1529,-1,114975
23,1530,-1,115035
23,1531,-1,115040
23,1532,-1,115145
23,1534,-2,115215
23,1535,-1,115270
23,1537,-2,115335
23,1538,-1,115340
23,1539,-1,115415
23,1540,-1,115510
23,1541,-1,115555
23,1542,-1,115560
23,1543,-1,115610
23,1544,-1,115665
23,1545,-1,115720
23,1546,-1,115765
23,1547,-1,115825
23,1548,-1,115865
23,1549,-1,115960
23,1550,-1,115965
23,1551,-1,116075
23,1552,-1,116150
23,1553,-1,116280
23,1554,-1,116310
23,1555,-1,116315
23,1556,-1,116370
23,1557,-1,116375
23,1558,-1,116380
23,1559,-1,116720
23,1560,-1,116835
23,1561,-1,116840
23,1562,-1,116895
23,1563,-1,116900
23,1564,-1,116905
23,1565,-1,116985
23,1566,-1,117075
23,1567,-1,117230
23,1568,-1,117285
23,1569,-1,117290
23,1571,-2,117475
23,1572,-1,117540
23,1573,-1,117570
23,1574,-1,117630
23,1576,-2,117695
23,1577,-1,117700
23,1578,-1,117740
23,1579,-1,117745
23,1580,-1,117785
23,1581,-1,117845
23,1582,-1,117890
23,1583,-1,117940
23,1585,-2,118050
23,1586,-1,118090
23,1587,-1,118155
23,1588,-1,118160
23,1589,-1,118165
23,1590,-1,118170
23,1591,-1,118175
23,1592,-1,118270
23,1593,-1,118340
23,1594,-1,118540
23,1595,-1,118610
23,1596,-1,118680
23,1597,-1,118745
23,1598,-1,118855
23,1599,-1,118860
23,1600,-1,119045
23,1601,-1,119380
23,1602,-1,119460
23,1603,-1,119465
23,1604,-1,119550
23,1605,-1,119605
23,1606,-1,119665
23,1607,-1,119670
23,1608,-1,119720
23,1610,-2,119785
23,1611,-1,119905
23,1612,-1,119910
23,1613,-1,119915
23,1614,-1,119920
23,1615,-1,119970
23,1616,-1,120040
23,1617,-1,120080
23,1618,-1,120085
23,1619,-1,120260
23,1620,-1,120295
23,1621,-1,120300
23,1622,-1,120305
23,1623,-1,120375
23,1624,-1,120420
23,1625,-1,120480
23,1626,-1,120510
23,1627,-1,120550
23,1628,-1,120600
23,1629,-1,120655
23,1630,-1,120660
23,1631,-1,120745
23,1632,-1,120815
23,1633,-1,120870
23,1634,-1,120945
23,1635,-1,120950
23,1636,-1,120990
23,1637,-1,121055
23,1639,-2,121120
23,1640,-1,121170
23,1641,-1,121175
23,1642,-1,121275
23,1643,-1,121280
23,1644,-1,121345
23,1645,-1,121455
23,1646,-1,121460
23,1647,-1,121465
23,1648,-1,121470
23,1649,-1,121530
23,1650,-1,121600
23,1651,-1,121650
23,1652,-1,121715
23,1653,-1,121845
23,1654,-1,121850
23,1655,-1,121920
23,1656,-1,121950
23,1657,-1,121955
23,1658,-1,122005
23,1659,-1,122045
23,1660,-1,122145
23,1661,-1,122250
23,1662,-1,122515
23,1663,-1,122685
23,1664,-1,122740
23,1665,-1,122805
23,1666,-1,122910
23,1667,-1,122915
23,1668,-1,122940
23,1669,-1,122945
23,1670,-1,122985
23,1671,-1,123125
23,1672,-1,123130
23,1673,-1,123135
23,1674,-1,123220
23,1675,-1,123260
23,1676,-1,123380
23,1677,-1,123450
24,1677,1.03663,123725
24,1678,-1,123795
24,1679,-1,123945
24,1680,-1,123950
24,1681,-1,124005
24,1682,-1,124010
24,1683,-1,124125
24,1684,-1,124130
24,1685,-1,124190
24,1686,-1,124330
24,1687,-1,124390
24,1688,-1,124395
24,1689,-1,124400
24,1690,-1,124475
24,1691,-1,124515
24,1692,-1,124600
25,1692,1.133333,124675
25,1693,-1,124780
25,1694,-1,124835
25,1695,-1,124840
25,1697,-2,125000
25,1698,-1,125190
25,1699,-1,125265
25,1700,-1,125325
25,1701,-1,125330
25,1702,-1,125395
25,1703,-1,125400
25,1704,-1,125575
25,1705,-1,125640
25,1706,-1,125745
25,1707,-1,125805
25,1708,-1,125880
25,1709,-1,125940
25,1710,-1,126005
25,1711,-1,126010
25,1712,-1,126035
25,1713,-1,126040
25,1714,-1,126180
25,1715,-1,126215
25,1716,-1,126470
25,1717,-1,126555
25,1718,-1,126615
25,1719,-1,126715
25,1720,-1,126780
25,1721,-1,126785
25,1722,-1,126790
25,1723,-1,126990
25,1724,-1,127110
25,1725,-1,127165
25,1726,-1,127210
25,1727,-1,127370
25,1728,-1,127375
25,1729,-1,127440
25,1730,-1,127685
25,1731,-1,127745
25,1732,-1,127885
25,1733,-1,127940
25,1734,-1,127975
25,1735,-1,128085
25,1736,-1,128265
25,1737,-1,128270
25,1738,-1,128275
25,1739,-1,128280
25,1740,-1,128335
25,1741,-1,128340
25,1742,-1,128440
25,1743,-1,128480
25,1744,-1,128485
25,1745,-1,128515
25,1746,-1,128560
25,1747,-1,128750
25,1748,-1,128830
25,1749,-1,128835
25,1750,-1,129065
25,1751,-1,129190
25,1752,-1,129360
25,1753,-1,129380
25,1754,-1,129645
25,1755,-1,129710
25,1756,-1,129715
25,1757,-1,129720
25,1758,-1,129725
25,1759,-1,129765
25,1760,-1,129805
25,1761,-1,129850
25,1762,-1,129925
25,1763,-1,129930
25,1765,-2,129995
25,1766,-1,130050
25,1767,-1,130120
25,1768,-1,130180
25,1769,-1,130230
25,1770,-1,130375
25,1771,-1,130565
25,1772,-1,130620
25,1773,-1,130715
25,1774,-1,130815
25,1775,-1,130820
25,1776,-1,130885
25,1777,-1,130890
25,1778,-1,130895
25,1779,-1,131005
25,1780,-1,131185
25,1781,-1,131245
25,1782,-1,131365
25,1783,-1,131425
25,1784,-1,131475
25,1785,-1,131520
25,1786,-1,131560
25,1787,-1,131610
25,1788,-1,131615
25,1789,-1,131655
25,1790,-1,131750
25,1791,-1,131755
25,1793,-2,131885
25,1794,-1,131945
25,1795,-1,132020
25,1796,-1,132135
25,1797,-1,132320
25,1798,-1,132505
25,1799,-1,132575
25,1800,-1,132905
25,1801,-1,132940
25,1802,-1,133075
25,1804,-2,133140
25,1805,-1,133270
25,1806,-1,133305
25,1807,-1,133360
25,1808,-1,133390
25,1809,-1,133395
25,1810,-1,133400
25,1811,-1,133455
25,1812,-1,133515
25,1813,-1,133565
25,1814,-1,133675
25,1816,-2,133940
25,1817,-1,134005
25,1818,-1,134260
25,1819,-1,134310
25,1820,-1,134470
25,1821,-1,134560
25,1822,-1,134565
25,1823,-1,134595
25,1824,-1,134645
25,1825,-1,134685
25,1826,-1,134730
25,1827,-1,134735
25,1828,-1,134740
25,1829,-1,134745
25,1830,-1,134750
25,1831,-1,134795
25,1832,-1,134800
25,1833,-1,134805
25,1834,-1,134850
25,1835,-1,134900
25,1836,-1,135015
25,1837,-1,135140
25,1838,-1,135195
25,1839,-1,135250
25,1840,-1,135360
25,1841,-1,135475
25,1842,-1,135565
25,1843,-1,135630
25,1844,-1,135635
25,1845,-1,135750
25,1846,-1,135885
25,1847,-1,135960
25,1848,-1,136035
25,1849,-1,136040
25,1850,-1,136355
25,1851,-1,136360
25,1852,-1,136440
25,1853,-1,136510
25,1854,-1,136575
25,1855,-1,136710
25,1856,-1,136745
25,1857,-1,136835
25,1858,-1,136900
25,1859,-1,136960
25,1860,-1,137145
25,1861,-1,137200
25,1862,-1,137255
25,1863,-1,137360
25,1864,-1,137465
25,1865,-1,137515
25,1866,-1,137520
25,1867,-1,137585
25,1868,-1,137590
25,1869,-1,137705
25,1870,-1,137710
25,1871,-1,137735
25,1872,-1,137850
25,1873,-1,137920
25,1874,-1,137970
25,1875,-1,137975
25,1876,-1,137980
25,1877,-1,138025
25,1878,-1,138080
25,1879,-1,138145
25,1880,-1,138220
25,1881,-1,138265
25,1882,-1,138340
25,1883,-1,138355
25,1884,-1,138360
25,1885,-1,138430
25,1886,-1,138490
25,1887,-1,138495
25,1888,-1,138590
25,1889,-1,138595
25,1890,-1,138660
25,1891,-1,138815
25,1892,-1,138865
25,1893,-1,138920
25,1894,-1,139030
25,1895,-1,139090
25,1896,-1,139160
25,1897,-1,139230
25,1898,-1,139310
25,1899,-1,139430
25,1900,-1,139495
25,1901,-1,139510
25,1903,-2,139630
25,1904,-1,139635
25,1905,-1,139685
25,1906,-1,139745
25,1907,-1,139795
25,1908,-1,139875
25,1910,-2,139935
25,1911,-1,140020
25,1912,-1,140075
25,1913,-1,140120
25,1914,-1,140125
25,1915,-1,140185
25,1916,-1,140270
25,1917,-1,140320
25,1918,-1,140360
25,1919,-1,140365
25,1920,-1,140420
25,1921,-1,140425
25,1922,-1,140780
25,1923,-1,140930
25,1924,-1,140935
25,1925,-1,140940
25,1926,-1,141115
25,1927,-1,141175
25,1928,-1,141485
25,1929,-1,141630
25,1931,-2,141725
25,1932,-1,141775
25,1933,-1,141840
25,1934,-1,141900
25,1935,-1,142035
25,1936,-1,142095
25,1937,-1,142125
25,1938,-1,142130
25,1939,-1,142295
25,1940,-1,142350
25,1941,-1,142395
25,1942,-1,142445
25,1943,-1,142500
25,1944,-1,142505
25,1945,-1,142650
25,1946,-1,142700
25,1947,-1,142750
25,1948,-1,142755
25,1949,-1,142815
25,1950,-1,142865
25,1951,-1,143035
25,1952,-1,143240
25,1953,-1,143310
25,1954,-1,143315
25,1955,-1,143395
25,1956,-1,143590
25,1957,-1,143660
25,1959,-2,143780
25,1960,-1,144175
25,1961,-1,144355
25,1962,-1,144435
25,1963,-1,144495
25,1964,-1,144570
25,1965,-1,144615
25,1966,-1,144875
25,1967,-1,144925
25,1968,-1,145015
25,1969,-1,145020
25,1970,-1,145165
25,1971,-1,145285
25,1972,-1,145345
25,1973,-1,145400
25,1974,-1,145465
25,1975,-1,145510
25,1976,-1,145515
25,1977,-1,145570
25,1978,-1,145600
25,1979,-1,145605
25,1980,-1,145660
25,1981,-1,145740
25,1982,-1,145790
25,1983,-1,145840
25,1984,-1,145845
25,1985,-1,145880
25,1986,-1,146030
25,1987,-1,146185
25,1988,-1,146205
25,1989,-1,146250
26,1989,1.086207,146370
26,1990,-1,146375
26,1991,-1,146480
26,1992,-1,146525
26,1993,-1,146620
26,1994,-1,146675
26,1995,-1,146680
26,1996,-1,146800
26,1997,-1,147115
26,1998,-1,147245
26,1999,-1,147415
26,2000,-1,147475
26,2001,-1,147670
26,2002,-1,147760
26,2003,-1,147825
26,2004,-1,147870
26,2005,-1,147900
26,2006,-1,147960
26,2007,-1,147985
26,2008,-1,147990
26,2009,-1,147995
26,2010,-1,148060
26,2012,-2,148125
26,2013,-1,148200
26,2014,-1,148285
26,2015,-1,148385
26,2016,-1,148455
26,2017,-1,148460
26,2018,-1,148495
26,2019,-1,148585
26,2020,-1,148675
26,2021,-1,148740
26,2022,-1,148745
26,2023,-1,148750
26,2024,-1,148795
26,2025,-1,148800
26,2026,-1,148860
26,2027,-1,148915
26,2028,-1,148985
26,2029,-1,149030
26,2030,-1,149095
26,2031,-1,149160
26,2032,-1,149240
26,2033,-1,149385
26,2034,-1,149610
26,2035,-1,149780
26,2036,-1,149825
26,2037,-1,149830
26,2038,-1,149880
26,2039,-1,149975
26,2040,-1,150040
26,2041,-1,150470
26,2042,-1,150505
26,2043,-1,150510
26,2044,-1,150665
26,2045,-1,150730
26,2046,-1,150735
26,2047,-1,150820
26,2048,-1,150870
26,2049,-1,151015
26,2050,-1,151160
26,2051,-1,151190
26,2052,-1,151275
26,2053,-1,151335
26,2054,-1,151375
26,2055,-1,151440
26,2056,-1,151445
26,2057,-1,151505
26,2059,-2,151585
26,2060,-1,151655
26,2061,-1,151720
26,2062,-1,151765
26,2063,-1,151825
26,2064,-1,151930
26,2065,-1,151970
26,2066,-1,152020
26,2067,-1,152090
26,2068,-1,152160
26,2069,-1,152225
26,2070,-1,152330
26,2071,-1,152390
26,2072,-1,152450
26,2073,-1,152505
26,2074,-1,152570
26,2075,-1,152660
26,2076,-1,152790
26,2077,-1,152965
26,2078,-1,153250
26,2079,-1,153285
26,2080,-1,153345
26,2081,-1,153350
26,2082,-1,153420
26,2083,-1,153425
26,2084,-1,153565
26,2085,-1,153625
26,2086,-1,153820
26,2087,-1,153910
26,2088,-1,153965
26,2089,-1,153990
27,2089,1.081967,154115
27,2090,-1,154290
27,2091,-1,154295
27,2092,-1,154365
27,2094,-2,154440
28,2094,1.163934,154505
28,2095,-1,154560
28,2096,-1,154565
28,2097,-1,154600
28,2098,-1,154650
28,2099,-1,154725
28,2100,-1,154730
28,2101,-1,154780
28,2102,-1,154865
28,2103,-1,154945
28,2104,-1,155005
28,2105,-1,155055
28,2106,-1,155155
29,2106,1.053476,155345
29,2107,-1,155350
29,2108,-1,155355
29,2109,-1,155360
29,2110,-1,155465
29,2111,-1,155640
29,2112,-1,155665
29,2113,-1,155705
29,2114,-1,155805
29,2115,-1,155870
29,2116,-1,155915
29,2117,-1,155965
29,2118,-1,156020
29,2119,-1,156075
29,2120,-1,156200
29,2121,-1,156250
29,2122,-1,156300
29,2123,-1,156340
29,2124,-1,156405
29,2125,-1,156485
29,2126,-1,156490
29,2127,-1,156545
29,2128,-1,156655
29,2129,-1,156660
29,2130,-1,156665
29,2131,-1,156720
29,2132,-1,156770
29,2133,-1,156855
29,2134,-1,156980
29,2135,-1,157130
29,2137,-2,157195
29,2138,-1,157250
29,2139,-1,157290
29,2140,-1,157350
29,2141,-1,157380
29,2142,-1,157385
29,2143,-1,157615
29,2144,-1,157675
29,2145,-1,157745
29,2146,-1,157935
29,2147,-1,157995
29,2148,-1,158050
29,2149,-1,158105
29,2150,-1,158335
29,2151,-1,158360
29,2152,-1,158615
29,2153,-1,158645
29,2154,-1,158740
29,2155,-1,158940
29,2156,-1,159085
29,2157,-1,159090
29,2158,-1,159115
29,2159,-1,159170
29,2160,-1,159265
29,2161,-1,159270
29,2162,-1,159300
29,2163,-1,159350
29,2164,-1,159580
29,2165,-1,159625
29,2166,-1,159715
29,2167,-1,159770
29,2168,-1,159830
29,2169,-1,159855
30,2169,1.151515,159925
30,2170,-1,160025
30,2171,-1,160095
30,2172,-1,160135
30,2173,-1,160235
30,2174,-1,160325
30,2175,-1,160550
30,2176,-1,160555
30,2177,-1,160605
30,2178,-1,160650
30,2179,-1,160815
30,2180,-1,160870
30,2181,-1,160935
30,2182,-1,160980
30,2183,-1,161045
30,2184,-1,161050
30,2185,-1,161105
30,2186,-1,161155
30,2187,-1,161205
30,2188,-1,161210
30,2189,-1,161355
30,2190,-1,161420
30,2191,-1,161485
30,2192,-1,161565
30,2193,-1,161650
30,2194,-1,161710
30,2195,-1,161820
30,2196,-1,161985
30,2197,-1,162065
30,2198,-1,162105
30,2199,-1,162165
30,2200,-1,162200
30,2201,-1,162300
30,2202,-1,162345
30,2203,-1,162590
30,2204,-1,162610
30,2205,-1,162670
30,2206,-1,162735
30,2207,-1,162805
30,2208,-1,162940
30,2209,-1,162985
30,2210,-1,163030
30,2211,-1,163115
30,2212,-1,163160
30,2213,-1,163165
30,2214,-1,163210
30,2215,-1,163215
30,2216,-1,163265
30,2217,-1,163270
30,2218,-1,163345
30,2219,-1,163350
30,2220,-1,163400
30,2221,-1,163450
30,2222,-1,163500
30,2223,-1,163505
30,2224,-1,163570
30,2225,-1,163605
30,2226,-1,163675
30,2227,-1,163730
30,2228,-1,163760
30,2229,-1,163815
30,2230,-1,163940
30,2231,-1,164045
30,2232,-1,164080
30,2233,-1,164190
30,2234,-1,164305
30,2235,-1,164470
30,2236,-1,164595
30,2237,-1,164630
30,2238,-1,164635
30,2239,-1,164675
30,2240,-1,164680
30,2241,-1,164685
30,2242,-1,164740
30,2243,-1,164745
30,2244,-1,164785
30,2245,-1,164790
30,2246,-1,164900
30,2247,-1,164965
30,2248,-1,164970
30,2249,-1,165045
30,2250,-1,165125
30,2251,-1,165180
30,2252,-1,165185
30,2253,-1,165235
30,2254,-1,165290
30,2255,-1,165330
30,2256,-1,165390
30,2257,-1,165430
30,2258,-1,165505
30,2259,-1,165555
30,2260,-1,165560
30,2261,-1,165690
30,2262,-1,165720
30,2263,-1,165800
30,2264,-1,165805
30,2265,-1,165825
30,2266,-1,165830
30,2267,-1,166035
30,2268,-1,166075
30,2269,-1,166140
30,2270,-1,166355
30,2271,-1,166360
30,2272,-1,166420
30,2273,-1,166525
30,2274,-1,166625
30,2275,-1,166680
30,2276,-1,166820
30,2277,-1,166885
30,2278,-1,166960
30,2279,-1,166965
30,2280,-1,166970
30,2281,-1,166975
30,2282,-1,166980
30,2283,-1,167070
30,2284,-1,167075
30,2285,-1,167080
30,2286,-1,167170
30,2287,-1,167225
30,2288,-1,167270
30,2289,-1,167310
30,2290,-1,167325
30,2291,-1,167420
30,2292,-1,167455
30,2293,-1,167495
30,2294,-1,167570
30,2295,-1,167670
30,2296,-1,167675
30,2297,-1,167725
30,2298,-1,167810
30,2299,-1,167870
30,2300,-1,167940
30,2301,-1,168015
30,2302,-1,168020
30,2303,-1,168270
30,2304,-1,168390
30,2305,-1,168395
30,2306,-1,168430
30,2307,-1,168470
30,2308,-1,168610
30,2309,-1,168660
30,2310,-1,168780
30,2311,-1,168830
30,2312,-1,168950
30,2313,-1,168955
30,2314,-1,168995
30,2315,-1,169055
30,2316,-1,169370
30,2317,-1,169375
30,2319,-2,169460
30,2320,-1,169515
30,2321,-1,169630
30,2322,-1,169945
30,2323,-1,170005
30,2324,-1,170135
30,2325,-1,170140
30,2326,-1,170170
30,2327,-1,170200
30,2328,-1,170245
30,2329,-1,170335
30,2330,-1,170385
30,2331,-1,170445
30,2332,-1,170535
30,2333,-1,170585
30,2334,-1,170590
30,2335,-1,170850
30,2336,-1,170855
30,2337,-1,171055
30,2338,-1,171115
30,2339,-1,171120
30,2340,-1,171180
30,2341,-1,171250
30,2342,-1,171370
30,2343,-1,171375
30,2344,-1,171395
30,2345,-1,171440
30,2346,-1,171495
30,2347,-1,171585
30,2348,-1,171635
30,2349,-1,171665
30,2350,-1,171715
30,2351,-1,171720
30,2352,-1,171790
30,2353,-1,171820
30,2354,-1,171825
30,2355,-1,171870
30,2356,-1,171920
30,2357,-1,172055
30,2358,-1,172130
30,2359,-1,172180
30,2360,-1,172240
30,2361,-1,172360
30,2362,-1,172390
30,2363,-1,172395
30,2364,-1,172400
30,2365,-1,172435
30,2366,-1,172440
30,2367,-1,172470
30,2368,-1,172475
30,2369,-1,172480
30,2370,-1,172670
30,2371,-1,172775
30,2372,-1,172780
30,2373,-1,172855
30,2374,-1,172940
30,2375,-1,173080
30,2376,-1,173160
30,2377,-1,173320
30,2378,-1,173365
30,2379,-1,173485
30,2380,-1,173515
30,2381,-1,173520
30,2382,-1,173565
30,2383,-1,173630
30,2384,-1,173900
30,2385,-1,173945
30,2386,-1,174135
30,2387,-1,174255
30,2388,-1,174300
30,2389,-1,174330
30,2390,-1,174585
30,2391,-1,174745
30,2392,-1,174750
30,2393,-1,174795
30,2394,-1,174860
30,2395,-1,174945
30,2396,-1,175005
30,2397,-1,175010
30,2398,-1,175195
30,2399,-1,175235
30,2400,-1,175295
30,2402,-2,175425
30,2403,-1,175500
30,2404,-1,175520
30,2405,-1,175710
30,2406,-1,175845
30,2407,-1,175915
30,2408,-1,175920
30,2409,-1,175980
30,2410,-1,176060
30,2411,-1,176125
30,2412,-1,176185
30,2413,-1,176270
30,2414,-1,176310
30,2415,-1,176315
30,2416,-1,176350
30,2417,-1,176395
30,2418,-1,176530
30,2419,-1,176565
30,2420,-1,176685
30,2421,-1,176690
30,2422,-1,176740
30,2423,-1,177030
30,2424,-1,177070
30,2425,-1,177075
30,2426,-1,177125
30,2427,-1,177225
30,2428,-1,177375
30,2429,-1,177420
30,2431,-2,177480
30,2432,-1,177485
30,2433,-1,177580
30,2434,-1,177645
30,2435,-1,177650
30,2436,-1,177665
30,2437,-1,177715
30,2438,-1,177850
30,2439,-1,177910
30,2440,-1,177995
30,2441,-1,178020
30,2442,-1,178080
30,2443,-1,178110
30,2444,-1,178135
30,2445,-1,178245
30,2446,-1,178330
30,2447,-1,178335
30,2448,-1,178455
30,2449,-1,178460
30,2450,-1,178515
30,2451,-1,178520
30,2452,-1,178565
30,2453,-1,178570
30,2454,-1,178625
30,2455,-1,178680
30,2456,-1,178735
30,2457,-1,178940
31,2457,1.120482,179025
31,2458,-1,179085
31,2459,-1,179090
31,2460,-1,179165
31,2462,-2,179225
31,2463,-1,179230
31,2464,-1,179285
31,2465,-1,179355
31,2466,-1,179395
31,2467,-1,179455
31,2468,-1,179500
31,2469,-1,179505
31,2470,-1,179550
31,2471,-1,179665
31,2472,-1,179670
31,2473,-1,179805
31,2474,-1,179845
31,2475,-1,179850
31,2476,-1,179980
31,2477,-1,180010
31,2478,-1,180070
31,2479,-1,180125
31,2480,-1,180205
31,2481,-1,180210
31,2482,-1,180615
31,2483,-1,180665
31,2484,-1,180725
31,2485,-1,180755
31,2486,-1,180790
31,2487,-1,180850
31,2488,-1,181035
31,2489,-1,181100
31,2490,-1,181175
31,2491,-1,181245
31,2492,-1,181400
31,2493,-1,181405
31,2494,-1,181440
32,2494,1.166667,181500
32,2495,-1,181555
32,2496,-1,181615
32,2497,-1,181650
32,2498,-1,181720
32,2499,-1,181755
32,2500,-1,181805
32,2501,-1,181925
32,2502,-1,181930
32,2503,-1,182035
32,2504,-1,182095
32,2505,-1,182100
32,2506,-1,182105
33,2506,1.126582,182185
33,2507,-1,182190
33,2508,-1,182280
33,2509,-1,182315
33,2510,-1,182500
33,2511,-1,182910
33,2512,-1,183015
33,2513,-1,183020
33,2515,-2,183095
33,2516,-1,183185
33,2517,-1,183245
33,2518,-1,183250
33,2519,-1,183495
33,2520,-1,183620
33,2521,-1,183910
33,2522,-1,183955
33,2523,-1,184015
33,2524,-1,184110
33,2525,-1,184160
33,2526,-1,184250
33,2527,-1,184460
33,2528,-1,184495
33,2529,-1,185030
33,2530,-1,185080
33,2531,-1,185085
33,2532,-1,185160
33,2533,-1,185165
33,2534,-1,185275
33,2535,-1,185280
33,2536,-1,185285
33,2537,-1,185455
33,2538,-1,185510
33,2539,-1,185655
33,2540,-1,185690
33,2541,-1,185725
33,2542,-1,185800
33,2543,-1,185905
33,2544,-1,185910
33,2545,-1,186090
33,2546,-1,186095
33,2547,-1,186100
33,2548,-1,186165
33,2549,-1,186170
33,2550,-1,186205
33,2551,-1,186255
33,2552,-1,186385
33,2553,-1,186520
33,2554,-1,186555
33,2555,-1,186560
33,2556,-1,186675
33,2557,-1,186740
33,2558,-1,186785
33,2559,-1,186790
33,2560,-1,186850
33,2561,-1,187090
33,2562,-1,187160
33,2563,-1,187165
33,2564,-1,187210
33,2565,-1,187215
33,2566,-1,187275
33,2567,-1,187335
33,2568,-1,187340
33,2569,-1,187405
33,2570,-1,187435
33,2571,-1,187480
33,2572,-1,187560
33,2573,-1,187690
34,2573,1.0625,187850
34,2574,-1,187965
34,2575,-1,188015
34,2576,-1,188075
34,2577,-1,188305
34,2578,-1,188360
34,2579,-1,188480
34,2580,-1,188485
34,2581,-1,188490
34,2582,-1,188625
34,2583,-1,188680
34,2584,-1,188775
34,2585,-1,188845
34,2586,-1,188850
34,2587,-1,188855
34,2588,-1,188995
34,2589,-1,189040
34,2590,-1,189085
34,2591,-1,189205
34,2592,-1,189500
34,2593,-1,189505
34,2594,-1,189680
34,2595,-1,189685
34,2596,-1,189740
34,2597,-1,189815
34,2598,-1,189880
34,2599,-1,189885
34,2600,-1,189915
34,2601,-1,189975
34,2602,-1,190070
34,2603,-1,190140
34,2604,-1,190320
34,2605,-1,190325
34,2606,-1,190415
34,2607,-1,190520
34,2608,-1,190595
34,2609,-1,190640
34,2610,-1,190645
34,2611,-1,190730
34,2612,-1,190805
34,2613,-1,190865
34,2614,-1,190935
34,2615,-1,190990
34,2616,-1,191060
34,2617,-1,191160
34,2618,-1,191230
34,2619,-1,191295
34,2620,-1,191345
34,2621,-1,191410
34,2622,-1,191485
34,2623,-1,191550
34,2624,-1,191555
34,2625,-1,191725
34,2626,-1,192165
34,2627,-1,192170
34,2628,-1,192215
34,2629,-1,192335
34,2630,-1,192360
34,2631,-1,192495
34,2632,-1,192500
34,2633,-1,192505
34,2634,-1,192685
34,2635,-1,192690
34,2636,-1,192785
34,2637,-1,192990
34,2638,-1,192995
34,2639,-1,193055
34,2640,-1,193185
35,2640,1.049751,193390
35,2641,-1,193505
35,2642,-1,193645
35,2643,-1,193765
35,2644,-1,193865
35,2645,-1,193910
35,2646,-1,193915
35,2647,-1,194125
35,2648,-1,194220
35,2649,-1,194225
35,2650,-1,194290
35,2651,-1,194555
35,2652,-1,194730
35,2653,-1,194770
35,2654,-1,194820
35,2655,-1,194940
35,2656,-1,194995
35,2657,-1,195000
35,2658,-1,195075
35,2659,-1,195080
35,2660,-1,195130
35,2661,-1,195265
35,2662,-1,195330
35,2663,-1,195420
35,2664,-1,195520
35,2665,-1,195525
35,2666,-1,195530
35,2667,-1,195650
35,2668,-1,195655
35,2669,-1,195720
35,2670,-1,195805
35,2671,-1,195870
35,2672,-1,195890
35,2673,-1,196120
35,2674,-1,196200
35,2675,-1,196280
35,2676,-1,196350
35,2677,-1,196390
35,2678,-1,196395
35,2679,-1,196400
35,2680,-1,196440
35,2681,-1,196445
35,2682,-1,196510
35,2683,-1,196550
35,2684,-1,196745
35,2685,-1,196750
35,2686,-1,196815
35,2687,-1,196850
35,2688,-1,196905
35,2689,-1,197040
35,2690,-1,197110
35,2691,-1,197160
35,2692,-1,197220
35,2693,-1,197395
35,2694,-1,197400
35,2695,-1,197460
35,2696,-1,197545
35,2697,-1,197550
35,2698,-1,197555
35,2699,-1,197585
35,2700,-1,197730
35,2701,-1,197970
35,2702,-1,198055
35,2703,-1,198180
35,2704,-1,198270
35,2705,-1,198305
35,2706,-1,198310
35,2707,-1,198770
35,2708,-1,198915
35,2709,-1,198985
35,2710,-1,199080
35,2711,-1,199085
35,2712,-1,199145
35,2713,-1,199150
35,2714,-1,199265
35,2715,-1,199320
35,2716,-1,199400
35,2718,-2,199460
35,2719,-1,199540
35,2720,-1,199720
35,2721,-1,199935
35,2722,-1,199970
35,2724,-2,200190
35,2725,-1,200425
35,2726,-1,200515
35,2727,-1,200520
35,2728,-1,201050
35,2729,-1,201160
35,2730,-1,201165
35,2731,-1,201405
35,2732,-1,201510
35,2733,-1,201650
35,2734,-1,201720
35,2735,-1,201885
35,2736,-1,201955
35,2738,-2,202015
35,2739,-1,202310
35,2740,-1,202380
35,2741,-1,202425
35,2742,-1,202605
35,2743,-1,202645
35,2744,-1,202700
35,2745,-1,202740
35,2746,-1,202745
35,2747,-1,202750
35,2748,-1,202795
35,2749,-1,202800
35,2750,-1,202805
35,2751,-1,203045
35,2752,-1,203075
35,2753,-1,203155
35,2754,-1,203615
35,2755,-1,203700
35,2756,-1,203755
35,2757,-1,203760
35,2758,-1,203790
35,2759,-1,203955
35,2760,-1,204190
35,2761,-1,204255
35,2762,-1,204380
35,2763,-1,204495
35,2764,-1,204630
35,2765,-1,204965
35,2766,-1,205065
35,2767,-1,205070
35,2768,-1,205115
35,2769,-1,205160
35,2770,-1,205165
35,2771,-1,205235
35,2772,-1,205370
35,2774,-2,205875
35,2775,-1,205970
35,2776,-1,206010
35,2777,-1,206095
35,2778,-1,206130
35,2779,-1,206220
35,2780,-1,206425
35,2781,-1,206465
35,2782,-1,206470
35,2783,-1,206875
35,2784,-1,207060
35,2785,-1,207270
35,2786,-1,207330
35,2787,-1,207390
35,2788,-1,207425
35,2789,-1,207430
35,2790,-1,207490
35,2791,-1,207505
35,2792,-1,207540
35,2793,-1,208025
35,2794,-1,208030
35,2795,-1,208125
35,2796,-1,208160
35,2797,-1,208165
35,2798,-1,208225
35,2799,-1,208335
35,2800,-1,208340
35,2801,-1,208440
35,2802,-1,208615
35,2803,-1,208750
35,2804,-1,208765
35,2805,-1,208900
35,2806,-1,208945
35,2807,-1,209005
35,2808,-1,209230
36,2808,1.196078,209285
36,2809,-1,209290
36,2810,-1,209530
36,2811,-1,209535
36,2812,-1,209660
36,2813,-1,209665
36,2814,-1,209690
36,2815,-1,209770
36,2816,-1,209835
36,2817,-1,209890
36,2818,-1,210005
36,2819,-1,210010
36,2820,-1,210045
36,2821,-1,210100
36,2822,-1,210315
36,2823,-1,210350
36,2824,-1,210355
36,2825,-1,210415
36,2826,-1,210420
36,2827,-1,210425
36,2828,-1,210535
36,2829,-1,210595
36,2830,-1,210740
36,2831,-1,210745
36,2832,-1,210890
36,2833,-1,211025
36,2834,-1,211070
36,2835,-1,211135
36,2836,-1,211270
36,2837,-1,211310
36,2838,-1,211315
36,2839,-1,211365
36,2840,-1,211450
36,2841,-1,211525
36,2842,-1,211570
36,2843,-1,211575
36,2844,-1,211760
36,2845,-1,211820
36,2846,-1,211825
36,2847,-1,211830
36,2848,-1,211835
36,2849,-1,211900
36,2850,-1,211930
36,2851,-1,212050
36,2852,-1,212195
36,2853,-1,212470
36,2854,-1,212620
36,2855,-1,212680
36,2856,-1,212835
36,2857,-1,212840
36,2858,-1,212925
36,2859,-1,213040
36,2860,-1,213100
36,2861,-1,213150
36,2862,-1,213400
36,2863,-1,213530
36,2864,-1,213585
36,2865,-1,213590
36,2866,-1,213740
36,2867,-1,213805
36,2868,-1,213845
36,2869,-1,214035
36,2870,-1,214040
36,2871,-1,214145
36,2872,-1,214190
36,2873,-1,214245
36,2874,-1,214375
36,2875,-1,214380
36,2876,-1,214510
36,2877,-1,214630
36,2878,-1,214715
36,2879,-1,214720
36,2880,-1,214815
36,2881,-1,214820
36,2882,-1,214880
36,2883,-1,215240
36,2884,-1,215310
36,2885,-1,215395
36,2886,-1,215910
36,2887,-1,216015
36,2888,-1,216135
36,2889,-1,216180
36,2890,-1,216240
36,2891,-1,216340
36,2892,-1,216365
36,2893,-1,216370
36,2894,-1,216375
36,2895,-1,216395
36,2896,-1,216450
36,2897,-1,216545
36,2898,-1,216720
36,2899,-1,216785
36,2900,-1,216790
36,2901,-1,216850
36,2902,-1,216925
36,2903,-1,216945
36,2904,-1,216990
36,2905,-1,217120
36,2906,-1,217125
36,2907,-1,217210
36,2908,-1,217215
36,2909,-1,217245
36,2910,-1,217505
36,2911,-1,217750
36,2912,-1,217800
36,2913,-1,217860
36,2914,-1,217930
36,2915,-1,218050
36,2916,-1,218095
36,2917,-1,218160
36,2918,-1,218210
36,2919,-1,218400
36,2921,-2,218535
36,2922,-1,218670
36,2923,-1,218720
36,2924,-1,218780
36,2925,-1,218785
36,2926,-1,218990
36,2927,-1,219065
36,2928,-1,219140
36,2929,-1,219145
36,2930,-1,219385
36,2931,-1,219565
36,2932,-1,219660
36,2933,-1,219695
36,2934,-1,219855
36,2935,-1,219860
36,2936,-1,219920
36,2937,-1,219975
36,2938,-1,220130
36,2939,-1,220135
36,2940,-1,220140
36,2941,-1,220190
36,2943,-2,220345
36,2944,-1,220350
36,2945,-1,220355
36,2946,-1,220485
36,2947,-1,220555
36,2948,-1,220560
36,2949,-1,220675
36,2950,-1,220890
36,2951,-1,220945
36,2952,-1,221145
36,2953,-1,221275
36,2954,-1,221345
36,2955,-1,221540
36,2956,-1,221580
36,2957,-1,221645
36,2958,-1,221715
36,2959,-1,221805
36,2960,-1,221830
36,2961,-1,221890
36,2962,-1,222000
36,2963,-1,222005
36,2964,-1,222070
37,2964,1.072993,222210
37,2965,-1,222215
38,2965,1.166667,222275
38,2966,-1,222470
39,2966,1.086207,222590
39,2967,-1,222595
39,2968,-1,222600
39,2969,-1,222785
39,2970,-1,222790
39,2971,-1,222865
39,2972,-1,222870
39,2973,-1,222875
39,2974,-1,222890
39,2975,-1,222895
39,2976,-1,222930
39,2977,-1,222985
39,2978,-1,222990
39,2979,-1,223075
39,2980,-1,223365
39,2981,-1,223430
39,2982,-1,223435
39,2983,-1,223555
39,2984,-1,223590
39,2985,-1,223595
39,2986,-1,223600
39,2987,-1,223645
39,2988,-1,223750
39,2989,-1,223755
39,2990,-1,223805
39,2991,-1,223865
39,2992,-1,223955
39,2993,-1,224035
39,2994,-1,224095
39,2995,-1,224130
39,2996,-1,224230
39,2997,-1,224235
39,2998,-1,224245
39,2999,-1,224295
39,3000,-1,224505
39,3001,-1,224555
39,3002,-1,224610
39,3003,-1,224680
39,3004,-1,224685
39,3005,-1,224700
39,3006,-1,224735
39,3007,-1,224785
39,3008,-1,224850
39,3009,-1,224900
39,3010,-1,224960
39,3011,-1,225065
39,3012,-1,225315
39,3013,-1,225400
39,3014,-1,225735
39,3015,-1,225775
39,3016,-1,225800
39,3017,-1,225860
39,3018,-1,225950
39,3019,-1,226015
39,3020,-1,226065
39,3021,-1,226205
39,3022,-1,226265
39,3023,-1,226310
39,3024,-1,226370
39,3025,-1,226395
39,3027,-2,226540
39,3028,-1,226560
39,3029,-1,226625
39,3030,-1,226725
39,3031,-1,226775
39,3032,-1,226900
39,3033,-1,226915
39,3035,-2,226990
39,3036,-1,227045
39,3037,-1,227205
39,3038,-1,227330
39,3039,-1,227335
39,3040,-1,227340
39,3041,-1,227405
39,3042,-1,227545
39,3043,-1,227585
39,3044,-1,227590
39,3045,-1,227655
39,3046,-1,227710
39,3047,-1,227870
39,3048,-1,227995
39,3049,-1,228000
39,3050,-1,228070
39,3051,-1,228140
39,3052,-1,228250
39,3053,-1,228290
39,3054,-1,228295
39,3055,-1,228495
39,3056,-1,228500
39,3057,-1,228550
39,3058,-1,228655
39,3060,-2,228730
39,3061,-1,228785
39,3062,-1,228845
39,3063,-1,229035
39,3064,-1,229170
39,3065,-1,229265
39,3066,-1,229345
39,3068,-2,229470
39,3069,-1,229530
39,3070,-1,229615
39,3071,-1,229695
39,3073,-2,229820
39,3074,-1,229940
39,3075,-1,230070
39,3076,-1,230075
39,3077,-1,230155
39,3078,-1,230220
39,3079,-1,230345
39,3080,-1,230410
39,3081,-1,230475
39,3082,-1,230525
39,3083,-1,230640
39,3084,-1,230680
39,3085,-1,230685
39,3086,-1,230735
39,3087,-1,230790
39,3088,-1,230850
39,3089,-1,230925
39,3090,-1,231080
39,3091,-1,231085
39,3092,-1,231285
39,3093,-1,231290
39,3094,-1,231315
39,3095,-1,231370
39,3096,-1,231425
39,3097,-1,231505
39,3098,-1,231600
39,3099,-1,231625
39,3100,-1,231885
39,3101,-1,232005
39,3102,-1,232010
39,3103,-1,232070
39,3104,-1,232140
39,3105,-1,232190
39,3106,-1,232255
39,3107,-1,232260
39,3108,-1,232330
39,3109,-1,232385
39,3110,-1,232420
39,3111,-1,232480
39,3112,-1,232825
39,3113,-1,232885
39,3114,-1,232890
39,3115,-1,232975
39,3116,-1,233085
39,3117,-1,233145
39,3118,-1,233185
39,3119,-1,233190
39,3120,-1,233235
39,3121,-1,233275
39,3122,-1,233280
39,3123,-1,233330
39,3124,-1,233405
39,3125,-1,233690
39,3126,-1,233695
39,3127,-1,233730
39,3128,-1,233765
39,3129,-1,233825
39,3130,-1,233875
39,3131,-1,233880
39,3132,-1,233955
39,3133,-1,234055
39,3134,-1,234335
39,3135,-1,234340
39,3136,-1,234675
39,3137,-1,234680
39,3138,-1,234725
39,3139,-1,234905
39,3140,-1,235165
39,3141,-1,235170
39,3142,-1,235390
39,3143,-1,235515
39,3144,-1,235520
39,3145,-1,235570
39,3146,-1,235670
39,3147,-1,235740
39,3148,-1,235785
39,3149,-1,235850
39,3150,-1,236145
39,3151,-1,236510
39,3152,-1,236580
39,3153,-1,236630
39,3154,-1,236730
39,3155,-1,236825
39,3156,-1,236920
39,3157,-1,236965
39,3158,-1,237085
39,3159,-1,237125
39,3160,-1,237130
39,3161,-1,237205
39,3162,-1,237300
39,3163,-1,237305
39,3164,-1,237310
39,3165,-1,237425
39,3166,-1,237430
39,3167,-1,237650
40,3167,1.135135,237725
40,3168,-1,237845
40,3169,-1,237925
40,3170,-1,237965
40,3171,-1,237990
40,3172,-1,238125
40,3173,-1,238165
40,3174,-1,238190
40,3175,-1,238195
40,3176,-1,238315
40,3177,-1,238320
40,3178,-1,238350
40,3179,-1,238380
40,3180,-1,238420
40,3181,-1,238460
40,3182,-1,238520
40,3184,-2,238670
40,3185,-1,238810
40,3186,-1,238880
40,3187,-1,238945
40,3188,-1,238950
40,3189,-1,238985
40,3190,-1,239040
40,3191,-1,239045
40,3192,-1,239050
40,3193,-1,239090
40,3194,-1,239130
40,3195,-1,239190
40,3196,-1,239485
40,3197,-1,239675
40,3198,-1,239680
40,3199,-1,239805
40,3200,-1,239810
40,3201,-1,239815
40,3202,-1,239820
40,3203,-1,239885
40,3204,-1,239970
40,3205,-1,240015
40,3206,-1,240085
40,3207,-1,240195
40,3208,-1,240240
40,3209,-1,240280
40,3210,-1,240325
40,3211,-1,240440
40,3212,-1,240445
40,3213,-1,240610
40,3214,-1,240815
40,3215,-1,240850
40,3216,-1,240935
40,3217,-1,241000
40,3218,-1,241005
40,3219,-1,241200
40,3220,-1,241335
40,3221,-1,241385
40,3222,-1,241520
40,3223,-1,241585
40,3224,-1,241650
40,3225,-1,241720
40,3226,-1,241755
40,3227,-1,242010
40,3228,-1,242050
40,3229,-1,242055
40,3230,-1,242060
40,3231,-1,242270
40,3232,-1,242440
40,3233,-1,242660
40,3234,-1,242800
40,3235,-1,242835
40,3236,-1,242880
40,3237,-1,242885
40,3238,-1,243005
40,3239,-1,243085
40,3240,-1,243090
40,3241,-1,243185
40,3242,-1,243230
40,3243,-1,243235
40,3244,-1,243285
40,3245,-1,243425
40,3246,-1,243635
40,3247,-1,243640
40,3248,-1,243645
40,3249,-1,243705
40,3250,-1,243755
40,3251,-1,243805
40,3252,-1,243850
40,3253,-1,243950
40,3254,-1,244020
40,3255,-1,244025
40,3256,-1,244045
40,3257,-1,244050
41,3257,1.057804,244225
41,3258,-1,244230
41,3259,-1,244370
41,3260,-1,244415
41,3261,-1,244785
41,3262,-1,244845
41,3263,-1,245020
41,3264,-1,245080
41,3265,-1,245165
41,3266,-1,245285
41,3267,-1,245415
41,3268,-1,245585
41,3269,-1,245640
41,3270,-1,245975
41,3271,-1,246050
41,3273,-2,246110
41,3274,-1,246170
41,3275,-1,246210
41,3276,-1,246300
41,3277,-1,246305
41,3278,-1,246320
41,3279,-1,246325
41,3280,-1,246420
42,3280,1.192308,246475
42,3281,-1,246545
42,3282,-1,246605
42,3283,-1,246610
42,3284,-1,246680
42,3285,-1,246755
43,3285,1.086207,246875
43,3286,-1,246930
43,3287,-1,246970
43,3288,-1,247045
43,3289,-1,247050
43,3290,-1,247080
43,3292,-2,247175
43,3293,-1,247300
43,3294,-1,247305
43,3295,-1,247435
43,3296,-1,247490
43,3297,-1,247495
43,3298,-1,247550
43,3299,-1,247595
43,3300,-1,247645
43,3301,-1,247740
43,3302,-1,247745
43,3303,-1,247785
43,3304,-1,247845
43,3305,-1,247850
43,3306,-1,247920
43,3307,-1,247970
43,3308,-1,247975
43,3309,-1,247980
43,3310,-1,248060
43,3311,-1,248095
43,3312,-1,248200
43,3313,-1,248205
43,3314,-1,248265
43,3315,-1,248270
43,3316,-1,248400
43,3317,-1,248465
43,3318,-1,248705
43,3319,-1,248790
43,3320,-1,248850
43,3321,-1,248975
43,3322,-1,249020
43,3323,-1,249090
43,3324,-1,249150
43,3325,-1,249205
43,3326,-1,249290
43,3327,-1,249295
43,3328,-1,249300
43,3329,-1,249385
43,3330,-1,249390
43,3331,-1,249645
43,3332,-1,249700
43,3333,-1,249775
43,3334,-1,249840
43,3335,-1,249930
43,3336,-1,249990
43,3337,-1,249995
