Goals,Deaths,Reward,Step 
0,0,0,0
0,1,-1,35
0,2,-1,95
0,3,-1,100
0,4,-1,180
0,5,-1,230
0,6,-1,325
0,7,-1,395
0,8,-1,510
0,9,-1,580
0,10,-1,635
0,11,-1,755
0,12,-1,780
0,13,-1,900
0,14,-1,970
0,15,-1,975
0,16,-1,980
0,17,-1,1060
0,18,-1,1125
0,19,-1,1195
0,20,-1,1310
0,21,-1,1400
0,22,-1,1495
0,24,-2,1630
0,25,-1,1685
0,26,-1,1765
0,27,-1,1830
0,28,-1,1835
0,29,-1,1945
0,30,-1,1950
0,31,-1,1955
0,32,-1,1960
0,33,-1,2035
0,34,-1,2040
0,35,-1,2100
0,36,-1,2170
0,37,-1,2175
0,39,-2,2245
0,40,-1,2380
0,41,-1,2500
0,42,-1,2620
0,43,-1,2735
0,44,-1,2740
0,45,-1,2815
0,46,-1,2870
0,47,-1,2875
0,48,-1,2955
0,50,-2,3105
0,51,-1,3265
0,52,-1,3270
0,53,-1,3340
0,54,-1,3430
0,55,-1,3485
0,56,-1,3585
0,57,-1,3635
1,57,1.037736,3900
1,58,-1,3935
1,59,-1,4050
1,60,-1,4055
1,61,-1,4160
1,62,-1,4220
1,63,-1,4335
1,64,-1,4390
1,65,-1,4430
1,67,-2,4505
1,68,-1,4560
1,69,-1,4565
1,70,-1,4610
1,71,-1,4675
1,72,-1,4770
1,73,-1,4815
1,74,-1,4945
1,75,-1,5090
1,76,-1,5175
1,77,-1,5225
1,78,-1,5300
1,79,-1,5305
1,80,-1,5335
1,81,-1,5395
1,82,-1,5430
1,83,-1,5545
1,84,-1,5595
1,85,-1,5655
1,86,-1,5770
1,87,-1,5890
1,88,-1,6040
1,89,-1,6120
1,90,-1,6125
1,91,-1,6290
1,93,-2,6350
1,94,-1,6385
1,95,-1,6515
1,97,-2,6650
1,98,-1,6775
1,99,-1,6795
1,100,-1,6800
1,101,-1,6840
1,102,-1,7045
1,103,-1,7080
1,104,-1,7220
1,105,-1,7285
1,106,-1,7365
1,107,-1,7420
1,108,-1,7480
1,109,-1,7485
1,110,-1,7525
1,111,-1,7590
1,112,-1,7665
1,113,-1,7740
1,114,-1,7810
1,116,-2,7870
1,117,-1,7910
1,118,-1,7970
1,119,-1,8115
2,119,1.052356,8310
2,120,-1,8360
2,121,-1,8545
2,122,-1,8625
2,123,-1,8670
2,124,-1,8835
2,125,-1,8840
2,126,-1,8895
2,127,-1,8900
2,128,-1,8960
2,129,-1,9170
2,130,-1,9250
2,131,-1,9290
2,132,-1,9340
2,133,-1,9385
2,134,-1,9390
2,135,-1,9395
2,136,-1,9475
2,137,-1,9625
2,138,-1,9715
2,139,-1,9855
2,140,-1,9910
2,141,-1,10020
2,142,-1,10025
3,142,1.052632,10215
3,143,-1,10220
3,144,-1,10290
4,144,1.082645,10415
4,145,-1,10455
4,146,-1,10520
4,147,-1,10525
5,147,1.163934,10590
5,148,-1,10655
5,150,-2,10715
5,151,-1,10720
5,152,-1,10725
5,153,-1,10730
5,154,-1,10795
5,155,-1,10825
5,156,-1,10830
5,157,-1,10870
5,158,-1,10875
5,159,-1,11015
6,159,1.048544,11225
6,160,-1,11345
6,162,-2,11405
6,163,-1,11505
6,164,-1,11565
6,165,-1,11635
6,166,-1,11700
6,167,-1,11750
6,168,-1,11755
6,169,-1,11810
6,170,-1,11815
6,171,-1,11855
6,172,-1,11920
6,173,-1,11925
6,174,-1,12040
6,175,-1,12140
6,176,-1,12250
6,177,-1,12335
6,178,-1,12340
6,179,-1,12405
6,180,-1,12465
6,181,-1,12540
6,182,-1,12545
6,183,-1,12625
6,184,-1,12715
6,185,-1,12750
6,186,-1,12755
6,187,-1,12800
6,188,-1,12870
6,189,-1,12935
6,190,-1,12975
6,191,-1,12980
6,192,-1,13040
6,193,-1,13140
6,194,-1,13230
6,195,-1,13295
6,196,-1,13350
6,197,-1,13355
6,198,-1,13480
6,199,-1,13560
6,200,-1,13595
6,201,-1,13600
7,201,1.073529,13740
7,202,-1,13745
7,203,-1,13805
7,204,-1,13810
7,205,-1,13925
7,206,-1,13980
7,208,-2,14045
7,209,-1,14105
7,210,-1,14170
7,211,-1,14200
7,212,-1,14290
7,213,-1,14345
7,214,-1,14405
7,215,-1,14445
8,215,1.196078,14500
8,216,-1,14560
8,217,-1,14565
8,218,-1,14620
8,219,-1,14670
9,219,1.151515,14740
9,220,-1,14935
10,220,1.131579,15015
10,221,-1,15020
10,222,-1,15065
10,223,-1,15125
10,224,-1,15300
10,225,-1,15390
10,226,-1,15425
10,227,-1,15430
10,228,-1,15435
10,229,-1,15480
10,230,-1,15525
10,231,-1,15600
11,231,1.078125,15730
11,232,-1,15790
11,233,-1,15855
11,234,-1,15860
11,235,-1,16000
11,236,-1,16065
11,237,-1,16165
11,238,-1,16170
11,239,-1,16235
11,240,-1,16240
11,241,-1,16290
11,242,-1,16350
11,243,-1,16400
11,244,-1,16465
11,245,-1,16535
11,246,-1,16600
11,247,-1,16645
11,248,-1,16740
11,249,-1,16745
11,250,-1,16750
11,251,-1,16755
11,252,-1,16830
11,253,-1,16895
11,254,-1,16950
11,255,-1,16955
11,256,-1,17030
11,257,-1,17070
11,258,-1,17140
11,259,-1,17145
11,260,-1,17210
11,261,-1,17345
11,262,-1,17460
11,263,-1,17550
11,264,-1,17555
11,265,-1,17560
11,266,-1,17565
11,267,-1,17570
11,268,-1,17630
11,269,-1,17695
11,270,-1,17725
11,271,-1,17785
11,272,-1,17895
11,273,-1,17980
11,274,-1,17985
11,275,-1,18050
11,276,-1,18055
11,277,-1,18165
11,278,-1,18245
11,279,-1,18250
11,280,-1,18335
11,281,-1,18395
11,282,-1,18400
11,283,-1,18505
11,284,-1,18510
12,284,1.079365,18640
12,285,-1,18700
12,286,-1,18820
12,287,-1,18825
12,288,-1,18870
12,289,-1,18900
12,290,-1,18950
13,290,1.079365,19080
13,291,-1,19125
13,292,-1,19230
13,293,-1,19350
13,294,-1,19395
13,295,-1,19515
13,296,-1,19575
13,297,-1,19635
13,298,-1,19670
13,299,-1,19675
13,300,-1,19740
13,301,-1,19800
13,302,-1,19880
13,303,-1,19950
13,304,-1,20085
13,305,-1,20155
13,306,-1,20160
13,307,-1,20245
13,308,-1,20250
13,309,-1,20300
13,310,-1,20470
13,311,-1,20475
13,312,-1,20535
13,313,-1,20540
13,314,-1,20655
13,315,-1,20705
13,316,-1,20710
13,317,-1,20785
13,318,-1,20980
13,319,-1,20985
14,319,1.070423,21130
14,320,-1,21175
14,321,-1,21270
14,322,-1,21275
14,323,-1,21345
14,324,-1,21350
14,325,-1,21445
14,326,-1,21675
14,327,-1,21680
14,328,-1,21740
14,329,-1,21800
14,330,-1,21855
14,331,-1,22110
14,332,-1,22195
14,333,-1,22325
14,334,-1,22440
14,335,-1,22480
14,336,-1,22520
14,337,-1,22770
14,338,-1,22840
14,339,-1,22945
14,340,-1,22950
14,341,-1,22955
14,342,-1,22960
14,343,-1,22965
14,344,-1,22970
14,345,-1,23030
15,345,1.175439,23090
15,346,-1,23145
15,348,-2,23280
15,349,-1,23285
15,350,-1,23345
15,351,-1,23350
15,353,-2,23420
15,354,-1,23550
15,355,-1,23555
15,356,-1,23660
15,357,-1,23710
15,358,-1,23760
15,359,-1,23815
15,360,-1,23850
15,361,-1,23910
15,362,-1,24065
15,363,-1,24175
15,364,-1,24230
15,365,-1,24235
15,366,-1,24240
15,367,-1,24330
15,368,-1,24380
15,369,-1,24420
15,370,-1,24425
15,371,-1,24475
15,372,-1,24565
15,373,-1,24605
15,374,-1,24665
15,375,-1,24775
15,376,-1,24815
15,377,-1,24880
15,378,-1,24885
15,379,-1,24940
15,381,-2,25000
15,382,-1,25055
15,383,-1,25110
15,384,-1,25220
15,385,-1,25285
15,386,-1,25290
15,387,-1,25405
15,388,-1,25445
15,389,-1,25450
15,390,-1,25605
15,391,-1,25660
15,392,-1,25710
15,393,-1,25715
16,393,1.04,25965
16,394,-1,26010
16,395,-1,26055
16,396,-1,26165
16,397,-1,26300
16,398,-1,26375
17,398,1.074627,26510
17,399,-1,26515
17,400,-1,26600
17,401,-1,26640
17,402,-1,26745
17,403,-1,26750
17,404,-1,26815
17,405,-1,26820
17,406,-1,26865
17,407,-1,26915
17,408,-1,26920
17,409,-1,26925
17,410,-1,26930
17,411,-1,26980
17,412,-1,27015
17,413,-1,27020
17,414,-1,27205
17,415,-1,27345
17,416,-1,27405
17,417,-1,27460
17,418,-1,27540
17,419,-1,27755
17,420,-1,27815
17,421,-1,27875
17,422,-1,27935
17,423,-1,27985
18,423,1.071942,28125
19,423,1.040984,28370
19,424,-1,28490
19,425,-1,28550
19,426,-1,28555
19,427,-1,28615
19,428,-1,28820
19,429,-1,28945
19,430,-1,29080
19,431,-1,29140
19,432,-1,29230
19,433,-1,29340
19,434,-1,29390
19,435,-1,29450
19,436,-1,29715
20,436,1.086207,29835
20,437,-1,29965
20,438,-1,29970
20,439,-1,30030
20,440,-1,30090
20,441,-1,30150
20,442,-1,30190
20,443,-1,30320
20,445,-2,30380
20,446,-1,30385
20,447,-1,30390
20,448,-1,30395
20,449,-1,30445
20,450,-1,30505
20,451,-1,30510
20,452,-1,30555
20,453,-1,30730
20,454,-1,30845
20,455,-1,30930
20,456,-1,30990
20,457,-1,31085
20,458,-1,31090
20,459,-1,31140
20,460,-1,31255
20,461,-1,31305
20,462,-1,31430
20,463,-1,31485
20,464,-1,31545
20,465,-1,31655
20,466,-1,31710
20,467,-1,31775
20,468,-1,31870
20,469,-1,31930
20,470,-1,31955
20,471,-1,32025
20,472,-1,32130
20,473,-1,32195
20,474,-1,32270
20,475,-1,32275
20,476,-1,32335
20,477,-1,32340
20,478,-1,32385
20,479,-1,32455
20,480,-1,32560
20,482,-2,32620
20,483,-1,32660
20,484,-1,32775
20,485,-1,32870
20,486,-1,32930
20,487,-1,33045
20,488,-1,33140
20,489,-1,33145
20,490,-1,33150
20,491,-1,33155
20,492,-1,33205
20,493,-1,33255
20,494,-1,33350
21,494,1.136986,33425
21,495,-1,33430
21,496,-1,33465
21,497,-1,33515
21,498,-1,33550
21,499,-1,33610
21,500,-1,33675
21,501,-1,33725
21,502,-1,33835
21,503,-1,33840
21,504,-1,33900
21,505,-1,33980
21,506,-1,34080
21,507,-1,34205
21,508,-1,34240
21,509,-1,34300
21,510,-1,34350
21,511,-1,34405
21,512,-1,34500
21,513,-1,34565
21,514,-1,34570
21,515,-1,34745
21,516,-1,34750
21,517,-1,34765
21,518,-1,34770
22,518,1.071429,34910
22,519,-1,35235
22,520,-1,35290
22,521,-1,35320
22,522,-1,35380
22,523,-1,35440
22,524,-1,35555
22,525,-1,35710
22,526,-1,35800
22,527,-1,35870
22,528,-1,35920
22,529,-1,35965
22,530,-1,36145
22,531,-1,36190
22,532,-1,36375
22,533,-1,36445
23,533,1.196078,36500
23,534,-1,36505
23,535,-1,36590
23,536,-1,36625
23,537,-1,36735
23,538,-1,36740
23,539,-1,36760
23,540,-1,36895
23,541,-1,36960
23,542,-1,37010
23,543,-1,37085
23,544,-1,37090
23,545,-1,37195
23,546,-1,37250
23,547,-1,37290
23,548,-1,37295
23,549,-1,37300
23,550,-1,37350
23,551,-1,37470
23,552,-1,37475
23,553,-1,37565
23,554,-1,37615
23,555,-1,37620
23,556,-1,37635
23,557,-1,37745
23,558,-1,37875
23,559,-1,37880
23,560,-1,37920
23,561,-1,37985
23,562,-1,38035
23,563,-1,38085
23,564,-1,38090
23,565,-1,38150
23,566,-1,38155
23,567,-1,38245
23,568,-1,38295
23,569,-1,38350
23,570,-1,38535
23,571,-1,38625
23,572,-1,38770
23,573,-1,38820
23,574,-1,38855
24,574,1.048544,39065
24,575,-1,39190
24,576,-1,39225
24,577,-1,39230
24,578,-1,39300
24,579,-1,39330
24,580,-1,39425
24,581,-1,39490
24,582,-1,39550
24,583,-1,39745
24,584,-1,39910
24,585,-1,40000
24,586,-1,40040
24,587,-1,40085
24,588,-1,40200
24,589,-1,40280
24,591,-2,40340
24,592,-1,40460
24,593,-1,40475
25,593,1.09009,40590
25,594,-1,40595
25,595,-1,40675
25,596,-1,40695
25,597,-1,40760
25,598,-1,40855
25,599,-1,40930
25,600,-1,40970
25,601,-1,41035
25,602,-1,41075
25,603,-1,41080
25,604,-1,41130
25,605,-1,41195
25,606,-1,41260
25,607,-1,41360
25,608,-1,41485
25,609,-1,41550
25,610,-1,41650
25,611,-1,41710
26,611,1.052083,41905
26,612,-1,41910
26,613,-1,41955
26,614,-1,41960
26,615,-1,41985
27,615,1.051813,42180
27,616,-1,42185
27,617,-1,42240
27,618,-1,42340
27,619,-1,42390
27,620,-1,42445
27,621,-1,42450
27,622,-1,42715
27,623,-1,42890
27,624,-1,43020
27,625,-1,43060
27,626,-1,43155
27,627,-1,43220
27,628,-1,43265
27,629,-1,43305
27,630,-1,43310
27,631,-1,43370
27,632,-1,43515
27,634,-2,43625
27,635,-1,43670
27,636,-1,43675
27,637,-1,43680
27,638,-1,43810
28,638,1.076923,43940
28,639,-1,44190
28,640,-1,44315
28,641,-1,44415
28,642,-1,44525
28,643,-1,44530
28,644,-1,44590
28,645,-1,44640
28,646,-1,44645
28,647,-1,44740
29,647,1.082645,44865
29,648,-1,44915
29,649,-1,45120
29,650,-1,45185
29,651,-1,45190
29,652,-1,45355
29,653,-1,45360
29,654,-1,45395
29,655,-1,45400
29,656,-1,45465
29,657,-1,45535
29,658,-1,45585
29,660,-2,45645
29,661,-1,45650
29,662,-1,45695
29,663,-1,45780
29,664,-1,45785
29,665,-1,45830
29,666,-1,45890
29,667,-1,45930
29,668,-1,45995
29,669,-1,46065
29,670,-1,46190
29,671,-1,46275
29,672,-1,46345
29,673,-1,46355
29,674,-1,46450
29,675,-1,46645
29,676,-1,46650
29,677,-1,46720
29,679,-2,46840
29,680,-1,46945
29,681,-1,47025
29,682,-1,47060
29,683,-1,47140
29,684,-1,47145
29,685,-1,47150
29,686,-1,47330
29,687,-1,47385
29,688,-1,47445
29,689,-1,47510
29,690,-1,47570
29,691,-1,47575
29,692,-1,47635
29,693,-1,47735
29,694,-1,47805
29,695,-1,47845
29,696,-1,47975
29,697,-1,48060
29,698,-1,48125
29,699,-1,48130
29,700,-1,48175
29,701,-1,48210
29,702,-1,48250
29,703,-1,48255
29,704,-1,48305
29,705,-1,48400
29,706,-1,48460
29,707,-1,48515
29,708,-1,48565
29,710,-2,48625
29,711,-1,48630
29,712,-1,48650
29,713,-1,48710
29,714,-1,48715
29,715,-1,48875
29,716,-1,48925
29,717,-1,48985
29,718,-1,49030
29,719,-1,49090
29,720,-1,49140
29,721,-1,49185
29,722,-1,49190
29,723,-1,49245
29,724,-1,49305
29,725,-1,49365
29,726,-1,49455
29,727,-1,49530
29,728,-1,49610
29,729,-1,49705
29,730,-1,49755
29,731,-1,49810
29,732,-1,49815
29,733,-1,49820
29,734,-1,49905
29,735,-1,49910
29,736,-1,50005
29,737,-1,50010
29,738,-1,50015
29,739,-1,50075
29,740,-1,50080
29,741,-1,50085
29,742,-1,50205
29,743,-1,50255
29,744,-1,50260
29,745,-1,50265
29,746,-1,50340
29,747,-1,50415
29,748,-1,50495
29,749,-1,50595
29,750,-1,50705
29,751,-1,50755
29,752,-1,50810
29,753,-1,50845
29,754,-1,50850
29,755,-1,50855
29,756,-1,50860
29,757,-1,50920
29,758,-1,51060
29,759,-1,51195
29,760,-1,51265
30,760,1.071942,51405
30,761,-1,51470
30,762,-1,51745
30,763,-1,51750
30,764,-1,51815
30,765,-1,51845
30,766,-1,52000
30,767,-1,52005
30,768,-1,52115
30,769,-1,52180
30,770,-1,52235
30,771,-1,52270
30,772,-1,52335
30,773,-1,52470
30,774,-1,52535
30,775,-1,52540
30,776,-1,52605
30,777,-1,52645
30,778,-1,52705
30,779,-1,52935
30,780,-1,52995
30,781,-1,53000
30,782,-1,53050
30,783,-1,53080
30,784,-1,53170
30,785,-1,53265
30,786,-1,53325
30,787,-1,53590
30,788,-1,53705
30,789,-1,53795
30,790,-1,53800
30,791,-1,53805
30,792,-1,53845
30,793,-1,53920
30,794,-1,54040
30,795,-1,54085
30,797,-2,54145
30,798,-1,54150
30,799,-1,54235
30,800,-1,54320
30,801,-1,54325
30,802,-1,54405
30,803,-1,54410
30,804,-1,54415
30,805,-1,54465
30,806,-1,54515
30,807,-1,54560
30,808,-1,54615
30,809,-1,54655
30,810,-1,54770
30,811,-1,54835
30,812,-1,54920
30,813,-1,54925
31,813,1.05102,55125
31,814,-1,55130
31,815,-1,55320
31,816,-1,55375
31,817,-1,55485
31,818,-1,55545
31,819,-1,55660
31,820,-1,55720
31,821,-1,55780
31,822,-1,55875
31,823,-1,55920
31,824,-1,55980
31,825,-1,56065
31,826,-1,56070
31,827,-1,56110
31,829,-2,56170
31,830,-1,56215
31,831,-1,56260
31,832,-1,56320
31,833,-1,56325
32,833,1.073529,56465
32,834,-1,56575
32,835,-1,56615
32,837,-2,56675
32,838,-1,56680
32,839,-1,56740
32,840,-1,56805
32,841,-1,56855
32,842,-1,56930
32,843,-1,56985
32,844,-1,57040
32,845,-1,57090
32,846,-1,57095
32,847,-1,57160
32,848,-1,57320
32,849,-1,57385
32,850,-1,57445
32,851,-1,57505
32,852,-1,57510
32,853,-1,57550
32,854,-1,57615
32,855,-1,57660
32,856,-1,57765
32,857,-1,57825
32,858,-1,57885
32,859,-1,57955
32,860,-1,58025
32,861,-1,58165
32,862,-1,58255
32,863,-1,58260
32,864,-1,58325
32,865,-1,58330
32,866,-1,58425
32,867,-1,58470
32,868,-1,58530
32,869,-1,58635
32,870,-1,58675
32,871,-1,58745
32,872,-1,58790
32,874,-2,58855
32,875,-1,58875
32,876,-1,58950
32,877,-1,58955
32,878,-1,59015
32,879,-1,59020
33,879,1.08,59145
33,880,-1,59220
33,881,-1,59270
33,882,-1,59315
33,883,-1,59320
33,884,-1,59380
33,885,-1,59385
33,886,-1,59485
33,887,-1,59600
33,888,-1,59670
33,889,-1,59760
33,890,-1,59765
33,891,-1,59795
33,892,-1,59855
33,893,-1,59915
33,894,-1,59965
33,895,-1,59970
33,896,-1,60090
33,897,-1,60170
33,898,-1,60250
33,899,-1,60255
33,900,-1,60330
33,901,-1,60375
33,902,-1,60380
33,903,-1,60425
33,904,-1,60430
33,905,-1,60555
33,906,-1,60605
33,907,-1,60665
33,908,-1,60775
33,909,-1,60780
33,910,-1,60860
33,911,-1,60895
33,912,-1,60940
33,913,-1,61000
33,914,-1,61055
33,915,-1,61180
33,916,-1,61185
33,917,-1,61305
33,918,-1,61370
33,919,-1,61555
33,920,-1,61610
33,921,-1,61615
33,922,-1,61620
33,923,-1,61675
33,924,-1,61745
33,925,-1,61875
33,926,-1,61935
33,927,-1,61970
33,928,-1,62045
33,929,-1,62095
33,930,-1,62145
33,931,-1,62150
33,932,-1,62265
33,933,-1,62330
33,934,-1,62435
33,935,-1,62545
33,936,-1,62755
33,937,-1,62945
34,937,1.09009,63060
34,938,-1,63150
34,939,-1,63215
34,940,-1,63280
34,941,-1,63395
34,942,-1,63580
34,943,-1,63585
35,943,1.050505,63785
35,944,-1,63790
35,945,-1,63835
35,946,-1,63930
35,947,-1,64145
36,947,1.073529,64285
36,948,-1,64335
36,949,-1,64395
36,950,-1,64455
36,951,-1,64540
36,952,-1,64635
36,953,-1,64725
36,954,-1,64775
36,955,-1,64840
36,956,-1,64845
36,957,-1,64895
36,958,-1,64900
36,959,-1,65000
36,960,-1,65005
36,961,-1,65140
36,962,-1,65205
36,963,-1,65265
36,965,-2,65390
36,966,-1,65510
36,967,-1,65515
36,968,-1,65575
36,970,-2,65635
36,971,-1,65690
36,972,-1,65735
36,973,-1,65835
36,974,-1,66025
36,975,-1,66030
37,975,1.039841,66285
37,976,-1,66340
37,977,-1,66400
37,978,-1,66515
37,979,-1,66570
37,980,-1,66620
37,981,-1,66720
38,981,1.077519,66850
38,982,-1,66855
38,983,-1,66980
38,984,-1,66985
38,985,-1,67230
38,986,-1,67285
38,987,-1,67290
38,988,-1,67295
38,989,-1,67435
38,990,-1,67490
38,991,-1,67570
38,993,-2,67700
38,994,-1,67740
38,995,-1,67795
38,996,-1,67800
38,997,-1,67850
38,998,-1,67885
38,999,-1,67890
38,1000,-1,67970
38,1001,-1,68140
38,1002,-1,68190
38,1003,-1,68330
38,1004,-1,68450
38,1005,-1,68555
38,1006,-1,68720
38,1007,-1,68740
38,1008,-1,68745
38,1009,-1,68760
38,1010,-1,68820
38,1011,-1,68920
38,1012,-1,68965
38,1013,-1,69005
38,1014,-1,69065
38,1015,-1,69135
38,1016,-1,69200
38,1018,-2,69350
38,1019,-1,69410
38,1020,-1,69415
38,1021,-1,69480
38,1022,-1,69600
38,1023,-1,69660
38,1024,-1,69710
38,1025,-1,69715
38,1026,-1,69850
38,1027,-1,69910
38,1028,-1,69975
38,1029,-1,69980
38,1030,-1,70020
38,1031,-1,70080
38,1032,-1,70260
38,1033,-1,70315
38,1034,-1,70375
38,1035,-1,70425
38,1036,-1,70430
38,1037,-1,70445
38,1038,-1,70545
38,1039,-1,70550
38,1040,-1,70610
38,1041,-1,70800
38,1042,-1,70835
38,1043,-1,70970
38,1044,-1,71005
38,1045,-1,71065
38,1046,-1,71110
39,1046,1.050505,71310
39,1047,-1,71315
39,1048,-1,71365
39,1049,-1,71490
39,1050,-1,71495
39,1051,-1,71500
39,1052,-1,71505
39,1053,-1,71590
39,1054,-1,71665
39,1055,-1,71775
39,1056,-1,71780
39,1057,-1,71875
39,1058,-1,71915
39,1059,-1,72000
39,1060,-1,72065
39,1061,-1,72120
39,1063,-2,72185
39,1064,-1,72245
39,1065,-1,72305
39,1066,-1,72495
39,1067,-1,72535
39,1068,-1,72710
39,1069,-1,72800
39,1070,-1,72865
39,1071,-1,72920
39,1072,-1,72925
39,1073,-1,73035
39,1074,-1,73040
39,1075,-1,73165
39,1077,-2,73225
39,1078,-1,73280
39,1079,-1,73345
39,1080,-1,73350
39,1081,-1,73410
39,1082,-1,73470
39,1083,-1,73475
39,1084,-1,73510
39,1085,-1,73610
39,1086,-1,73615
39,1087,-1,73685
39,1088,-1,73690
39,1089,-1,73760
39,1090,-1,73815
39,1091,-1,73820
39,1092,-1,73855
39,1094,-2,73995
39,1096,-2,74075
39,1097,-1,74115
39,1098,-1,74220
39,1099,-1,74270
39,1100,-1,74320
39,1101,-1,74370
39,1102,-1,74500
39,1103,-1,74610
39,1104,-1,74665
39,1105,-1,74670
39,1106,-1,74730
39,1107,-1,74735
39,1108,-1,74790
39,1109,-1,74795
39,1110,-1,74865
39,1111,-1,74870
39,1113,-2,74940
39,1114,-1,74945
39,1115,-1,74950
39,1116,-1,75070
39,1117,-1,75145
39,1118,-1,75150
39,1119,-1,75270
39,1120,-1,75310
39,1121,-1,75355
39,1122,-1,75360
39,1123,-1,75420
39,1124,-1,75525
39,1125,-1,75640
39,1126,-1,75665
39,1127,-1,75745
39,1128,-1,75750
39,1129,-1,75850
39,1130,-1,75855
39,1131,-1,75930
39,1132,-1,76000
39,1133,-1,76070
39,1134,-1,76170
39,1135,-1,76355
39,1136,-1,76360
39,1137,-1,76425
39,1138,-1,76470
39,1139,-1,76490
39,1140,-1,76525
39,1141,-1,76680
39,1142,-1,76740
39,1143,-1,76790
39,1144,-1,76795
39,1145,-1,76840
39,1146,-1,76960
40,1146,1.068493,77110
40,1147,-1,77155
40,1148,-1,77190
40,1149,-1,77195
40,1151,-2,77255
40,1152,-1,77365
40,1153,-1,77370
40,1154,-1,77430
40,1155,-1,77435
40,1156,-1,77480
40,1157,-1,77485
40,1158,-1,77555
40,1159,-1,77560
40,1160,-1,77725
40,1161,-1,77775
40,1162,-1,77815
40,1164,-2,77890
40,1165,-1,78000
40,1166,-1,78075
40,1167,-1,78140
40,1168,-1,78195
40,1169,-1,78200
40,1170,-1,78250
40,1171,-1,78315
40,1172,-1,78320
40,1173,-1,78375
40,1174,-1,78380
40,1175,-1,78425
40,1176,-1,78490
40,1177,-1,78495
40,1178,-1,78550
41,1178,1.081967,78675
41,1179,-1,78800
41,1180,-1,78890
41,1181,-1,78990
41,1182,-1,79035
41,1183,-1,79165
41,1184,-1,79170
41,1185,-1,79245
41,1186,-1,79250
41,1187,-1,79290
41,1188,-1,79350
41,1189,-1,79480
41,1190,-1,79485
41,1191,-1,79510
41,1192,-1,79550
41,1193,-1,79655
41,1194,-1,79690
41,1195,-1,79695
41,1196,-1,79795
41,1197,-1,79915
41,1198,-1,79985
41,1199,-1,80055
41,1200,-1,80125
42,1200,1.06993,80270
42,1201,-1,80365
42,1202,-1,80410
42,1203,-1,80575
42,1204,-1,80635
42,1205,-1,80675
42,1206,-1,80680
42,1207,-1,80740
42,1208,-1,80780
42,1209,-1,80840
42,1210,-1,80890
42,1211,-1,80895
42,1212,-1,80900
42,1213,-1,80905
42,1214,-1,80935
43,1214,1.196078,80990
43,1215,-1,81090
43,1216,-1,81095
43,1217,-1,81155
43,1218,-1,81185
43,1219,-1,81270
43,1220,-1,81275
43,1221,-1,81280
43,1222,-1,81310
43,1223,-1,81360
43,1224,-1,81420
43,1225,-1,81485
43,1226,-1,81545
43,1227,-1,81645
43,1228,-1,81760
43,1229,-1,81820
43,1230,-1,81885
43,1231,-1,81975
43,1232,-1,82035
43,1233,-1,82170
43,1234,-1,82220
43,1235,-1,82265
43,1237,-2,82325
43,1238,-1,82330
43,1239,-1,82370
43,1240,-1,82470
43,1241,-1,82520
43,1242,-1,82525
43,1243,-1,82580
43,1245,-2,82640
43,1246,-1,82645
43,1247,-1,82750
43,1248,-1,82815
43,1249,-1,82895
43,1250,-1,82940
43,1251,-1,82945
43,1252,-1,83035
43,1253,-1,83120
43,1254,-1,83155
43,1255,-1,83285
43,1256,-1,83290
43,1257,-1,83360
43,1258,-1,83460
44,1258,1.064516,83615
44,1259,-1,83675
44,1260,-1,83725
44,1261,-1,83785
44,1262,-1,83850
44,1263,-1,83975
44,1264,-1,84040
44,1265,-1,84080
44,1266,-1,84145
44,1267,-1,84225
44,1268,-1,84230
44,1269,-1,84290
44,1270,-1,84295
44,1271,-1,84345
44,1272,-1,84645
44,1273,-1,84775
44,1274,-1,84780
44,1275,-1,84845
44,1276,-1,84895
44,1277,-1,84940
44,1278,-1,85075
44,1279,-1,85145
44,1280,-1,85180
44,1281,-1,85300
44,1282,-1,85355
44,1283,-1,85400
44,1284,-1,85545
44,1285,-1,85640
44,1287,-2,85710
44,1288,-1,85870
44,1289,-1,85975
44,1290,-1,86035
44,1291,-1,86040
44,1292,-1,86095
44,1293,-1,86100
44,1294,-1,86165
44,1295,-1,86205
44,1296,-1,86255
44,1297,-1,86410
44,1298,-1,86470
44,1299,-1,86475
45,1299,1.067568,86625
45,1300,-1,86630
45,1301,-1,86735
45,1302,-1,86790
45,1303,-1,86850
45,1304,-1,86875
45,1305,-1,86930
45,1306,-1,86970
45,1307,-1,87015
45,1308,-1,87105
45,1309,-1,87110
45,1310,-1,87205
46,1310,1.086207,87325
46,1311,-1,87440
46,1312,-1,87505
46,1313,-1,87530
46,1314,-1,87575
46,1315,-1,87705
46,1316,-1,87745
46,1317,-1,87750
46,1318,-1,87755
46,1319,-1,87850
46,1320,-1,87975
46,1321,-1,88015
46,1322,-1,88080
46,1323,-1,88110
46,1325,-2,88185
46,1326,-1,88240
46,1327,-1,88280
46,1328,-1,88285
46,1329,-1,88345
46,1330,-1,88350
46,1331,-1,88410
46,1332,-1,88450
46,1333,-1,88495
46,1334,-1,88615
46,1335,-1,88690
46,1336,-1,88735
46,1337,-1,88815
46,1338,-1,88895
46,1339,-1,88950
46,1340,-1,89015
46,1341,-1,89020
46,1342,-1,89075
46,1343,-1,89120
46,1344,-1,89225
46,1345,-1,89330
46,1346,-1,89415
46,1347,-1,89440
46,1348,-1,89560
46,1349,-1,89565
46,1350,-1,89635
46,1351,-1,89695
46,1353,-2,89755
46,1354,-1,89835
46,1355,-1,89965
46,1356,-1,90005
46,1357,-1,90070
46,1358,-1,90140
46,1359,-1,90195
46,1360,-1,90200
46,1361,-1,90205
46,1362,-1,90255
46,1363,-1,90305
46,1364,-1,90365
46,1365,-1,90480
46,1366,-1,90485
46,1367,-1,90530
46,1368,-1,90620
46,1369,-1,90670
46,1370,-1,90675
46,1371,-1,90680
46,1372,-1,90685
47,1372,1.082645,90810
47,1373,-1,90850
47,1374,-1,90855
47,1375,-1,90920
47,1376,-1,90980
47,1377,-1,91010
47,1378,-1,91090
47,1379,-1,91095
47,1380,-1,91100
47,1381,-1,91160
47,1382,-1,91205
47,1383,-1,91210
47,1384,-1,91215
47,1385,-1,91220
47,1386,-1,91290
47,1387,-1,91320
47,1388,-1,91435
47,1389,-1,91440
47,1390,-1,91445
47,1391,-1,91515
47,1392,-1,91520
47,1393,-1,91710
47,1394,-1,91715
47,1395,-1,91855
47,1396,-1,91940
47,1397,-1,91945
47,1398,-1,91985
47,1399,-1,92030
47,1400,-1,92035
47,1401,-1,92125
47,1402,-1,92175
47,1403,-1,92220
47,1404,-1,92295
47,1405,-1,92345
47,1406,-1,92405
47,1407,-1,92410
47,1408,-1,92415
47,1409,-1,92525
47,1410,-1,92605
47,1411,-1,92640
47,1412,-1,92760
47,1413,-1,92835
47,1414,-1,92920
47,1415,-1,92925
47,1416,-1,92975
47,1417,-1,93020
47,1418,-1,93065
47,1419,-1,93125
47,1420,-1,93250
47,1421,-1,93255
47,1422,-1,93305
47,1423,-1,93425
47,1424,-1,93485
47,1425,-1,93490
47,1426,-1,93560
47,1427,-1,93730
47,1428,-1,93780
47,1430,-2,93840
47,1431,-1,93845
47,1432,-1,94000
47,1433,-1,94005
47,1434,-1,94010
47,1435,-1,94075
47,1436,-1,94130
47,1437,-1,94185
47,1438,-1,94245
47,1439,-1,94295
47,1440,-1,94390
47,1441,-1,94415
47,1442,-1,94455
47,1443,-1,94545
47,1444,-1,94595
47,1445,-1,94645
47,1446,-1,94755
47,1447,-1,94800
47,1448,-1,94840
47,1449,-1,94950
47,1450,-1,95070
47,1451,-1,95075
47,1452,-1,95170
47,1453,-1,95285
47,1454,-1,95290
47,1455,-1,95335
47,1456,-1,95385
47,1457,-1,95435
47,1458,-1,95475
47,1459,-1,95525
47,1461,-2,95590
47,1462,-1,95595
47,1463,-1,95725
47,1464,-1,95830
47,1465,-1,95860
47,1466,-1,95965
47,1467,-1,96015
47,1468,-1,96085
47,1469,-1,96150
47,1470,-1,96200
47,1471,-1,96265
47,1472,-1,96270
47,1473,-1,96275
47,1474,-1,96320
47,1475,-1,96325
47,1476,-1,96330
47,1477,-1,96415
47,1478,-1,96460
47,1479,-1,96585
47,1480,-1,96630
47,1481,-1,96670
47,1482,-1,96750
47,1483,-1,96810
47,1484,-1,96850
47,1485,-1,96950
47,1486,-1,96985
47,1487,-1,97040
47,1488,-1,97105
47,1489,-1,97170
47,1490,-1,97175
47,1491,-1,97300
47,1492,-1,97365
47,1493,-1,97405
47,1494,-1,97435
47,1495,-1,97500
47,1496,-1,97550
47,1497,-1,97635
47,1498,-1,97640
47,1499,-1,97645
47,1500,-1,97695
47,1501,-1,97780
47,1502,-1,97895
47,1503,-1,97965
47,1504,-1,98085
47,1505,-1,98190
47,1506,-1,98235
47,1507,-1,98305
47,1508,-1,98310
47,1509,-1,98390
47,1510,-1,98410
47,1511,-1,98465
47,1512,-1,98470
47,1513,-1,98475
48,1513,1.188679,98530
49,1513,1.175439,98590
49,1514,-1,98645
49,1515,-1,98705
49,1516,-1,98740
49,1517,-1,98815
49,1518,-1,98855
49,1519,-1,98905
49,1520,-1,98970
49,1521,-1,99055
49,1522,-1,99060
49,1523,-1,99065
49,1524,-1,99115
49,1525,-1,99165
49,1526,-1,99230
49,1527,-1,99315
49,1528,-1,99385
49,1529,-1,99510
49,1530,-1,99600
49,1531,-1,99650
49,1532,-1,99695
49,1533,-1,99700
49,1534,-1,99870
49,1535,-1,99925
49,1536,-1,100030
49,1537,-1,100035
49,1538,-1,100040
49,1539,-1,100140
49,1540,-1,100240
49,1541,-1,100245
49,1542,-1,100250
49,1543,-1,100330
49,1544,-1,100375
49,1545,-1,100495
49,1546,-1,100545
49,1547,-1,100740
49,1548,-1,100745
49,1549,-1,100750
49,1550,-1,100795
49,1551,-1,100800
49,1552,-1,100865
49,1553,-1,100960
49,1554,-1,100965
49,1555,-1,101010
49,1556,-1,101050
49,1557,-1,101110
49,1558,-1,101115
49,1559,-1,101120
49,1560,-1,101280
49,1561,-1,101350
49,1562,-1,101495
49,1563,-1,101500
49,1564,-1,101530
49,1565,-1,101600
49,1567,-2,101720
49,1568,-1,101785
49,1569,-1,101850
49,1570,-1,101900
49,1571,-1,101955
49,1572,-1,102020
49,1573,-1,102105
49,1574,-1,102175
49,1575,-1,102225
49,1576,-1,102230
49,1577,-1,102295
49,1578,-1,102390
49,1579,-1,102515
49,1581,-2,102580
49,1582,-1,102695
49,1583,-1,102765
49,1585,-2,102855
49,1586,-1,102860
49,1587,-1,102930
49,1588,-1,102995
49,1589,-1,103000
49,1590,-1,103065
49,1591,-1,103070
49,1592,-1,103115
49,1593,-1,103150
49,1594,-1,103155
49,1595,-1,103160
49,1596,-1,103165
49,1597,-1,103210
49,1598,-1,103215
49,1599,-1,103305
49,1601,-2,103365
49,1602,-1,103370
49,1603,-1,103445
49,1604,-1,103510
49,1605,-1,103545
50,1605,1.084746,103665
50,1606,-1,103710
50,1607,-1,103915
50,1608,-1,104135
50,1609,-1,104140
50,1610,-1,104145
50,1611,-1,104150
50,1612,-1,104155
50,1613,-1,104205
50,1614,-1,104270
50,1615,-1,104275
50,1616,-1,104405
50,1617,-1,104450
50,1618,-1,104510
50,1619,-1,104565
50,1620,-1,104670
50,1622,-2,104750
50,1623,-1,104845
50,1624,-1,104965
50,1625,-1,104970
50,1626,-1,105090
50,1627,-1,105095
50,1628,-1,105135
50,1629,-1,105215
50,1630,-1,105265
50,1631,-1,105330
50,1632,-1,105560
50,1633,-1,105565
50,1634,-1,105600
50,1635,-1,105700
50,1636,-1,105770
50,1637,-1,105820
50,1638,-1,105930
50,1639,-1,105995
50,1640,-1,106035
50,1641,-1,106135
50,1642,-1,106140
50,1643,-1,106205
50,1644,-1,106320
50,1645,-1,106365
50,1647,-2,106435
50,1648,-1,106440
50,1649,-1,106475
50,1650,-1,106520
50,1651,-1,106525
50,1652,-1,106645
50,1653,-1,106710
50,1654,-1,106775
50,1655,-1,106825
50,1656,-1,106870
50,1658,-2,106930
50,1659,-1,106935
50,1660,-1,106940
50,1661,-1,107050
50,1662,-1,107090
50,1663,-1,107160
50,1664,-1,107165
50,1665,-1,107225
50,1667,-2,107285
50,1668,-1,107290
50,1669,-1,107360
50,1670,-1,107395
50,1671,-1,107455
50,1672,-1,107460
50,1673,-1,107520
50,1674,-1,107525
50,1675,-1,107660
50,1676,-1,107740
50,1677,-1,107835
50,1678,-1,107935
50,1679,-1,107940
50,1680,-1,108045
50,1681,-1,108070
50,1682,-1,108075
50,1683,-1,108185
50,1684,-1,108305
50,1685,-1,108435
50,1686,-1,108440
50,1687,-1,108490
50,1688,-1,108555
50,1689,-1,108695
50,1690,-1,108700
50,1691,-1,108765
51,1691,1.049505,108970
51,1692,-1,109020
51,1693,-1,109135
51,1694,-1,109185
51,1695,-1,109220
51,1696,-1,109290
51,1697,-1,109330
51,1698,-1,109385
51,1699,-1,109435
51,1700,-1,109565
51,1702,-2,109645
51,1703,-1,109705
51,1704,-1,109710
52,1704,1.12987,109790
52,1705,-1,109880
52,1706,-1,109955
52,1707,-1,110130
52,1708,-1,110135
52,1709,-1,110275
52,1710,-1,110280
52,1711,-1,110350
52,1712,-1,110400
52,1713,-1,110460
52,1714,-1,110530
52,1716,-2,110595
53,1716,1.123457,110680
53,1717,-1,110725
54,1717,1.056818,110905
54,1718,-1,110975
54,1719,-1,110980
54,1720,-1,111025
54,1721,-1,111075
54,1722,-1,111080
54,1723,-1,111140
54,1724,-1,111145
54,1725,-1,111235
54,1726,-1,111240
55,1726,1.053763,111430
55,1727,-1,111435
55,1728,-1,111535
55,1729,-1,111580
55,1730,-1,111695
55,1731,-1,111750
55,1732,-1,111755
55,1733,-1,111800
55,1734,-1,111805
55,1735,-1,111885
55,1736,-1,111960
55,1738,-2,112095
55,1739,-1,112100
55,1740,-1,112105
55,1741,-1,112155
55,1742,-1,112260
55,1743,-1,112265
55,1744,-1,112270
55,1745,-1,112355
55,1746,-1,112470
55,1747,-1,112555
55,1748,-1,112560
55,1749,-1,112620
55,1750,-1,112680
55,1751,-1,112685
55,1752,-1,112770
55,1753,-1,112890
55,1755,-2,112955
55,1756,-1,112960
55,1757,-1,113060
55,1758,-1,113195
55,1759,-1,113265
56,1759,1.08,113390
56,1760,-1,113450
56,1761,-1,113455
56,1762,-1,113525
56,1763,-1,113655
56,1764,-1,113660
56,1765,-1,113665
56,1767,-2,113795
56,1768,-1,113880
56,1769,-1,113885
56,1770,-1,113890
56,1772,-2,113950
56,1773,-1,113980
56,1774,-1,113985
56,1775,-1,114035
56,1776,-1,114190
56,1777,-1,114195
56,1778,-1,114285
56,1779,-1,114290
56,1780,-1,114405
56,1781,-1,114410
56,1782,-1,114455
56,1783,-1,114540
56,1784,-1,114590
57,1784,1.142857,114660
57,1785,-1,114705
57,1786,-1,114710
57,1787,-1,114775
57,1788,-1,114815
57,1789,-1,114820
57,1790,-1,114845
57,1791,-1,115045
57,1792,-1,115095
57,1793,-1,115155
57,1794,-1,115215
57,1795,-1,115305
57,1796,-1,115310
57,1797,-1,115425
57,1798,-1,115465
57,1799,-1,115470
57,1800,-1,115505
57,1801,-1,115510
57,1802,-1,115555
57,1803,-1,115700
57,1805,-2,115760
57,1806,-1,115955
57,1807,-1,115960
57,1808,-1,116035
57,1810,-2,116190
57,1811,-1,116250
57,1812,-1,116360
57,1813,-1,116510
57,1814,-1,116555
57,1815,-1,116560
57,1816,-1,116630
57,1817,-1,116730
57,1818,-1,116910
57,1819,-1,116950
57,1820,-1,116955
57,1821,-1,117065
57,1822,-1,117070
57,1823,-1,117115
57,1824,-1,117120
57,1825,-1,117170
57,1826,-1,117275
57,1827,-1,117320
57,1828,-1,117385
57,1829,-1,117530
57,1830,-1,117570
57,1831,-1,117700
57,1832,-1,117810
57,1833,-1,117815
57,1834,-1,117885
57,1835,-1,117890
57,1836,-1,117950
57,1837,-1,118060
57,1838,-1,118065
57,1839,-1,118135
58,1839,1.114943,118225
58,1840,-1,118255
58,1841,-1,118345
58,1842,-1,118410
58,1843,-1,118415
58,1844,-1,118580
58,1845,-1,118685
58,1846,-1,118775
58,1847,-1,118780
58,1848,-1,118835
58,1849,-1,118880
58,1850,-1,118960
58,1851,-1,119065
58,1852,-1,119165
58,1853,-1,119195
58,1854,-1,119255
58,1855,-1,119335
58,1856,-1,119395
58,1857,-1,119445
58,1858,-1,119555
58,1859,-1,119560
58,1860,-1,119600
58,1861,-1,119605
58,1862,-1,119710
58,1863,-1,119830
58,1864,-1,119890
58,1865,-1,119895
58,1866,-1,119985
58,1867,-1,120140
58,1868,-1,120145
58,1869,-1,120335
58,1870,-1,120425
58,1871,-1,120520
58,1872,-1,120550
58,1873,-1,120700
58,1874,-1,120805
58,1875,-1,120885
58,1876,-1,120915
58,1877,-1,121000
58,1878,-1,121045
58,1879,-1,121175
58,1880,-1,121180
58,1881,-1,121265
58,1882,-1,121325
58,1883,-1,121520
58,1884,-1,121565
58,1885,-1,121625
58,1886,-1,121715
58,1887,-1,121720
58,1889,-2,121780
58,1890,-1,121830
58,1891,-1,121835
58,1892,-1,121940
58,1893,-1,122090
58,1894,-1,122095
58,1895,-1,122115
58,1896,-1,122120
58,1897,-1,122170
58,1898,-1,122175
58,1899,-1,122245
58,1900,-1,122270
58,1901,-1,122335
58,1902,-1,122385
58,1903,-1,122480
58,1904,-1,122565
58,1905,-1,122635
58,1906,-1,122710
58,1907,-1,122715
58,1908,-1,122820
58,1909,-1,122905
58,1910,-1,122945
58,1911,-1,122950
58,1912,-1,123065
58,1913,-1,123145
58,1914,-1,123200
58,1915,-1,123350
58,1916,-1,123535
58,1917,-1,123590
58,1918,-1,123640
58,1919,-1,123700
58,1920,-1,123900
58,1921,-1,123905
58,1922,-1,123995
58,1923,-1,124060
58,1924,-1,124115
58,1925,-1,124150
58,1926,-1,124210
58,1927,-1,124405
58,1928,-1,124465
58,1929,-1,124585
58,1930,-1,124645
58,1931,-1,124650
58,1932,-1,124730
58,1933,-1,124780
58,1934,-1,124875
58,1935,-1,124880
58,1936,-1,124975
58,1937,-1,125035
58,1938,-1,125250
58,1939,-1,125310
58,1940,-1,125435
58,1941,-1,125495
58,1942,-1,125545
58,1943,-1,125640
58,1944,-1,125745
58,1945,-1,125895
58,1946,-1,126015
58,1947,-1,126125
58,1948,-1,126275
58,1949,-1,126335
58,1950,-1,126485
58,1951,-1,126630
58,1952,-1,126635
58,1953,-1,126680
58,1954,-1,126715
58,1955,-1,126720
58,1956,-1,126785
58,1957,-1,126845
58,1958,-1,126850
58,1959,-1,126960
58,1960,-1,126965
58,1961,-1,127100
58,1962,-1,127150
58,1963,-1,127220
58,1964,-1,127290
58,1965,-1,127350
58,1966,-1,127460
58,1967,-1,127465
58,1968,-1,127495
58,1969,-1,127570
58,1970,-1,127620
58,1971,-1,127730
59,1971,1.080645,127855
59,1972,-1,127920
59,1973,-1,127985
59,1974,-1,128030
59,1975,-1,128035
59,1976,-1,128075
59,1977,-1,128175
59,1978,-1,128230
59,1979,-1,128300
59,1980,-1,128365
59,1981,-1,128395
59,1982,-1,128435
59,1983,-1,128490
59,1984,-1,128630
59,1985,-1,128690
59,1986,-1,128770
59,1987,-1,128810
59,1988,-1,128815
59,1989,-1,128880
59,1990,-1,128945
59,1991,-1,129030
59,1992,-1,129085
59,1993,-1,129090
59,1995,-2,129155
59,1996,-1,129225
59,1997,-1,129365
60,1997,1.082645,129490
60,1998,-1,129545
60,1999,-1,129620
60,2000,-1,129625
61,2000,1.09009,129740
61,2001,-1,129855
61,2002,-1,129940
61,2003,-1,129945
61,2004,-1,130040
61,2005,-1,130100
62,2005,1.074627,130235
62,2006,-1,130365
62,2007,-1,130370
62,2008,-1,130420
62,2009,-1,130480
62,2010,-1,130560
62,2011,-1,130565
62,2012,-1,130630
62,2013,-1,130660
62,2014,-1,130795
62,2015,-1,130900
62,2016,-1,130905
62,2017,-1,130970
62,2018,-1,131030
62,2019,-1,131095
62,2020,-1,131145
62,2021,-1,131190
62,2022,-1,131195
62,2023,-1,131235
62,2024,-1,131285
62,2025,-1,131340
62,2026,-1,131405
62,2027,-1,131505
62,2028,-1,131550
62,2029,-1,131555
62,2030,-1,131860
62,2031,-1,131980
62,2032,-1,132050
62,2033,-1,132230
62,2034,-1,132295
62,2035,-1,132300
62,2036,-1,132360
62,2037,-1,132390
62,2038,-1,132490
62,2040,-2,132675
62,2041,-1,132790
62,2042,-1,132820
62,2043,-1,132885
62,2044,-1,132915
62,2045,-1,133090
62,2046,-1,133095
62,2047,-1,133165
62,2048,-1,133235
62,2049,-1,133240
62,2050,-1,133300
62,2051,-1,133380
63,2051,1.070423,133525
63,2052,-1,133620
63,2053,-1,133625
63,2055,-2,133690
63,2056,-1,133755
63,2057,-1,133835
63,2058,-1,133920
63,2059,-1,134015
63,2060,-1,134090
63,2061,-1,134095
63,2062,-1,134200
63,2063,-1,134225
63,2064,-1,134230
63,2065,-1,134235
63,2066,-1,134305
63,2067,-1,134365
63,2068,-1,134390
63,2069,-1,134450
63,2070,-1,134515
63,2071,-1,134550
63,2072,-1,134665
63,2073,-1,134760
63,2074,-1,134765
63,2075,-1,134835
63,2076,-1,134950
63,2077,-1,134955
63,2078,-1,135000
63,2079,-1,135050
63,2080,-1,135150
63,2081,-1,135185
63,2082,-1,135260
63,2083,-1,135305
63,2084,-1,135410
63,2085,-1,135480
63,2086,-1,135595
63,2087,-1,135600
63,2088,-1,135605
63,2089,-1,135665
63,2090,-1,135760
63,2091,-1,135825
63,2092,-1,135930
63,2094,-2,136060
63,2095,-1,136185
63,2096,-1,136260
63,2098,-2,136320
63,2099,-1,136365
63,2100,-1,136610
63,2101,-1,136720
64,2101,1.076336,136855
64,2102,-1,136970
64,2103,-1,137090
64,2104,-1,137135
64,2105,-1,137230
64,2106,-1,137300
64,2107,-1,137305
64,2108,-1,137370
64,2109,-1,137470
64,2110,-1,137530
64,2111,-1,137535
64,2112,-1,137595
64,2113,-1,137675
64,2114,-1,137760
64,2115,-1,137830
64,2116,-1,137870
64,2117,-1,137910
64,2118,-1,137915
64,2119,-1,137935
64,2120,-1,138015
64,2121,-1,138070
64,2122,-1,138175
64,2123,-1,138245
64,2124,-1,138320
64,2125,-1,138385
64,2126,-1,138420
64,2127,-1,138425
64,2128,-1,138535
64,2129,-1,138630
64,2130,-1,138670
64,2131,-1,138675
64,2132,-1,138680
64,2133,-1,138725
64,2134,-1,138785
64,2135,-1,138845
64,2136,-1,138905
64,2137,-1,139035
64,2138,-1,139040
64,2139,-1,139170
64,2140,-1,139175
64,2141,-1,139250
64,2142,-1,139365
64,2143,-1,139420
64,2144,-1,139620
64,2145,-1,139670
64,2146,-1,139675
65,2146,1.044643,139900
65,2148,-2,139960
65,2149,-1,140115
65,2150,-1,140250
65,2151,-1,140320
65,2152,-1,140365
65,2153,-1,140370
65,2154,-1,140440
65,2155,-1,140490
65,2156,-1,140550
65,2157,-1,140610
65,2158,-1,140615
65,2159,-1,140725
65,2160,-1,140805
65,2161,-1,140875
65,2162,-1,140880
65,2163,-1,140885
65,2164,-1,140890
65,2165,-1,140955
65,2166,-1,140985
65,2167,-1,140990
65,2168,-1,141050
65,2169,-1,141135
65,2170,-1,141195
65,2171,-1,141245
65,2172,-1,141315
65,2173,-1,141350
65,2174,-1,141415
65,2175,-1,141420
65,2176,-1,141515
65,2177,-1,141625
65,2178,-1,141630
65,2179,-1,141770
65,2180,-1,141865
65,2181,-1,141925
65,2182,-1,141990
65,2183,-1,142075
65,2184,-1,142080
65,2185,-1,142140
65,2186,-1,142145
65,2187,-1,142150
65,2188,-1,142255
65,2189,-1,142360
65,2190,-1,142460
65,2191,-1,142545
65,2192,-1,142645
65,2193,-1,142740
65,2194,-1,142745
65,2195,-1,142870
65,2196,-1,142990
65,2197,-1,143070
65,2198,-1,143135
65,2199,-1,143140
65,2200,-1,143250
65,2201,-1,143295
65,2202,-1,143300
65,2203,-1,143355
65,2204,-1,143400
65,2205,-1,143480
65,2206,-1,143655
65,2207,-1,143660
65,2208,-1,143725
65,2209,-1,143960
65,2210,-1,143965
65,2211,-1,144025
65,2212,-1,144115
65,2213,-1,144220
65,2214,-1,144445
65,2215,-1,144485
65,2216,-1,144490
65,2217,-1,144540
65,2218,-1,144635
65,2219,-1,144745
65,2220,-1,144850
65,2221,-1,144855
65,2222,-1,144990
65,2223,-1,145100
65,2224,-1,145105
65,2225,-1,145155
65,2226,-1,145260
65,2227,-1,145315
65,2228,-1,145375
65,2229,-1,145430
65,2230,-1,145495
65,2231,-1,145555
65,2232,-1,145560
65,2233,-1,145565
65,2234,-1,145570
65,2235,-1,145610
65,2236,-1,145690
65,2237,-1,145755
65,2239,-2,145830
65,2240,-1,145835
65,2241,-1,145920
65,2242,-1,146075
65,2243,-1,146080
65,2244,-1,146195
65,2245,-1,146285
65,2246,-1,146380
65,2247,-1,146515
65,2248,-1,146520
65,2249,-1,146585
65,2250,-1,146695
65,2251,-1,146700
65,2252,-1,146790
65,2253,-1,146855
65,2254,-1,146930
65,2255,-1,146935
65,2256,-1,147020
65,2257,-1,147125
65,2258,-1,147130
65,2259,-1,147180
65,2260,-1,147210
65,2261,-1,147250
65,2262,-1,147375
65,2263,-1,147380
65,2264,-1,147410
65,2265,-1,147480
65,2266,-1,147485
65,2267,-1,147490
65,2268,-1,147755
65,2269,-1,147760
65,2270,-1,147765
65,2271,-1,147770
65,2272,-1,147775
65,2273,-1,147830
65,2274,-1,148005
65,2275,-1,148010
65,2276,-1,148145
65,2277,-1,148255
65,2278,-1,148390
65,2279,-1,148395
65,2280,-1,148400
65,2281,-1,148480
65,2282,-1,148515
65,2283,-1,148615
65,2284,-1,148690
65,2285,-1,148695
65,2286,-1,148700
65,2287,-1,148740
65,2288,-1,148745
65,2289,-1,148810
65,2290,-1,148840
65,2291,-1,149015
65,2292,-1,149110
65,2293,-1,149310
65,2294,-1,149335
65,2295,-1,149415
65,2296,-1,149420
65,2297,-1,149540
65,2298,-1,149605
65,2299,-1,149715
65,2300,-1,149825
65,2301,-1,149830
65,2302,-1,149885
65,2303,-1,149945
65,2304,-1,150040
65,2305,-1,150105
65,2306,-1,150215
65,2307,-1,150265
65,2308,-1,150270
65,2309,-1,150275
65,2310,-1,150300
65,2311,-1,150425
65,2312,-1,150480
65,2313,-1,150485
65,2314,-1,150530
65,2315,-1,150595
65,2316,-1,150620
65,2317,-1,150670
65,2318,-1,150735
65,2319,-1,150740
65,2320,-1,150800
65,2321,-1,150935
65,2322,-1,151105
65,2323,-1,151175
65,2324,-1,151245
65,2325,-1,151320
65,2326,-1,151325
65,2327,-1,151395
65,2328,-1,151595
65,2329,-1,151695
65,2330,-1,151745
65,2331,-1,151920
65,2332,-1,151925
65,2333,-1,151985
65,2334,-1,152145
65,2335,-1,152165
65,2336,-1,152220
65,2337,-1,152225
65,2338,-1,152390
65,2339,-1,152515
65,2340,-1,152625
65,2341,-1,152660
65,2342,-1,152780
65,2343,-1,152785
65,2344,-1,152910
65,2345,-1,152970
65,2346,-1,153020
65,2347,-1,153045
65,2348,-1,153110
65,2349,-1,153150
65,2350,-1,153220
65,2351,-1,153255
65,2352,-1,153260
65,2353,-1,153395
65,2354,-1,153495
65,2355,-1,153550
65,2356,-1,153655
65,2358,-2,153780
65,2359,-1,153860
65,2360,-1,153865
65,2361,-1,153985
65,2362,-1,154125
65,2364,-2,154200
65,2365,-1,154465
65,2366,-1,154540
65,2367,-1,154590
65,2368,-1,154595
65,2369,-1,154700
65,2370,-1,154705
65,2371,-1,154830
65,2372,-1,154835
65,2373,-1,154930
65,2374,-1,155040
65,2375,-1,155130
65,2376,-1,155175
65,2377,-1,155180
65,2378,-1,155260
65,2379,-1,155310
65,2380,-1,155365
65,2381,-1,155475
65,2382,-1,155525
65,2383,-1,155590
65,2384,-1,155750
65,2385,-1,155845
65,2386,-1,155850
65,2387,-1,155855
65,2388,-1,155965
66,2388,1.196078,156020
66,2389,-1,156110
66,2390,-1,156115
66,2391,-1,156240
66,2392,-1,156245
66,2393,-1,156300
66,2394,-1,156305
66,2395,-1,156380
66,2396,-1,156595
66,2397,-1,156615
66,2398,-1,156655
66,2399,-1,156740
66,2400,-1,156745
66,2401,-1,156750
66,2402,-1,156880
66,2403,-1,156885
66,2404,-1,156890
66,2405,-1,156960
66,2406,-1,157075
66,2407,-1,157165
66,2408,-1,157170
66,2409,-1,157175
66,2410,-1,157180
66,2411,-1,157220
66,2412,-1,157225
66,2413,-1,157270
66,2414,-1,157275
66,2415,-1,157315
66,2416,-1,157365
66,2417,-1,157390
66,2418,-1,157450
66,2419,-1,157620
66,2420,-1,157715
66,2421,-1,157720
66,2422,-1,157780
66,2423,-1,157830
66,2424,-1,157910
66,2425,-1,157975
66,2426,-1,158035
66,2427,-1,158150
66,2428,-1,158190
66,2429,-1,158240
66,2430,-1,158300
66,2431,-1,158320
67,2431,1.078125,158450
67,2432,-1,158510
67,2433,-1,158515
67,2434,-1,158575
67,2435,-1,158650
67,2436,-1,158700
67,2437,-1,158760
67,2438,-1,158765
67,2439,-1,158845
67,2440,-1,158885
67,2441,-1,158890
67,2442,-1,158895
67,2443,-1,158930
67,2444,-1,158935
67,2445,-1,158940
67,2446,-1,159055
67,2447,-1,159110
67,2448,-1,159175
67,2449,-1,159260
67,2450,-1,159385
67,2451,-1,159435
67,2452,-1,159530
67,2453,-1,159600
67,2454,-1,159660
67,2455,-1,159740
67,2456,-1,159805
67,2457,-1,159865
68,2457,1.045249,160090
68,2458,-1,160095
68,2459,-1,160155
68,2460,-1,160275
68,2461,-1,160415
68,2462,-1,160655
69,2462,1.163934,160720
69,2463,-1,160815
69,2464,-1,160850
69,2465,-1,160910
69,2466,-1,161025
69,2467,-1,161135
69,2468,-1,161140
69,2469,-1,161215
69,2470,-1,161270
69,2471,-1,161275
69,2472,-1,161340
69,2473,-1,161345
69,2474,-1,161390
69,2475,-1,161395
69,2476,-1,161445
69,2477,-1,161450
69,2478,-1,161525
69,2479,-1,161660
69,2480,-1,161785
69,2481,-1,161875
69,2482,-1,161950
69,2483,-1,162035
69,2484,-1,162215
69,2485,-1,162245
70,2485,1.149254,162315
70,2486,-1,162365
70,2487,-1,162485
70,2488,-1,162545
70,2489,-1,162645
70,2490,-1,162715
70,2491,-1,162800
70,2492,-1,162840
70,2493,-1,162920
70,2494,-1,162925
70,2495,-1,163115
70,2496,-1,163170
70,2497,-1,163260
70,2498,-1,163305
70,2499,-1,163310
70,2500,-1,163335
70,2501,-1,163435
70,2502,-1,163440
70,2503,-1,163565
70,2504,-1,163610
70,2505,-1,163720
70,2506,-1,163800
70,2507,-1,163860
70,2508,-1,163915
70,2509,-1,163995
70,2510,-1,164000
70,2511,-1,164150
70,2512,-1,164155
70,2513,-1,164215
70,2514,-1,164270
70,2515,-1,164390
70,2516,-1,164395
70,2517,-1,164400
70,2518,-1,164505
70,2519,-1,164605
70,2520,-1,164715
70,2521,-1,164790
70,2522,-1,164890
70,2523,-1,165000
70,2524,-1,165005
70,2525,-1,165075
70,2526,-1,165080
70,2527,-1,165180
70,2528,-1,165345
70,2529,-1,165390
70,2530,-1,165435
70,2531,-1,165525
70,2532,-1,165650
70,2533,-1,165655
70,2534,-1,165720
70,2535,-1,165780
70,2536,-1,165785
70,2537,-1,165790
70,2538,-1,165875
70,2539,-1,165950
70,2540,-1,166070
70,2541,-1,166110
70,2542,-1,166265
70,2543,-1,166345
70,2544,-1,166350
70,2545,-1,166405
70,2546,-1,166440
70,2547,-1,166665
70,2548,-1,166670
70,2549,-1,166675
70,2550,-1,166680
70,2551,-1,166770
70,2552,-1,166825
70,2553,-1,166930
70,2554,-1,166995
70,2555,-1,167000
70,2556,-1,167005
70,2557,-1,167140
70,2558,-1,167145
70,2559,-1,167295
70,2560,-1,167415
70,2561,-1,167470
70,2562,-1,167555
70,2563,-1,167560
71,2563,1.065359,167715
71,2564,-1,167820
71,2565,-1,168010
71,2566,-1,168060
71,2567,-1,168140
71,2568,-1,168330
71,2569,-1,168435
71,2570,-1,168440
72,2570,1.196078,168495
72,2571,-1,168500
72,2572,-1,168590
72,2573,-1,168595
72,2574,-1,168645
72,2575,-1,168650
72,2576,-1,168785
72,2577,-1,168910
72,2578,-1,168915
72,2579,-1,168920
72,2580,-1,168945
72,2581,-1,169000
72,2582,-1,169075
72,2583,-1,169080
72,2584,-1,169140
72,2585,-1,169205
72,2586,-1,169210
72,2587,-1,169295
72,2588,-1,169550
72,2589,-1,169595
72,2590,-1,169600
72,2591,-1,169690
72,2592,-1,169810
72,2593,-1,169930
72,2594,-1,169990
72,2595,-1,170045
72,2596,-1,170050
72,2597,-1,170065
72,2598,-1,170070
72,2599,-1,170140
72,2600,-1,170345
72,2601,-1,170410
72,2602,-1,170450
72,2603,-1,170455
72,2604,-1,170460
72,2605,-1,170465
72,2606,-1,170515
72,2607,-1,170520
72,2608,-1,170580
72,2610,-2,170655
72,2611,-1,170715
72,2612,-1,170720
72,2613,-1,170800
72,2614,-1,170870
72,2615,-1,171000
72,2616,-1,171095
72,2617,-1,171130
72,2618,-1,171135
72,2619,-1,171215
72,2620,-1,171280
72,2621,-1,171445
72,2622,-1,171505
72,2623,-1,171510
72,2625,-2,171575
72,2626,-1,171670
72,2627,-1,171675
72,2628,-1,171745
72,2629,-1,171850
72,2630,-1,171855
72,2631,-1,171915
72,2632,-1,172050
72,2633,-1,172220
72,2634,-1,172225
72,2635,-1,172230
72,2636,-1,172235
72,2637,-1,172325
72,2638,-1,172330
72,2639,-1,172610
72,2640,-1,172660
72,2641,-1,172775
72,2642,-1,172845
72,2643,-1,172930
72,2644,-1,172955
72,2645,-1,173010
72,2646,-1,173070
72,2647,-1,173190
72,2648,-1,173195
72,2649,-1,173230
72,2650,-1,173355
72,2651,-1,173410
72,2652,-1,173565
72,2653,-1,173570
72,2654,-1,173670
72,2655,-1,173710
72,2656,-1,173750
72,2657,-1,173755
72,2658,-1,173760
72,2659,-1,173790
72,2660,-1,173795
72,2661,-1,173800
72,2662,-1,173925
73,2662,1.052632,174115
73,2663,-1,174120
73,2664,-1,174125
73,2665,-1,174170
73,2666,-1,174280
73,2667,-1,174285
73,2668,-1,174395
73,2669,-1,174520
73,2670,-1,174655
73,2671,-1,174770
73,2672,-1,174775
73,2673,-1,174850
73,2674,-1,174895
73,2675,-1,174925
73,2676,-1,175055
73,2677,-1,175145
73,2678,-1,175290
73,2679,-1,175345
73,2680,-1,175415
73,2681,-1,175420
73,2682,-1,175540
73,2683,-1,175600
73,2684,-1,175665
73,2685,-1,175730
73,2686,-1,175785
73,2687,-1,175890
73,2689,-2,175950
73,2690,-1,176010
74,2690,1.03876,176270
74,2691,-1,176300
74,2692,-1,176360
74,2693,-1,176520
74,2694,-1,176580
74,2695,-1,176660
74,2696,-1,176730
74,2697,-1,176795
74,2698,-1,176835
74,2699,-1,176840
74,2700,-1,176965
74,2701,-1,177100
74,2702,-1,177130
75,2702,1.072464,177270
75,2703,-1,177315
75,2704,-1,177320
75,2705,-1,177380
75,2706,-1,177445
75,2707,-1,177485
75,2708,-1,177655
75,2709,-1,177780
75,2710,-1,177920
75,2711,-1,178020
75,2712,-1,178140
75,2713,-1,178170
75,2714,-1,178175
75,2715,-1,178270
75,2716,-1,178345
75,2717,-1,178350
75,2718,-1,178405
75,2719,-1,178465
75,2720,-1,178470
75,2721,-1,178475
75,2722,-1,178495
75,2723,-1,178555
75,2724,-1,178610
75,2725,-1,178650
75,2726,-1,178790
75,2727,-1,178850
75,2728,-1,178885
75,2729,-1,178890
75,2730,-1,178910
75,2731,-1,178915
75,2732,-1,179055
75,2733,-1,179115
75,2734,-1,179280
75,2735,-1,179385
75,2736,-1,179390
75,2737,-1,179415
75,2738,-1,179475
75,2739,-1,179610
75,2740,-1,179710
75,2741,-1,179860
75,2742,-1,179915
75,2743,-1,180030
75,2744,-1,180035
75,2745,-1,180065
75,2746,-1,180105
75,2747,-1,180165
75,2748,-1,180170
75,2749,-1,180225
75,2750,-1,180290
75,2751,-1,180375
75,2752,-1,180430
75,2753,-1,180480
75,2754,-1,180540
75,2755,-1,180635
75,2756,-1,180750
75,2757,-1,180755
75,2759,-2,180825
75,2760,-1,181020
75,2761,-1,181430
75,2762,-1,181465
75,2763,-1,181525
75,2764,-1,181760
76,2764,1.169492,181820
76,2765,-1,181890
76,2766,-1,181975
76,2767,-1,182025
76,2768,-1,182110
76,2769,-1,182180
76,2770,-1,182235
76,2771,-1,182295
76,2772,-1,182525
76,2774,-2,182585
76,2775,-1,182660
76,2776,-1,182775
76,2777,-1,182890
76,2778,-1,182895
76,2779,-1,182995
76,2780,-1,183070
76,2781,-1,183155
76,2782,-1,183220
76,2783,-1,183340
76,2784,-1,183345
76,2785,-1,183420
76,2786,-1,183495
76,2787,-1,183630
76,2788,-1,183730
76,2789,-1,183735
76,2790,-1,183815
76,2791,-1,183885
76,2792,-1,183945
76,2793,-1,183950
76,2794,-1,184010
76,2795,-1,184190
76,2796,-1,184330
76,2797,-1,184435
76,2798,-1,184555
76,2799,-1,184560
76,2800,-1,184615
76,2801,-1,184620
76,2802,-1,184625
76,2803,-1,184660
76,2804,-1,184785
76,2805,-1,184885
76,2806,-1,184905
76,2807,-1,184945
76,2808,-1,185015
76,2809,-1,185025
76,2810,-1,185030
76,2811,-1,185105
76,2812,-1,185150
76,2813,-1,185355
76,2814,-1,185445
76,2815,-1,185495
76,2816,-1,185530
76,2817,-1,185590
76,2818,-1,185685
76,2819,-1,185690
76,2820,-1,185775
76,2821,-1,185850
76,2822,-1,185855
76,2823,-1,185935
76,2824,-1,185950
76,2825,-1,186005
76,2826,-1,186010
76,2827,-1,186085
76,2828,-1,186105
76,2829,-1,186110
76,2830,-1,186115
76,2831,-1,186175
76,2832,-1,186240
76,2833,-1,186300
76,2834,-1,186370
76,2835,-1,186375
76,2836,-1,186465
76,2837,-1,186580
76,2838,-1,186635
76,2839,-1,186725
76,2840,-1,186780
76,2841,-1,186850
76,2842,-1,186925
76,2843,-1,187020
76,2844,-1,187025
76,2845,-1,187090
76,2846,-1,187185
76,2847,-1,187260
76,2848,-1,187310
76,2849,-1,187370
76,2850,-1,187490
76,2851,-1,187535
76,2852,-1,187625
76,2853,-1,187630
76,2854,-1,187635
76,2855,-1,187705
76,2856,-1,187820
76,2857,-1,188010
76,2858,-1,188180
76,2859,-1,188255
76,2860,-1,188260
76,2861,-1,188345
76,2862,-1,188395
76,2863,-1,188455
76,2864,-1,188460
76,2865,-1,188500
76,2866,-1,188505
76,2867,-1,188535
76,2868,-1,188595
76,2869,-1,188650
76,2870,-1,188680
76,2871,-1,188685
76,2872,-1,188860
76,2874,-2,188920
76,2875,-1,188925
76,2876,-1,189025
76,2877,-1,189030
76,2878,-1,189090
76,2879,-1,189205
76,2880,-1,189320
76,2881,-1,189325
76,2882,-1,189360
76,2883,-1,189460
76,2884,-1,189495
76,2885,-1,189550
76,2886,-1,189590
76,2887,-1,189595
76,2888,-1,189715
76,2889,-1,189720
76,2890,-1,189725
76,2891,-1,189730
76,2892,-1,189800
76,2893,-1,189850
76,2894,-1,189920
76,2896,-2,189985
76,2897,-1,190045
76,2898,-1,190170
76,2899,-1,190215
76,2900,-1,190265
76,2901,-1,190270
76,2902,-1,190310
76,2903,-1,190315
76,2904,-1,190320
76,2905,-1,190530
76,2906,-1,190720
76,2907,-1,190855
76,2908,-1,190915
76,2909,-1,190920
76,2910,-1,191005
76,2911,-1,191010
76,2912,-1,191025
76,2913,-1,191145
76,2914,-1,191210
76,2915,-1,191350
76,2916,-1,191420
76,2917,-1,191535
76,2918,-1,191625
76,2919,-1,191790
76,2920,-1,191855
76,2921,-1,191900
76,2922,-1,191905
76,2923,-1,191940
76,2924,-1,192075
76,2925,-1,192080
76,2926,-1,192175
76,2927,-1,192240
76,2928,-1,192280
77,2928,1.054054,192465
77,2929,-1,192525
77,2930,-1,192540
77,2931,-1,192585
77,2932,-1,192590
77,2933,-1,192635
77,2934,-1,192790
77,2935,-1,192835
77,2936,-1,192875
77,2937,-1,192935
77,2938,-1,193095
77,2939,-1,193100
77,2940,-1,193220
77,2941,-1,193225
77,2942,-1,193295
77,2943,-1,193300
77,2944,-1,193420
77,2945,-1,193490
77,2946,-1,193495
77,2947,-1,193595
77,2948,-1,193655
77,2949,-1,193715
77,2950,-1,193885
77,2951,-1,193945
77,2952,-1,193950
77,2953,-1,194045
77,2954,-1,194095
77,2955,-1,194175
77,2956,-1,194225
77,2957,-1,194295
77,2958,-1,194360
77,2959,-1,194420
77,2961,-2,194500
77,2962,-1,194575
77,2963,-1,194675
77,2964,-1,194680
77,2965,-1,194840
77,2966,-1,194960
77,2967,-1,195010
77,2968,-1,195075
77,2969,-1,195230
77,2970,-1,195265
77,2971,-1,195340
77,2972,-1,195390
77,2973,-1,195395
77,2974,-1,195490
77,2975,-1,195525
77,2976,-1,195585
77,2977,-1,195630
77,2978,-1,195720
77,2979,-1,195770
77,2980,-1,195805
77,2981,-1,195955
77,2982,-1,196025
77,2983,-1,196030
77,2984,-1,196035
77,2985,-1,196110
77,2986,-1,196155
78,2986,1.178571,196215
78,2987,-1,196280
78,2988,-1,196335
78,2989,-1,196340
79,2989,1.089286,196455
79,2990,-1,196520
79,2991,-1,196545
79,2992,-1,196660
79,2993,-1,196705
79,2994,-1,196770
79,2995,-1,196775
79,2996,-1,196810
79,2997,-1,196865
79,2998,-1,196915
79,2999,-1,196975
79,3000,-1,197030
79,3001,-1,197035
79,3002,-1,197090
79,3003,-1,197205
79,3004,-1,197235
79,3005,-1,197240
79,3006,-1,197340
79,3007,-1,197470
79,3008,-1,197575
79,3009,-1,197700
79,3010,-1,197775
79,3011,-1,197780
79,3012,-1,197830
79,3013,-1,197890
80,3013,1.116279,197980
80,3015,-2,198040
80,3016,-1,198105
81,3016,1.119048,198190
81,3017,-1,198195
81,3018,-1,198250
81,3019,-1,198465
81,3020,-1,198470
81,3021,-1,198540
81,3022,-1,198545
81,3023,-1,198585
81,3024,-1,198590
81,3025,-1,198695
81,3026,-1,198760
82,3026,1.072464,198900
82,3027,-1,199005
82,3028,-1,199050
82,3029,-1,199115
82,3030,-1,199120
82,3031,-1,199125
82,3032,-1,199185
82,3033,-1,199190
82,3034,-1,199315
82,3035,-1,199360
82,3036,-1,199405
82,3037,-1,199440
82,3039,-2,199500
82,3040,-1,199745
82,3041,-1,199750
82,3042,-1,199755
82,3043,-1,199865
83,3043,1.050761,200065
83,3044,-1,200195
83,3045,-1,200240
83,3046,-1,200245
84,3046,1.086957,200360
84,3047,-1,200535
84,3048,-1,200540
84,3049,-1,200635
84,3050,-1,200640
84,3051,-1,200695
84,3052,-1,200700
84,3053,-1,200730
84,3054,-1,200825
84,3055,-1,200865
84,3056,-1,200970
84,3057,-1,200975
84,3058,-1,201020
84,3059,-1,201025
84,3060,-1,201105
84,3061,-1,201180
84,3062,-1,201240
84,3063,-1,201295
84,3064,-1,201415
84,3065,-1,201515
84,3066,-1,201685
84,3067,-1,201690
84,3068,-1,201745
84,3069,-1,201800
84,3070,-1,201880
84,3071,-1,201940
84,3072,-1,202245
84,3073,-1,202400
84,3074,-1,202535
84,3075,-1,202605
84,3076,-1,202680
84,3077,-1,202685
84,3078,-1,202690
84,3079,-1,202745
84,3080,-1,202790
84,3081,-1,202890
84,3083,-2,203010
84,3085,-2,203075
84,3086,-1,203185
84,3087,-1,203325
84,3088,-1,203395
84,3089,-1,203505
84,3090,-1,203605
84,3091,-1,203705
84,3092,-1,203710
84,3093,-1,203765
84,3094,-1,203770
84,3095,-1,204005
84,3096,-1,204010
84,3097,-1,204015
84,3098,-1,204075
84,3099,-1,204080
84,3100,-1,204255
84,3101,-1,204260
84,3102,-1,204325
84,3103,-1,204580
84,3104,-1,204630
85,3104,1.149254,204700
85,3105,-1,204760
85,3106,-1,205060
85,3107,-1,205065
85,3108,-1,205070
85,3109,-1,205200
85,3110,-1,205205
85,3111,-1,205260
85,3112,-1,205330
85,3113,-1,205335
85,3114,-1,205415
85,3115,-1,205420
85,3116,-1,205485
85,3117,-1,205535
85,3118,-1,205540
85,3119,-1,205545
85,3120,-1,205580
85,3121,-1,205670
85,3122,-1,205725
85,3123,-1,205765
85,3124,-1,205770
85,3126,-2,205895
85,3127,-1,206050
85,3128,-1,206055
85,3129,-1,206110
85,3130,-1,206370
85,3131,-1,206400
85,3132,-1,206405
85,3133,-1,206485
85,3134,-1,206515
85,3135,-1,206575
85,3136,-1,206725
86,3136,1.074074,206860
86,3137,-1,206925
86,3138,-1,207050
86,3139,-1,207155
86,3140,-1,207230
86,3141,-1,207265
87,3141,1.084034,207385
87,3143,-2,207505
87,3144,-1,207510
87,3145,-1,207570
87,3146,-1,207695
87,3147,-1,207860
88,3147,1.05291,208050
88,3148,-1,208055
88,3149,-1,208100
88,3150,-1,208105
88,3151,-1,208175
88,3152,-1,208270
88,3153,-1,208345
88,3154,-1,208435
88,3155,-1,208555
88,3156,-1,208660
88,3157,-1,208730
88,3158,-1,208735
88,3159,-1,208740
89,3159,1.071429,208880
89,3160,-1,208970
89,3161,-1,209025
89,3162,-1,209030
89,3164,-2,209090
89,3165,-1,209095
89,3166,-1,209100
89,3167,-1,209205
89,3168,-1,209260
89,3169,-1,209385
89,3170,-1,209390
89,3171,-1,209450
89,3172,-1,209455
89,3173,-1,209535
89,3174,-1,209635
89,3176,-2,209700
89,3177,-1,209775
89,3178,-1,209825
89,3179,-1,209830
89,3180,-1,209905
89,3181,-1,209955
89,3182,-1,209990
89,3183,-1,210050
89,3184,-1,210305
89,3185,-1,210640
89,3186,-1,210645
89,3187,-1,210650
89,3188,-1,210895
89,3189,-1,210965
89,3191,-2,211110
89,3192,-1,211170
89,3193,-1,211215
89,3194,-1,211220
89,3195,-1,211285
89,3196,-1,211420
89,3197,-1,211515
89,3198,-1,211705
89,3199,-1,211710
89,3200,-1,211740
89,3201,-1,211775
89,3202,-1,211870
89,3203,-1,211875
89,3204,-1,211880
89,3205,-1,211940
89,3206,-1,212105
89,3207,-1,212175
89,3208,-1,212180
89,3209,-1,212295
89,3210,-1,212380
89,3211,-1,212575
89,3212,-1,212610
89,3213,-1,212615
89,3214,-1,212795
89,3215,-1,212905
89,3216,-1,212965
89,3217,-1,212970
89,3218,-1,213035
89,3219,-1,213075
89,3220,-1,213165
89,3221,-1,213300
89,3222,-1,213305
89,3223,-1,213310
89,3224,-1,213365
89,3225,-1,213500
89,3226,-1,213545
89,3227,-1,213600
89,3229,-2,213675
89,3230,-1,213680
89,3231,-1,213725
90,3231,1.123457,213810
90,3232,-1,213845
90,3233,-1,213850
90,3234,-1,213925
90,3235,-1,213990
90,3236,-1,214070
90,3237,-1,214110
90,3238,-1,214115
90,3239,-1,214175
90,3240,-1,214240
90,3241,-1,214305
90,3242,-1,214310
90,3243,-1,214315
90,3244,-1,214375
90,3245,-1,214435
90,3246,-1,214440
90,3247,-1,214445
90,3248,-1,214520
90,3249,-1,214595
90,3250,-1,214600
90,3251,-1,214630
91,3251,1.065789,214785
91,3252,-1,214825
91,3253,-1,214890
91,3254,-1,214975
91,3255,-1,214980
91,3256,-1,215045
91,3257,-1,215175
91,3258,-1,215245
91,3259,-1,215250
91,3260,-1,215375
91,3261,-1,215380
91,3262,-1,215450
91,3263,-1,215510
91,3264,-1,215610
91,3265,-1,215660
91,3266,-1,215715
91,3267,-1,215770
91,3268,-1,215830
91,3269,-1,215835
91,3270,-1,215900
91,3271,-1,216020
91,3272,-1,216135
92,3272,1.055556,216315
92,3274,-2,216435
92,3275,-1,216495
92,3276,-1,216595
92,3277,-1,216740
92,3278,-1,216795
92,3279,-1,216935
92,3280,-1,217055
92,3281,-1,217105
92,3282,-1,217130
92,3283,-1,217135
92,3284,-1,217205
92,3285,-1,217285
92,3286,-1,217360
92,3287,-1,217450
92,3288,-1,217455
92,3289,-1,217515
92,3290,-1,217570
92,3291,-1,217605
92,3292,-1,217650
92,3293,-1,217765
92,3294,-1,217830
92,3295,-1,217875
92,3296,-1,217955
92,3297,-1,218010
92,3298,-1,218015
92,3299,-1,218085
92,3301,-2,218150
92,3302,-1,218155
92,3303,-1,218175
92,3305,-2,218235
92,3306,-1,218240
92,3307,-1,218425
92,3308,-1,218495
92,3309,-1,218555
92,3310,-1,218560
92,3311,-1,218685
92,3312,-1,218735
92,3313,-1,218785
92,3315,-2,218855
92,3316,-1,218915
92,3317,-1,219000
92,3318,-1,219115
92,3319,-1,219215
92,3320,-1,219310
92,3321,-1,219315
92,3322,-1,219370
92,3323,-1,219425
92,3324,-1,219550
92,3325,-1,219605
92,3326,-1,219650
92,3327,-1,219725
92,3328,-1,219730
92,3329,-1,219800
92,3330,-1,219885
92,3331,-1,219915
92,3332,-1,219920
92,3333,-1,219965
92,3334,-1,220020
92,3335,-1,220025
92,3336,-1,220080
92,3337,-1,220190
92,3338,-1,220195
92,3339,-1,220395
92,3340,-1,220400
92,3341,-1,220405
92,3342,-1,220410
92,3343,-1,220465
92,3344,-1,220500
92,3345,-1,220605
92,3346,-1,220610
92,3348,-2,220670
92,3349,-1,220705
92,3350,-1,220880
92,3351,-1,220885
92,3352,-1,221015
92,3353,-1,221020
92,3354,-1,221120
92,3355,-1,221155
92,3356,-1,221205
92,3357,-1,221275
92,3358,-1,221335
92,3359,-1,221450
92,3360,-1,221455
92,3361,-1,221505
92,3362,-1,221565
93,3362,1.074074,221700
93,3363,-1,221765
94,3363,1.181818,221820
94,3364,-1,221915
94,3365,-1,221980
94,3366,-1,222020
94,3367,-1,222025
94,3368,-1,222090
94,3369,-1,222095
94,3370,-1,222225
94,3371,-1,222275
94,3372,-1,222380
94,3373,-1,222385
94,3374,-1,222565
94,3375,-1,222570
94,3376,-1,222575
94,3377,-1,222760
94,3378,-1,222810
94,3379,-1,222870
94,3380,-1,222930
94,3381,-1,223030
94,3382,-1,223135
94,3383,-1,223235
94,3384,-1,223295
94,3385,-1,223330
94,3386,-1,223380
94,3388,-2,223440
95,3388,1.081967,223565
95,3389,-1,223610
95,3390,-1,223670
95,3391,-1,223675
95,3392,-1,223680
95,3393,-1,223685
95,3394,-1,223690
95,3395,-1,223695
96,3395,1.037594,223965
96,3396,-1,224025
97,3396,1.046296,224245
97,3397,-1,224345
97,3398,-1,224440
97,3399,-1,224445
97,3400,-1,224495
97,3401,-1,224545
97,3402,-1,224600
97,3404,-2,224660
97,3405,-1,224760
97,3406,-1,224805
97,3407,-1,224955
97,3408,-1,225085
97,3409,-1,225205
97,3410,-1,225240
97,3411,-1,225425
97,3412,-1,225565
97,3413,-1,225725
97,3415,-2,225790
97,3416,-1,225895
97,3417,-1,226040
97,3418,-1,226105
97,3419,-1,226140
97,3420,-1,226205
97,3421,-1,226245
97,3422,-1,226370
97,3423,-1,226375
97,3424,-1,226380
97,3425,-1,226385
97,3426,-1,226470
97,3427,-1,226530
97,3428,-1,226590
97,3429,-1,226700
97,3430,-1,226765
97,3431,-1,226770
97,3432,-1,226800
97,3433,-1,226895
97,3434,-1,227030
97,3435,-1,227170
97,3436,-1,227175
97,3437,-1,227360
97,3438,-1,227365
98,3438,1.064103,227525
98,3439,-1,227530
98,3440,-1,227600
98,3441,-1,227655
98,3442,-1,227715
98,3443,-1,227785
98,3444,-1,227845
98,3445,-1,227885
98,3446,-1,228015
98,3447,-1,228075
98,3448,-1,228200
98,3449,-1,228205
98,3450,-1,228210
98,3451,-1,228235
98,3452,-1,228330
98,3453,-1,228395
98,3454,-1,228500
98,3455,-1,228505
98,3456,-1,228560
98,3457,-1,228565
98,3458,-1,228595
98,3459,-1,228655
98,3460,-1,228660
98,3461,-1,228665
98,3462,-1,228700
98,3463,-1,228815
98,3464,-1,228875
98,3465,-1,229285
98,3466,-1,229310
98,3467,-1,229355
98,3468,-1,229450
98,3469,-1,229550
98,3470,-1,229735
98,3471,-1,229820
98,3472,-1,229945
98,3473,-1,230050
98,3474,-1,230190
98,3475,-1,230195
98,3476,-1,230230
98,3477,-1,230235
98,3478,-1,230290
98,3479,-1,230415
98,3480,-1,230500
98,3481,-1,230560
98,3482,-1,230710
98,3483,-1,230715
98,3484,-1,230880
98,3485,-1,230955
98,3486,-1,231125
98,3487,-1,231190
98,3488,-1,231255
98,3489,-1,231305
98,3490,-1,231445
98,3491,-1,231510
98,3492,-1,231515
98,3493,-1,231605
98,3494,-1,231665
98,3495,-1,231685
98,3496,-1,231690
98,3497,-1,231790
98,3498,-1,231930
98,3499,-1,231935
98,3500,-1,231995
98,3501,-1,232000
98,3502,-1,232040
98,3503,-1,232045
98,3504,-1,232055
98,3505,-1,232110
98,3506,-1,232170
98,3507,-1,232230
98,3508,-1,232235
98,3509,-1,232285
98,3510,-1,232290
98,3511,-1,232295
98,3512,-1,232390
98,3513,-1,232395
98,3514,-1,232515
98,3515,-1,232520
98,3516,-1,232715
98,3517,-1,232825
98,3518,-1,232865
98,3519,-1,232920
98,3520,-1,232925
98,3521,-1,233020
98,3522,-1,233025
98,3523,-1,233080
98,3524,-1,233125
98,3525,-1,233190
98,3526,-1,233330
98,3527,-1,233455
98,3528,-1,233460
98,3529,-1,233575
98,3530,-1,233700
98,3531,-1,233820
98,3532,-1,233825
98,3533,-1,233965
98,3534,-1,234015
98,3535,-1,234020
98,3536,-1,234070
98,3537,-1,234135
98,3538,-1,234160
98,3539,-1,234260
98,3540,-1,234340
98,3541,-1,234345
98,3542,-1,234350
98,3543,-1,234510
98,3544,-1,234515
98,3545,-1,234595
98,3546,-1,234720
98,3547,-1,234770
98,3548,-1,234870
98,3549,-1,235010
98,3550,-1,235145
98,3551,-1,235210
98,3552,-1,235280
98,3553,-1,235335
98,3554,-1,235395
98,3555,-1,235515
98,3556,-1,235520
98,3557,-1,235580
98,3558,-1,235730
98,3559,-1,235735
98,3560,-1,235790
98,3561,-1,235845
98,3562,-1,235850
98,3563,-1,235900
98,3564,-1,235955
98,3565,-1,235960
98,3566,-1,236080
98,3567,-1,236130
98,3568,-1,236190
98,3569,-1,236250
98,3570,-1,236310
98,3571,-1,236315
98,3572,-1,236570
98,3573,-1,236645
98,3574,-1,236720
98,3575,-1,236725
98,3576,-1,236790
98,3577,-1,236855
98,3578,-1,236970
98,3579,-1,236975
98,3580,-1,237050
98,3581,-1,237120
98,3582,-1,237160
98,3583,-1,237250
98,3584,-1,237305
98,3585,-1,237350
98,3586,-1,237355
98,3587,-1,237475
98,3588,-1,237545
98,3590,-2,237605
98,3591,-1,237610
98,3592,-1,237675
98,3593,-1,237835
98,3594,-1,237840
98,3595,-1,237985
98,3596,-1,238035
98,3597,-1,238040
98,3598,-1,238165
98,3599,-1,238170
98,3600,-1,238265
98,3601,-1,238390
98,3602,-1,238395
98,3603,-1,238505
99,3603,1.185185,238560
99,3604,-1,238625
99,3605,-1,238670
99,3606,-1,238735
99,3607,-1,238785
99,3608,-1,238845
99,3609,-1,238980
99,3610,-1,239095
99,3611,-1,239145
99,3612,-1,239150
99,3614,-2,239220
99,3615,-1,239325
99,3616,-1,239440
99,3617,-1,239445
99,3618,-1,239500
99,3619,-1,239705
99,3620,-1,239760
99,3621,-1,239895
99,3622,-1,239900
99,3623,-1,239935
99,3624,-1,240035
99,3625,-1,240105
99,3626,-1,240110
99,3627,-1,240115
99,3628,-1,240175
99,3629,-1,240180
99,3630,-1,240185
99,3631,-1,240245
99,3632,-1,240365
99,3633,-1,240415
99,3634,-1,240535
99,3635,-1,240655
99,3636,-1,240760
99,3637,-1,240830
99,3638,-1,240910
99,3639,-1,240950
99,3640,-1,241070
99,3641,-1,241075
99,3642,-1,241140
99,3643,-1,241245
99,3644,-1,241370
100,3644,1.053763,241560
100,3645,-1,241595
100,3646,-1,241640
100,3647,-1,241730
100,3648,-1,241735
100,3650,-2,241795
100,3651,-1,241800
100,3652,-1,241805
100,3653,-1,241855
100,3654,-1,241970
100,3655,-1,241975
100,3656,-1,242120
100,3657,-1,242125
100,3658,-1,242130
100,3659,-1,242195
100,3660,-1,242370
100,3661,-1,242410
100,3662,-1,242545
100,3663,-1,242680
100,3664,-1,242750
100,3665,-1,242800
100,3666,-1,242865
100,3667,-1,242925
100,3668,-1,243155
100,3669,-1,243205
100,3670,-1,243265
101,3670,1.054348,243450
101,3671,-1,243515
101,3672,-1,243520
101,3673,-1,243575
101,3674,-1,243660
101,3675,-1,243745
101,3676,-1,243770
101,3677,-1,243885
101,3678,-1,243930
101,3679,-1,243935
101,3680,-1,244005
101,3681,-1,244065
101,3682,-1,244150
101,3683,-1,244285
101,3685,-2,244345
101,3686,-1,244470
101,3687,-1,244530
101,3688,-1,244585
101,3689,-1,244590
101,3690,-1,244595
101,3691,-1,244640
101,3692,-1,244645
101,3693,-1,244650
101,3694,-1,244710
101,3695,-1,244800
101,3696,-1,244925
101,3697,-1,244960
101,3698,-1,245045
101,3699,-1,245130
101,3700,-1,245135
101,3701,-1,245140
101,3702,-1,245200
102,3702,1.136986,245275
102,3703,-1,245325
102,3704,-1,245330
102,3705,-1,245390
102,3706,-1,245515
102,3707,-1,245520
102,3708,-1,245650
102,3709,-1,245720
102,3710,-1,245800
102,3711,-1,246110
102,3712,-1,246175
102,3713,-1,246225
102,3714,-1,246280
102,3715,-1,246325
102,3716,-1,246390
102,3717,-1,246485
102,3718,-1,246490
102,3719,-1,246570
102,3720,-1,246575
102,3721,-1,246665
102,3722,-1,246735
102,3723,-1,246765
102,3724,-1,246810
102,3725,-1,246850
102,3726,-1,246975
102,3727,-1,247020
102,3728,-1,247145
102,3729,-1,247250
102,3730,-1,247310
102,3731,-1,247375
102,3732,-1,247380
102,3733,-1,247430
102,3734,-1,247535
102,3735,-1,247690
102,3736,-1,247745
102,3737,-1,247915
102,3738,-1,247965
102,3739,-1,248025
102,3740,-1,248085
103,3740,1.044248,248315
103,3741,-1,248320
103,3742,-1,248360
103,3743,-1,248365
103,3744,-1,248425
103,3745,-1,248495
103,3746,-1,248555
103,3747,-1,248610
103,3748,-1,248615
103,3749,-1,248685
103,3750,-1,248745
103,3751,-1,248795
104,3751,1.030675,249125
104,3752,-1,249130
104,3753,-1,249215
104,3754,-1,249270
104,3755,-1,249275
104,3756,-1,249500
104,3757,-1,249650
104,3758,-1,249765
104,3759,-1,249870
104,3761,-2,249930
104,3762,-1,249975
104,3763,-1,249980
104,3764,-1,249985
