Goals,Deaths,Reward,Step 
0,0,0,0
1,0,1.081967,125
2,0,1.09009,240
2,1,-1,395
3,1,1.062112,560
4,1,1.059172,730
4,2,-1,840
4,3,-1,960
4,4,-1,1085
5,4,1.081967,1210
6,4,1.120482,1295
6,5,-1,1470
6,6,-1,1615
6,7,-1,1780
6,8,-1,1860
6,9,-1,2025
7,9,1.081967,2150
7,10,-1,2255
8,10,1.081967,2380
8,11,-1,2525
8,12,-1,2680
8,13,-1,2780
8,14,-1,2905
8,15,-1,3010
9,15,1.053763,3200
10,15,1.09009,3315
11,15,1.064935,3470
12,15,1.1,3570
13,15,1.105263,3665
14,15,1.123457,3750
14,16,-1,3975
15,16,1.088496,4090
15,17,-1,4290
16,17,1.066667,4440
17,17,1.097087,4545
18,17,1.057804,4720
18,18,-1,4815
19,18,1.096154,4920
20,18,1.113636,5010
21,18,1.09434,5120
22,18,1.107527,5215
22,19,-1,5345
22,20,-1,5505
22,21,-1,5685
23,21,1.086957,5800
23,22,-1,5905
23,23,-1,6015
24,23,1.055249,6200
24,24,-1,6415
24,25,-1,6540
25,25,1.093458,6650
25,26,-1,6770
25,27,-1,6955
25,28,-1,7065
25,29,-1,7185
26,29,1.064103,7345
27,29,1.113636,7435
27,30,-1,7590
27,31,-1,7710
28,31,1.08,7835
28,32,-1,7985
28,33,-1,8110
28,34,-1,8190
29,34,1.091743,8300
30,34,1.083333,8420
30,35,-1,8515
31,35,1.07874,8645
32,35,1.081301,8770
33,35,1.09901,8875
33,36,-1,9010
34,36,1.09009,9125
34,37,-1,9330
34,38,-1,9480
34,39,-1,9620
35,39,1.081967,9745
35,40,-1,9870
35,41,-1,9975
35,42,-1,10070
35,43,-1,10220
35,44,-1,10350
35,45,-1,10520
35,46,-1,10645
36,46,1.09434,10755
36,47,-1,10865
37,47,1.06135,11030
37,48,-1,11125
38,48,1.070423,11270
38,49,-1,11395
39,49,1.054945,11580
39,50,-1,11725
40,50,1.136986,11800
40,51,-1,11965
41,51,1.097087,12070
41,52,-1,12215
42,52,1.123457,12300
42,53,-1,12400
42,54,-1,12505
42,55,-1,12680
42,56,-1,12850
42,57,-1,12955
43,57,1.070423,13100
43,58,-1,13275
43,59,-1,13395
43,60,-1,13520
43,61,-1,13670
43,62,-1,13770
44,62,1.076336,13905
44,63,-1,14070
44,64,-1,14200
44,65,-1,14310
44,66,-1,14425
45,66,1.089286,14540
45,67,-1,14665
46,67,1.1,14765
46,68,-1,14885
46,69,-1,14995
47,69,1.090909,15105
48,69,1.103093,15205
49,69,1.116279,15295
49,70,-1,15440
50,70,1.106383,15535
51,70,1.107527,15630
52,70,1.123457,15715
53,70,1.087719,15830
53,71,-1,15965
54,71,1.053763,16155
54,72,-1,16275
54,73,-1,16385
54,74,-1,16480
54,75,-1,16625
55,75,1.116279,16715
55,76,-1,16855
56,76,1.107527,16950
57,76,1.07874,17080
57,77,-1,17250
58,77,1.046296,17470
58,78,-1,17595
59,78,1.123457,17680
59,79,-1,17765
60,79,1.086957,17880
60,80,-1,17975
60,81,-1,17980
60,82,-1,18095
61,82,1.093458,18205
61,83,-1,18335
61,84,-1,18440
62,84,1.036232,18720
62,85,-1,18840
62,86,-1,18970
63,86,1.081301,19095
63,87,-1,19230
63,88,-1,19475
64,88,1.103093,19575
65,88,1.059172,19745
66,88,1.09009,19860
66,89,-1,19985
67,89,1.068966,20130
68,89,1.052083,20325
68,90,-1,20450
68,91,-1,20570
69,91,1.096154,20675
69,92,-1,20795
69,93,-1,20940
69,94,-1,21065
69,95,-1,21185
70,95,1.111111,21275
71,95,1.090909,21385
72,95,1.105263,21480
72,96,-1,21620
73,96,1.105263,21715
74,96,1.068027,21865
74,97,-1,21965
74,98,-1,22070
74,99,-1,22170
74,100,-1,22310
75,100,1.125,22390
76,100,1.10101,22490
77,100,1.080645,22615
78,100,1.049751,22820
79,100,1.076923,22950
80,100,1.142857,23020
80,101,-1,23120
80,102,-1,23215
81,102,1.116279,23305
82,102,1.1,23405
82,103,-1,23540
83,103,1.074627,23675
83,104,-1,23795
83,105,-1,23945
84,105,1.059524,24115
84,106,-1,24210
85,106,1.071429,24350
86,106,1.117647,24435
86,107,-1,24645
86,108,-1,24730
86,109,-1,24845
87,109,1.092593,24955
88,109,1.1,25055
88,110,-1,25195
88,111,-1,25330
89,111,1.125,25410
90,111,1.090909,25520
91,111,1.09009,25635
91,112,-1,25810
92,112,1.097087,25915
93,112,1.09009,26030
94,112,1.098039,26135
95,112,1.089286,26250
95,113,-1,26480
96,113,1.09434,26590
96,114,-1,26690
97,114,1.068027,26840
98,114,1.114943,26930
99,114,1.083333,27050
99,115,-1,27190
100,115,1.133333,27265
100,116,-1,27385
101,116,1.09009,27500
101,117,-1,27615
101,118,-1,27740
102,118,1.111111,27830
102,119,-1,27940
102,120,-1,28075
103,120,1.09009,28190
104,120,1.108696,28285
105,120,1.096154,28390
106,120,1.086207,28510
106,121,-1,28620
107,121,1.105263,28715
107,122,-1,28845
107,123,-1,29010
107,124,-1,29130
107,125,-1,29290
108,125,1.119048,29375
109,125,1.075758,29510
109,126,-1,29695
109,127,-1,29820
110,127,1.080645,29945
111,127,1.087719,30060
112,127,1.1,30160
112,128,-1,30300
113,128,1.113636,30390
113,129,-1,30500
113,130,-1,30715
114,130,1.068027,30865
114,131,-1,30950
114,132,-1,31075
115,132,1.097087,31180
115,133,-1,31310
115,134,-1,31450
115,135,-1,31575
115,136,-1,31710
116,136,1.090909,31820
117,136,1.089286,31935
117,137,-1,32060
118,137,1.084746,32180
118,138,-1,32355
118,139,-1,32485
119,139,1.088496,32600
119,140,-1,32725
120,140,1.03876,32985
120,141,-1,33140
120,142,-1,33350
120,143,-1,33460
120,144,-1,33575
121,144,1.103093,33675
121,145,-1,33775
122,145,1.08547,33895
122,146,-1,34015
122,147,-1,34130
122,148,-1,34315
122,149,-1,34460
122,150,-1,34600
123,150,1.102041,34700
124,150,1.05848,34875
125,150,1.092593,34985
125,151,-1,35100
125,152,-1,35235
126,152,1.060976,35400
127,152,1.113636,35490
128,152,1.117647,35575
129,152,1.077519,35705
129,153,-1,35805
129,154,-1,35965
129,155,-1,36105
129,156,-1,36340
129,157,-1,36475
129,158,-1,36620
129,159,-1,36745
130,159,1.07874,36875
130,160,-1,37065
131,160,1.088496,37180
131,161,-1,37310
131,162,-1,37425
132,162,1.071942,37565
133,162,1.108696,37660
133,163,-1,37820
133,164,-1,37960
134,164,1.071942,38100
134,165,-1,38230
135,165,1.107527,38325
135,166,-1,38500
136,166,1.123457,38585
137,166,1.072464,38725
138,166,1.066667,38875
138,167,-1,38950
139,167,1.075758,39085
140,167,1.078125,39215
141,167,1.111111,39305
141,168,-1,39450
142,168,1.081967,39575
143,168,1.073529,39715
144,168,1.067114,39865
144,169,-1,39975
144,170,-1,40175
144,171,-1,40305
144,172,-1,40430
144,173,-1,40555
145,173,1.128205,40635
145,174,-1,40810
145,175,-1,40985
145,176,-1,41135
145,177,-1,41225
146,177,1.080645,41350
146,178,-1,41495
146,179,-1,41665
146,180,-1,41805
146,181,-1,41920
147,181,1.113636,42010
148,181,1.076336,42145
148,182,-1,42305
148,183,-1,42440
149,183,1.052356,42635
149,184,-1,42740
149,185,-1,42860
150,185,1.147059,42930
151,185,1.120482,43015
151,186,-1,43145
152,186,1.074074,43280
152,187,-1,43410
152,188,-1,43535
152,189,-1,43705
153,189,1.080645,43830
154,189,1.088496,43945
155,189,1.088496,44060
156,189,1.11236,44150
157,189,1.070922,44295
158,189,1.070922,44440
158,190,-1,44570
159,190,1.09434,44680
160,190,1.063694,44840
161,190,1.126582,44920
161,191,-1,45070
161,192,-1,45180
162,192,1.064935,45335
163,192,1.088496,45450
164,192,1.097087,45555
165,192,1.08,45680
166,192,1.082645,45805
167,192,1.10989,45900
167,193,-1,46050
168,193,1.08,46175
169,193,1.075188,46310
169,194,-1,46430
170,194,1.082645,46555
170,195,-1,46680
170,196,-1,46820
171,196,1.10989,46915
171,197,-1,47045
172,197,1.074627,47180
172,198,-1,47295
172,199,-1,47430
173,199,1.096154,47535
173,200,-1,47700
174,200,1.06993,47845
175,200,1.09009,47960
175,201,-1,48095
176,201,1.090909,48205
177,201,1.048309,48415
177,202,-1,48545
178,202,1.095238,48650
178,203,-1,48755
179,203,1.065359,48910
180,203,1.075188,49045
180,204,-1,49130
181,204,1.116279,49220
181,205,-1,49370
181,206,-1,49470
181,207,-1,49580
181,208,-1,49705
181,209,-1,49835
181,210,-1,50010
182,210,1.065789,50165
182,211,-1,50325
183,211,1.106383,50420
184,211,1.113636,50510
184,212,-1,50630
184,213,-1,50735
184,214,-1,50860
184,215,-1,50985
185,215,1.082645,51110
186,215,1.117647,51195
186,216,-1,51385
186,217,-1,51500
186,218,-1,51670
186,219,-1,51825
186,220,-1,51955
186,221,-1,52050
187,221,1.111111,52140
188,221,1.10101,52240
188,222,-1,52365
188,223,-1,52465
188,224,-1,52665
188,225,-1,52790
189,225,1.063291,52950
190,225,1.1,53050
190,226,-1,53190
191,226,1.09009,53305
191,227,-1,53470
191,228,-1,53610
192,228,1.064103,53770
192,229,-1,53900
192,230,-1,54030
193,230,1.074627,54165
193,231,-1,54355
193,232,-1,54450
193,233,-1,54595
194,233,1.060241,54765
195,233,1.048544,54975
195,234,-1,55130
195,235,-1,55275
196,235,1.06135,55440
196,236,-1,55570
197,236,1.067568,55720
197,237,-1,56005
198,237,1.105263,56100
199,237,1.081967,56225
200,237,1.117647,56310
200,238,-1,56420
200,239,-1,56570
201,239,1.056818,56750
201,240,-1,56920
201,241,-1,57035
201,242,-1,57175
201,243,-1,57280
201,244,-1,57385
202,244,1.064935,57540
202,245,-1,57640
203,245,1.091743,57750
203,246,-1,57875
204,246,1.053763,58065
204,247,-1,58270
205,247,1.092593,58380
205,248,-1,58555
206,248,1.082645,58680
206,249,-1,58755
207,249,1.117647,58840
207,250,-1,58975
207,251,-1,59090
208,251,1.076923,59220
209,251,1.060241,59390
209,252,-1,59535
209,253,-1,59670
210,253,1.125,59750
210,254,-1,59755
211,254,1.060606,59920
211,255,-1,60065
212,255,1.142857,60135
213,255,1.084746,60255
213,256,-1,60370
214,256,1.09434,60480
215,256,1.072993,60620
215,257,-1,60765
216,257,1.083333,60885
217,257,1.126582,60965
218,257,1.116279,61055
219,257,1.063291,61215
219,258,-1,61355
220,258,1.060606,61520
220,259,-1,61610
220,260,-1,61780
221,260,1.068027,61930
221,261,-1,62100
221,262,-1,62230
222,262,1.048077,62440
222,263,-1,62585
222,264,-1,62935
222,265,-1,63065
222,266,-1,63170
222,267,-1,63325
222,268,-1,63450
222,269,-1,63640
222,270,-1,63785
222,271,-1,63885
222,272,-1,64025
222,273,-1,64165
223,273,1.07874,64295
223,274,-1,64395
224,274,1.082645,64520
224,275,-1,64655
224,276,-1,64900
225,276,1.104167,65000
226,276,1.076336,65135
227,276,1.103093,65235
227,277,-1,65340
227,278,-1,65520
227,279,-1,65635
227,280,-1,65805
227,281,-1,66035
228,281,1.056497,66215
229,281,1.075758,66350
229,282,-1,66485
229,283,-1,66615
230,283,1.064516,66770
230,284,-1,66880
231,284,1.09009,66995
231,285,-1,67130
232,285,1.081967,67255
232,286,-1,67390
233,286,1.08547,67510
233,287,-1,67610
233,288,-1,67715
233,289,-1,67820
233,290,-1,67935
234,290,1.062893,68095
234,291,-1,68250
235,291,1.079365,68380
235,292,-1,68510
235,293,-1,68745
236,293,1.091743,68855
236,294,-1,68990
236,295,-1,69075
236,296,-1,69170
236,297,-1,69275
236,298,-1,69405
236,299,-1,69505
237,299,1.065359,69660
238,299,1.078125,69790
238,300,-1,69925
239,300,1.116279,70015
240,300,1.042194,70255
240,301,-1,70505
240,302,-1,70590
241,302,1.120482,70675
242,302,1.105263,70770
242,303,-1,70850
242,304,-1,70955
242,305,-1,71080
243,305,1.106383,71175
243,306,-1,71275
244,306,1.082645,71400
244,307,-1,71500
245,307,1.054645,71685
246,307,1.08547,71805
247,307,1.1,71905
248,307,1.149254,71975
248,308,-1,72100
248,309,-1,72260
248,310,-1,72375
248,311,-1,72515
249,311,1.111111,72605
249,312,-1,72730
250,312,1.075188,72865
250,313,-1,73010
250,314,-1,73215
250,315,-1,73350
250,316,-1,73500
251,316,1.087719,73615
252,316,1.116279,73705
252,317,-1,73850
252,318,-1,73975
252,319,-1,73980
253,319,1.11236,74070
254,319,1.116279,74160
254,320,-1,74290
254,321,-1,74390
255,321,1.078125,74520
256,321,1.092593,74630
257,321,1.069444,74775
258,321,1.082645,74900
258,322,-1,74995
258,323,-1,75130
259,323,1.077519,75260
259,324,-1,75365
259,325,-1,75475
259,326,-1,75630
259,327,-1,75750
259,328,-1,75935
260,328,1.093458,76045
261,328,1.082645,76170
261,329,-1,76285
262,329,1.083333,76405
263,329,1.1,76505
263,330,-1,76660
264,330,1.09901,76765
264,331,-1,76880
265,331,1.060976,77045
266,331,1.133333,77120
266,332,-1,77290
267,332,1.071429,77430
268,332,1.120482,77515
268,333,-1,77710
268,334,-1,77825
269,334,1.123457,77910
269,335,-1,78020
269,336,-1,78145
269,337,-1,78285
269,338,-1,78455
269,339,-1,78585
269,340,-1,78710
270,340,1.149254,78780
271,340,1.117647,78865
271,341,-1,78990
271,342,-1,79140
272,342,1.087719,79255
273,342,1.074074,79390
274,342,1.108696,79485
275,342,1.096154,79590
276,342,1.082645,79715
277,342,1.116279,79805
277,343,-1,79895
278,343,1.082645,80020
279,343,1.079365,80150
279,344,-1,80255
279,345,-1,80500
279,346,-1,80620
280,346,1.098039,80725
280,347,-1,80875
280,348,-1,80975
280,349,-1,81095
280,350,-1,81320
281,350,1.089286,81435
281,351,-1,81565
282,351,1.075188,81700
283,351,1.092593,81810
284,351,1.08547,81930
284,352,-1,82065
284,353,-1,82190
284,354,-1,82270
284,355,-1,82460
285,355,1.054945,82645
285,356,-1,82790
285,357,-1,82965
286,357,1.071429,83105
287,357,1.084746,83225
287,358,-1,83340
287,359,-1,83465
287,360,-1,83580
288,360,1.105263,83675
289,360,1.102041,83775
290,360,1.105263,83870
291,360,1.097087,83975
291,361,-1,84135
291,362,-1,84295
291,363,-1,84450
291,364,-1,84605
291,365,-1,84740
291,366,-1,84910
291,367,-1,85010
291,368,-1,85185
291,369,-1,85335
292,369,1.087719,85450
292,370,-1,85590
292,371,-1,85680
292,372,-1,85815
293,372,1.08547,85935
293,373,-1,86075
293,374,-1,86145
293,375,-1,86280
294,375,1.09434,86390
295,375,1.1,86490
296,375,1.075188,86625
297,375,1.088496,86740
298,375,1.072993,86880
299,375,1.126582,86960
299,376,-1,87180
300,376,1.08547,87300
301,376,1.11236,87390
302,376,1.066225,87545
302,377,-1,87700
302,378,-1,87705
303,378,1.095238,87810
303,379,-1,88000
303,380,-1,88115
303,381,-1,88235
303,382,-1,88335
303,383,-1,88475
303,384,-1,88610
303,385,-1,88740
304,385,1.095238,88845
304,386,-1,88930
305,386,1.083333,89050
305,387,-1,89205
305,388,-1,89385
305,389,-1,89530
306,389,1.076923,89660
306,390,-1,89795
306,391,-1,90015
307,391,1.052632,90205
307,392,-1,90310
308,392,1.103093,90410
308,393,-1,90600
308,394,-1,90720
308,395,-1,90860
308,396,-1,91070
309,396,1.074627,91205
309,397,-1,91315
310,397,1.073529,91455
310,398,-1,91580
310,399,-1,91760
310,400,-1,91850
310,401,-1,91960
310,402,-1,92120
311,402,1.063694,92280
312,402,1.064935,92435
312,403,-1,92540
312,404,-1,92665
312,405,-1,92790
312,406,-1,92905
312,407,-1,93045
312,408,-1,93170
312,409,-1,93310
313,409,1.095238,93415
314,409,1.106383,93510
315,409,1.071429,93650
315,410,-1,93795
315,411,-1,93960
315,412,-1,94140
315,413,-1,94310
316,413,1.067114,94460
316,414,-1,94590
316,415,-1,94705
316,416,-1,94815
316,417,-1,94970
316,418,-1,95140
316,419,-1,95250
316,420,-1,95315
316,421,-1,95450
317,421,1.084746,95570
317,422,-1,95715
317,423,-1,95840
318,423,1.120482,95925
318,424,-1,96035
319,424,1.142857,96105
319,425,-1,96225
319,426,-1,96385
320,426,1.073529,96525
321,426,1.178571,96585
321,427,-1,96700
321,428,-1,96785
321,429,-1,96900
321,430,-1,97020
322,430,1.097087,97125
322,431,-1,97260
323,431,1.097087,97365
323,432,-1,97510
324,432,1.105263,97605
324,433,-1,97730
325,433,1.067568,97880
326,433,1.09434,97990
326,434,-1,98105
327,434,1.068493,98255
327,435,-1,98450
328,435,1.081967,98575
329,435,1.081301,98700
330,435,1.106383,98795
331,435,1.09009,98910
331,436,-1,99070
332,436,1.089286,99185
332,437,-1,99355
332,438,-1,99470
332,439,-1,99610
333,439,1.055249,99795
333,440,-1,99890
334,440,1.102041,99990
334,441,-1,100095
334,442,-1,100220
334,443,-1,100350
334,444,-1,100465
334,445,-1,100565
335,445,1.068493,100715
335,446,-1,100830
336,446,1.103093,100930
336,447,-1,101050
337,447,1.084034,101170
337,448,-1,101270
337,449,-1,101555
337,450,-1,101700
337,451,-1,101855
337,452,-1,101980
337,453,-1,102135
337,454,-1,102255
337,455,-1,102360
338,455,1.09434,102470
339,455,1.066225,102625
339,456,-1,102725
339,457,-1,102880
340,457,1.086207,103000
341,457,1.082645,103125
341,458,-1,103235
341,459,-1,103355
341,460,-1,103455
342,460,1.067568,103605
342,461,-1,103740
342,462,-1,103855
342,463,-1,103950
342,464,-1,104105
343,464,1.086957,104220
343,465,-1,104330
343,466,-1,104500
343,467,-1,104600
344,467,1.097087,104705
344,468,-1,104870
344,469,-1,105035
345,469,1.067114,105185
345,470,-1,105335
346,470,1.037736,105600
347,470,1.10989,105695
347,471,-1,105820
347,472,-1,105945
348,472,1.107527,106040
349,472,1.105263,106135
349,473,-1,106320
349,474,-1,106410
349,475,-1,106530
349,476,-1,106640
350,476,1.113636,106730
351,476,1.062112,106895
352,476,1.082645,107020
353,476,1.074074,107155
354,476,1.072993,107295
354,477,-1,107415
354,478,-1,107525
355,478,1.07874,107655
355,479,-1,107765
355,480,-1,107885
356,480,1.105263,107980
356,481,-1,108165
357,481,1.076336,108300
358,481,1.083333,108420
359,481,1.097087,108525
360,481,1.088496,108640
361,481,1.070423,108785
362,481,1.060606,108950
362,482,-1,109040
363,482,1.08547,109160
363,483,-1,109280
364,483,1.090909,109390
365,483,1.086207,109510
365,484,-1,109645
366,484,1.147059,109715
366,485,-1,109910
367,485,1.08547,110030
368,485,1.088496,110145
368,486,-1,110295
368,487,-1,110440
369,487,1.105263,110535
370,487,1.107527,110630
370,488,-1,110745
371,488,1.120482,110830
371,489,-1,110925
372,489,1.053192,111115
372,490,-1,111300
373,490,1.067114,111450
374,490,1.045662,111670
374,491,-1,111865
374,492,-1,112000
375,492,1.059172,112170
375,493,-1,112280
375,494,-1,112440
376,494,1.102041,112540
377,494,1.076336,112675
377,495,-1,112815
378,495,1.116279,112905
378,496,-1,113070
379,496,1.089286,113185
380,496,1.064516,113340
381,496,1.136986,113415
381,497,-1,113590
382,497,1.104167,113690
382,498,-1,113900
383,498,1.076923,114030
384,498,1.068493,114180
385,498,1.119048,114265
385,499,-1,114425
385,500,-1,114540
386,500,1.08547,114660
386,501,-1,114820
386,502,-1,114965
387,502,1.05848,115140
388,502,1.12987,115220
389,502,1.075188,115355
389,503,-1,115480
390,503,1.10101,115580
390,504,-1,115705
390,505,-1,115875
391,505,1.078125,116005
391,506,-1,116160
391,507,-1,116345
392,507,1.091743,116455
393,507,1.098039,116560
393,508,-1,116670
393,509,-1,116780
394,509,1.105263,116875
394,510,-1,117030
395,510,1.126582,117110
395,511,-1,117230
395,512,-1,117340
396,512,1.084034,117460
397,512,1.081967,117585
397,513,-1,117695
397,514,-1,117800
397,515,-1,117975
397,516,-1,118100
397,517,-1,118390
397,518,-1,118555
397,519,-1,118725
397,520,-1,118945
397,521,-1,119070
397,522,-1,119170
398,522,1.12987,119250
399,522,1.067568,119400
400,522,1.095238,119505
400,523,-1,119630
401,523,1.068493,119780
401,524,-1,119950
401,525,-1,120125
402,525,1.113636,120215
403,525,1.082645,120340
403,526,-1,120495
404,526,1.104167,120595
405,526,1.116279,120685
405,527,-1,120810
406,527,1.102041,120910
407,527,1.088496,121025
407,528,-1,121145
407,529,-1,121335
408,529,1.071942,121475
408,530,-1,121620
408,531,-1,121820
409,531,1.077519,121950
409,532,-1,122160
409,533,-1,122350
409,534,-1,122470
410,534,1.107527,122565
411,534,1.133333,122640
411,535,-1,122810
412,535,1.15873,122875
413,535,1.073529,123015
413,536,-1,123135
414,536,1.095238,123240
415,536,1.059524,123410
415,537,-1,123515
416,537,1.11236,123605
416,538,-1,123715
416,539,-1,123850
417,539,1.056497,124030
418,539,1.083333,124150
419,539,1.046083,124370
420,539,1.084746,124490
420,540,-1,124660
421,540,1.087719,124775
422,540,1.05848,124950
423,540,1.083333,125070
423,541,-1,125205
423,542,-1,125365
424,542,1.067568,125515
424,543,-1,125645
424,544,-1,125790
425,544,1.105263,125885
426,544,1.10989,125980
427,544,1.098039,126085
427,545,-1,126235
427,546,-1,126380
427,547,-1,126505
428,547,1.090909,126615
429,547,1.046512,126830
430,547,1.043103,127065
431,547,1.075188,127200
432,547,1.09434,127310
433,547,1.144928,127380
434,547,1.076923,127510
434,548,-1,127625
435,548,1.07874,127755
435,549,-1,127915
436,549,1.104167,128015
436,550,-1,128245
436,551,-1,128315
436,552,-1,128475
436,553,-1,128620
436,554,-1,128770
436,555,-1,128875
436,556,-1,129070
436,557,-1,129310
437,557,1.10101,129410
437,558,-1,129530
437,559,-1,129700
437,560,-1,129935
437,561,-1,130080
438,561,1.1,130180
438,562,-1,130285
439,562,1.107527,130380
440,562,1.135135,130455
440,563,-1,130590
441,563,1.079365,130720
442,563,1.108696,130815
443,563,1.10101,130915
443,564,-1,131120
443,565,-1,131290
443,566,-1,131430
444,566,1.09434,131540
445,566,1.114943,131630
446,566,1.090909,131740
446,567,-1,131930
447,567,1.120482,132015
448,567,1.077519,132145
448,568,-1,132285
448,569,-1,132415
448,570,-1,132505
449,570,1.072464,132645
450,570,1.075758,132780
450,571,-1,132990
450,572,-1,132995
450,573,-1,133220
451,573,1.088496,133335
451,574,-1,133470
451,575,-1,133705
452,575,1.075758,133840
452,576,-1,133990
453,576,1.106383,134085
453,577,-1,134255
454,577,1.117647,134340
454,578,-1,134595
454,579,-1,134785
455,579,1.069444,134930
456,579,1.104167,135030
456,580,-1,135175
456,581,-1,135350
456,582,-1,135355
456,583,-1,135485
457,583,1.096154,135590
457,584,-1,135710
458,584,1.09901,135815
459,584,1.128205,135895
460,584,1.082645,136020
460,585,-1,136125
461,585,1.077519,136255
462,585,1.086957,136370
462,586,-1,136560
462,587,-1,136695
463,587,1.116279,136785
464,587,1.104167,136885
464,588,-1,136985
465,588,1.107527,137080
466,588,1.076923,137210
466,589,-1,137445
467,589,1.075188,137580
468,589,1.126582,137660
469,589,1.105263,137755
469,590,-1,138000
469,591,-1,138150
470,591,1.106383,138245
471,591,1.063291,138405
471,592,-1,138560
471,593,-1,138705
471,594,-1,138810
472,594,1.051546,139005
472,595,-1,139145
472,596,-1,139315
473,596,1.052083,139510
474,596,1.098039,139615
475,596,1.106383,139710
476,596,1.10101,139810
477,596,1.10989,139905
477,597,-1,140170
478,597,1.09009,140285
479,597,1.106383,140380
480,597,1.076336,140515
481,597,1.045045,140740
481,598,-1,140850
482,598,1.138889,140925
482,599,-1,141040
483,599,1.068966,141185
483,600,-1,141370
483,601,-1,141505
483,602,-1,141655
483,603,-1,141845
484,603,1.097087,141950
485,603,1.046512,142165
486,603,1.070922,142310
487,603,1.071429,142450
488,603,1.077519,142580
488,604,-1,142690
488,605,-1,142840
488,606,-1,142995
489,606,1.09009,143110
490,606,1.102041,143210
490,607,-1,143335
491,607,1.070423,143480
492,607,1.068493,143630
493,607,1.062893,143790
493,608,-1,143905
493,609,-1,144005
494,609,1.121951,144090
494,610,-1,144205
495,610,1.105263,144300
495,611,-1,144420
495,612,-1,144600
495,613,-1,144755
495,614,-1,144900
495,615,-1,145030
495,616,-1,145225
495,617,-1,145315
496,617,1.062112,145480
496,618,-1,145610
496,619,-1,145775
496,620,-1,145870
497,620,1.117647,145955
498,620,1.10101,146055
499,620,1.09434,146165
499,621,-1,146310
500,621,1.071942,146450
501,621,1.086207,146570
502,621,1.116279,146660
502,622,-1,146875
502,623,-1,146995
502,624,-1,147190
502,625,-1,147320
502,626,-1,147395
502,627,-1,147520
503,627,1.071942,147660
504,627,1.12987,147740
505,627,1.10989,147835
506,627,1.090909,147945
507,627,1.10101,148045
508,627,1.056818,148225
509,627,1.088496,148340
509,628,-1,148460
509,629,-1,148600
509,630,-1,148720
509,631,-1,148845
509,632,-1,148985
509,633,-1,149120
509,634,-1,149270
510,634,1.05618,149450
510,635,-1,149670
510,636,-1,149860
511,636,1.093458,149970
511,637,-1,150075
512,637,1.064935,150230
512,638,-1,150350
513,638,1.123457,150435
513,639,-1,150585
514,639,1.068966,150730
515,639,1.11236,150820
515,640,-1,150945
516,640,1.05618,151125
517,640,1.069444,151270
517,641,-1,151455
518,641,1.06135,151620
518,642,-1,151775
519,642,1.074627,151910
519,643,-1,152025
520,643,1.086957,152140
521,643,1.105263,152235
522,643,1.057804,152410
523,643,1.087719,152525
524,643,1.086207,152645
525,643,1.097087,152750
525,644,-1,152925
525,645,-1,153105
526,645,1.107527,153200
527,645,1.086957,153315
527,646,-1,153485
527,647,-1,153600
527,648,-1,153710
528,648,1.119048,153795
528,649,-1,153930
529,649,1.103093,154030
530,649,1.08547,154150
530,650,-1,154275
531,650,1.102041,154375
532,650,1.043103,154610
532,651,-1,154720
533,651,1.075758,154855
534,651,1.076336,154990
535,651,1.076336,155125
535,652,-1,155260
535,653,-1,155400
536,653,1.071429,155540
537,653,1.09009,155655
537,654,-1,155775
538,654,1.116279,155865
538,655,-1,156040
538,656,-1,156180
539,656,1.082645,156305
540,656,1.097087,156410
541,656,1.066667,156560
542,656,1.117647,156645
543,656,1.09009,156760
544,656,1.09009,156875
544,657,-1,157010
545,657,1.105263,157105
545,658,-1,157250
546,658,1.140845,157325
546,659,-1,157440
547,659,1.056818,157620
548,659,1.088496,157735
549,659,1.075188,157870
550,659,1.060976,158035
550,660,-1,158140
551,660,1.0625,158300
551,661,-1,158470
551,662,-1,158560
551,663,-1,158700
551,664,-1,158840
552,664,1.081967,158965
553,664,1.140845,159040
554,664,1.09009,159155
555,664,1.135135,159230
556,664,1.131579,159310
556,665,-1,159465
557,665,1.081301,159590
558,665,1.126582,159670
559,665,1.092593,159780
560,665,1.072464,159920
561,665,1.032787,160225
561,666,-1,160420
561,667,-1,160590
562,667,1.080645,160715
563,667,1.073529,160855
564,667,1.074627,160990
564,668,-1,161110
565,668,1.1,161210
566,668,1.053192,161400
566,669,-1,161525
566,670,-1,161670
567,670,1.055866,161850
568,670,1.117647,161935
569,670,1.086957,162050
570,670,1.058824,162220
570,671,-1,162385
571,671,1.067568,162535
571,672,-1,162795
571,673,-1,162920
572,673,1.095238,163025
572,674,-1,163255
573,674,1.081301,163380
573,675,-1,163500
574,675,1.051813,163695
575,675,1.08547,163815
576,675,1.095238,163920
577,675,1.090909,164030
578,675,1.075758,164165
578,676,-1,164285
578,677,-1,164510
579,677,1.126582,164590
580,677,1.107527,164685
581,677,1.09009,164800
581,678,-1,165005
581,679,-1,165120
582,679,1.091743,165230
582,680,-1,165335
583,680,1.071942,165475
584,680,1.054945,165660
584,681,-1,165810
584,682,-1,165995
584,683,-1,166110
585,683,1.138889,166185
586,683,1.08547,166305
587,683,1.096154,166410
587,684,-1,166535
588,684,1.08,166660
589,684,1.068027,166810
590,684,1.051813,167005
591,684,1.083333,167125
591,685,-1,167235
592,685,1.072464,167375
593,685,1.082645,167500
594,685,1.078125,167630
594,686,-1,167800
594,687,-1,167930
595,687,1.090909,168040
596,687,1.054348,168225
596,688,-1,168335
597,688,1.083333,168455
598,688,1.084034,168575
599,688,1.054054,168760
600,688,1.090909,168870
601,688,1.070423,169015
602,688,1.084746,169135
603,688,1.119048,169220
603,689,-1,169365
604,689,1.108696,169460
604,690,-1,169560
605,690,1.080645,169685
605,691,-1,169795
605,692,-1,169980
606,692,1.064935,170135
607,692,1.108696,170230
607,693,-1,170370
608,693,1.128205,170450
608,694,-1,170555
609,694,1.057804,170730
609,695,-1,170855
610,695,1.064516,171010
611,695,1.09009,171125
611,696,-1,171305
611,697,-1,171495
612,697,1.072993,171635
612,698,-1,171795
613,698,1.056818,171975
614,698,1.08547,172095
615,698,1.105263,172190
615,699,-1,172340
615,700,-1,172545
615,701,-1,172685
616,701,1.089286,172800
616,702,-1,172975
617,702,1.057471,173150
618,702,1.082645,173275
618,703,-1,173430
619,703,1.045249,173655
620,703,1.114943,173745
620,704,-1,173875
620,705,-1,173935
621,705,1.065789,174090
621,706,-1,174225
621,707,-1,174395
621,708,-1,174645
622,708,1.077519,174775
623,708,1.120482,174860
624,708,1.096154,174965
625,708,1.073529,175105
626,708,1.062893,175265
627,708,1.09901,175370
628,708,1.140845,175445
628,709,-1,175450
628,710,-1,175590
629,710,1.131579,175670
629,711,-1,175830
630,711,1.09009,175945
631,711,1.086207,176065
632,711,1.075188,176200
632,712,-1,176360
633,712,1.12987,176440
633,713,-1,176610
634,713,1.065789,176765
635,713,1.086207,176885
636,713,1.05,177085
636,714,-1,177200
637,714,1.138889,177275
638,714,1.083333,177395
639,714,1.052083,177590
640,714,1.138889,177665
641,714,1.060606,177830
641,715,-1,177945
642,715,1.093458,178055
643,715,1.08547,178175
643,716,-1,178335
644,716,1.082645,178460
645,716,1.087719,178575
646,716,1.048544,178785
646,717,-1,178920
646,718,-1,179150
647,718,1.060976,179315
648,718,1.071942,179455
648,719,-1,179590
648,720,-1,179715
649,720,1.089286,179830
649,721,-1,179985
650,721,1.09901,180090
651,721,1.046083,180310
651,722,-1,180435
652,722,1.070423,180580
652,723,-1,180755
652,724,-1,180865
652,725,-1,180990
652,726,-1,181160
652,727,-1,181275
653,727,1.068027,181425
654,727,1.096154,181530
654,728,-1,181640
655,728,1.123457,181725
656,728,1.065359,181880
657,728,1.084034,182000
658,728,1.070922,182145
659,728,1.116279,182235
660,728,1.0369,182510
661,728,1.070423,182655
661,729,-1,182820
662,729,1.113636,182910
662,730,-1,183025
662,731,-1,183230
662,732,-1,183395
662,733,-1,183525
663,733,1.081301,183650
663,734,-1,183840
663,735,-1,183945
664,735,1.104167,184045
665,735,1.120482,184130
666,735,1.063694,184290
667,735,1.09901,184395
668,735,1.048544,184605
669,735,1.104167,184705
669,736,-1,184820
669,737,-1,185025
670,737,1.119048,185110
670,738,-1,185290
670,739,-1,185415
670,740,-1,185575
671,740,1.058824,185745
671,741,-1,185900
671,742,-1,186095
672,742,1.113636,186185
673,742,1.095238,186290
674,742,1.090909,186400
675,742,1.12987,186480
676,742,1.052632,186670
677,742,1.119048,186755
678,742,1.042017,186995
679,742,1.075188,187130
679,743,-1,187360
680,743,1.053476,187550
681,743,1.065789,187705
681,744,-1,187895
681,745,-1,188065
682,745,1.082645,188190
683,745,1.086957,188305
683,746,-1,188505
684,746,1.093458,188615
685,746,1.071942,188755
685,747,-1,188920
686,747,1.064103,189080
687,747,1.059524,189250
688,747,1.08547,189370
688,748,-1,189510
689,748,1.114943,189600
690,748,1.079365,189730
691,748,1.06993,189875
692,748,1.097087,189980
693,748,1.059172,190150
694,748,1.053763,190340
695,748,1.147059,190410
695,749,-1,190515
696,749,1.103093,190615
697,749,1.078125,190745
698,749,1.075188,190880
698,750,-1,190950
699,750,1.08,191075
699,751,-1,191175
699,752,-1,191285
699,753,-1,191405
700,753,1.151515,191475
701,753,1.095238,191580
701,754,-1,191785
701,755,-1,191940
701,756,-1,192065
701,757,-1,192320
702,757,1.091743,192430
702,758,-1,192435
703,758,1.08547,192555
704,758,1.07874,192685
705,758,1.086957,192800
705,759,-1,192950
706,759,1.086957,193065
707,759,1.123457,193150
707,760,-1,193335
708,760,1.128205,193415
709,760,1.10989,193510
710,760,1.058824,193680
711,760,1.106383,193775
712,760,1.05,193975
713,760,1.089286,194090
713,761,-1,194245
714,761,1.081967,194370
715,761,1.044643,194595
716,761,1.057804,194770
716,762,-1,194885
716,763,-1,195060
716,764,-1,195175
716,765,-1,195230
717,765,1.078125,195360
718,765,1.090909,195470
719,765,1.086207,195590
720,765,1.07874,195720
720,766,-1,195860
721,766,1.080645,195985
722,766,1.088496,196100
722,767,-1,196280
722,768,-1,196340
723,768,1.068493,196490
724,768,1.040816,196735
725,768,1.074074,196870
726,768,1.111111,196960
727,768,1.095238,197065
728,768,1.086957,197180
729,768,1.097087,197285
730,768,1.108696,197380
730,769,-1,197550
731,769,1.081967,197675
732,769,1.086957,197790
732,770,-1,197960
733,770,1.074074,198095
733,771,-1,198235
734,771,1.044643,198460
734,772,-1,198635
735,772,1.069444,198780
735,773,-1,198900
736,773,1.135135,198975
736,774,-1,199140
737,774,1.086957,199255
738,774,1.068966,199400
738,775,-1,199530
738,776,-1,199705
739,776,1.091743,199815
740,776,1.089286,199930
741,776,1.068966,200075
741,777,-1,200230
741,778,-1,200395
742,778,1.09009,200510
742,779,-1,200685
743,779,1.062112,200850
744,779,1.12987,200930
745,779,1.092593,201040
745,780,-1,201180
746,780,1.125,201260
747,780,1.121951,201345
748,780,1.068027,201495
749,780,1.057804,201670
750,780,1.093458,201780
750,781,-1,201905
751,781,1.095238,202010
752,781,1.082645,202135
752,782,-1,202285
753,782,1.05814,202460
753,783,-1,202615
754,783,1.084746,202735
755,783,1.095238,202840
756,783,1.09009,202955
757,783,1.071942,203095
758,783,1.05102,203295
758,784,-1,203425
758,785,-1,203535
759,785,1.092593,203645
759,786,-1,203795
760,786,1.10989,203890
761,786,1.091743,204000
762,786,1.106383,204095
763,786,1.084746,204215
764,786,1.111111,204305
765,786,1.088496,204420
766,786,1.074074,204555
767,786,1.064516,204710
767,787,-1,204945
768,787,1.036496,205220
769,787,1.093458,205330
770,787,1.121951,205415
771,787,1.035714,205695
772,787,1.082645,205820
772,788,-1,205950
772,789,-1,206140
773,789,1.039063,206400
773,790,-1,206560
774,790,1.054945,206745
775,790,1.043478,206975
776,790,1.053192,207165
776,791,-1,207295
777,791,1.084034,207415
777,792,-1,207535
778,792,1.135135,207610
779,792,1.07874,207740
780,792,1.103093,207840
781,792,1.0625,208000
782,792,1.084034,208120
782,793,-1,208335
782,794,-1,208470
783,794,1.044444,208695
784,794,1.065359,208850
785,794,1.073529,208990
785,795,-1,209175
786,795,1.080645,209300
786,796,-1,209430
786,797,-1,209580
787,797,1.049751,209785
788,797,1.069444,209930
788,798,-1,210115
789,798,1.103093,210215
790,798,1.064516,210370
791,798,1.123457,210455
792,798,1.0625,210615
793,798,1.053763,210805
794,798,1.053763,210995
794,799,-1,211100
795,799,1.10101,211200
795,800,-1,211360
795,801,-1,211515
796,801,1.120482,211600
797,801,1.072464,211740
797,802,-1,211890
798,802,1.08547,212010
798,803,-1,212150
799,803,1.105263,212245
800,803,1.070922,212390
801,803,1.086207,212510
802,803,1.106383,212605
803,803,1.107527,212700
804,803,1.092593,212810
804,804,-1,212915
805,804,1.09901,213020
806,804,1.095238,213125
807,804,1.046296,213345
808,804,1.102041,213445
808,805,-1,213595
809,805,1.080645,213720
810,805,1.103093,213820
810,806,-1,213970
811,806,1.07874,214100
812,806,1.102041,214200
812,807,-1,214370
813,807,1.090909,214480
813,808,-1,214615
814,808,1.114943,214705
815,808,1.064103,214865
816,808,1.09434,214975
816,809,-1,215100
817,809,1.06993,215245
817,810,-1,215450
818,810,1.081301,215575
818,811,-1,215680
818,812,-1,215810
819,812,1.098039,215915
820,812,1.138889,215990
821,812,1.111111,216080
822,812,1.082645,216205
823,812,1.1,216305
824,812,1.060976,216470
825,812,1.103093,216570
825,813,-1,216665
826,813,1.111111,216755
826,814,-1,216855
827,814,1.069444,217000
828,814,1.061728,217165
829,814,1.076923,217295
830,814,1.090909,217405
831,814,1.078125,217535
832,814,1.05848,217710
833,814,1.106383,217805
833,815,-1,218015
834,815,1.049505,218220
835,815,1.074627,218355
836,815,1.123457,218440
836,816,-1,218580
837,816,1.103093,218680
838,816,1.072993,218820
839,816,1.054348,219005
840,816,1.065359,219160
841,816,1.120482,219245
842,816,1.113636,219335
843,816,1.120482,219420
844,816,1.11236,219510
845,816,1.070423,219655
846,816,1.135135,219730
847,816,1.09434,219840
848,816,1.074074,219975
848,817,-1,220130
848,818,-1,220285
849,818,1.10989,220380
849,819,-1,220545
850,819,1.086207,220665
851,819,1.074074,220800
852,819,1.05988,220970
853,819,1.153846,221035
854,819,1.080645,221160
855,819,1.104167,221260
855,820,-1,221390
856,820,1.08547,221510
856,821,-1,221625
857,821,1.07874,221755
858,821,1.15625,221820
858,822,-1,222035
859,822,1.093458,222145
859,823,-1,222435
860,823,1.114943,222525
861,823,1.080645,222650
862,823,1.140845,222725
863,823,1.121951,222810
864,823,1.084746,222930
865,823,1.119048,223015
866,823,1.086957,223130
867,823,1.068493,223280
867,824,-1,223445
867,825,-1,223725
868,825,1.098039,223830
869,825,1.095238,223935
870,825,1.144928,224005
871,825,1.089286,224120
872,825,1.121951,224205
873,825,1.060241,224375
874,825,1.068966,224520
875,825,1.131579,224600
875,826,-1,224720
876,826,1.131579,224800
876,827,-1,224985
877,827,1.11236,225075
878,827,1.078125,225205
879,827,1.071429,225345
880,827,1.073529,225485
881,827,1.131579,225565
881,828,-1,225665
881,829,-1,225925
881,830,-1,226010
881,831,-1,226180
881,832,-1,226410
881,833,-1,226585
882,833,1.09901,226690
883,833,1.055866,226870
884,833,1.090909,226980
885,833,1.082645,227105
886,833,1.082645,227230
887,833,1.114943,227320
887,834,-1,227465
888,834,1.080645,227590
889,834,1.09434,227700
890,834,1.07874,227830
891,834,1.09009,227945
891,835,-1,228085
891,836,-1,228210
892,836,1.057143,228385
893,836,1.097087,228490
894,836,1.095238,228595
895,836,1.076336,228730
896,836,1.081967,228855
897,836,1.128205,228935
898,836,1.074627,229070
899,836,1.071429,229210
899,837,-1,229375
900,837,1.05988,229545
900,838,-1,229670
901,838,1.10101,229770
902,838,1.081967,229895
903,838,1.082645,230020
903,839,-1,230230
904,839,1.056818,230410
905,839,1.06993,230555
906,839,1.086207,230675
906,840,-1,230830
907,840,1.15873,230895
908,840,1.081301,231020
909,840,1.133333,231095
910,840,1.111111,231185
911,840,1.078125,231315
912,840,1.097087,231420
913,840,1.086207,231540
914,840,1.123457,231625
915,840,1.075188,231760
916,840,1.07874,231890
916,841,-1,232025
916,842,-1,232165
917,842,1.102041,232265
917,843,-1,232385
917,844,-1,232540
918,844,1.096154,232645
919,844,1.123457,232730
919,845,-1,232945
920,845,1.078125,233075
920,846,-1,233225
921,846,1.056818,233405
922,846,1.045872,233625
923,846,1.105263,233720
924,846,1.11236,233810
924,847,-1,233910
925,847,1.08547,234030
926,847,1.076336,234165
927,847,1.106383,234260
928,847,1.086957,234375
929,847,1.138889,234450
929,848,-1,234570
929,849,-1,234685
929,850,-1,234820
929,851,-1,234935
930,851,1.064516,235090
931,851,1.09009,235205
932,851,1.079365,235335
933,851,1.064103,235495
933,852,-1,235645
933,853,-1,235785
934,853,1.078125,235915
935,853,1.083333,236035
935,854,-1,236090
936,854,1.078125,236220
937,854,1.035971,236500
938,854,1.03937,236755
938,855,-1,236875
939,855,1.081301,237000
939,856,-1,237145
940,856,1.09009,237260
941,856,1.102041,237360
942,856,1.057471,237535
942,857,-1,237645
943,857,1.040161,237895
944,857,1.1,237995
945,857,1.1,238095
946,857,1.111111,238185
947,857,1.090909,238295
948,857,1.113636,238385
949,857,1.0625,238545
950,857,1.076923,238675
951,857,1.079365,238805
951,858,-1,238930
952,858,1.09901,239035
953,858,1.086957,239150
954,858,1.09901,239255
955,858,1.144928,239325
956,858,1.113636,239415
957,858,1.09901,239520
957,859,-1,239625
958,859,1.049505,239830
959,859,1.044643,240055
960,859,1.11236,240145
961,859,1.082645,240270
962,859,1.089286,240385
963,859,1.043103,240620
963,860,-1,240795
964,860,1.055866,240975
964,861,-1,241150
964,862,-1,241320
965,862,1.068493,241470
966,862,1.089286,241585
967,862,1.071429,241725
968,862,1.088496,241840
969,862,1.047619,242050
970,862,1.046729,242265
970,863,-1,242450
971,863,1.066667,242600
972,863,1.103093,242700
972,864,-1,242860
973,864,1.126582,242940
974,864,1.093458,243050
975,864,1.078125,243180
976,864,1.095238,243285
977,864,1.113636,243375
977,865,-1,243495
978,865,1.058824,243665
979,865,1.066667,243815
979,866,-1,243940
979,867,-1,244075
979,868,-1,244255
979,869,-1,244365
980,869,1.090909,244475
980,870,-1,244735
981,870,1.097087,244840
982,870,1.055249,245025
982,871,-1,245170
983,871,1.117647,245255
984,871,1.065789,245410
985,871,1.06135,245575
986,871,1.091743,245685
987,871,1.057471,245860
988,871,1.133333,245935
989,871,1.058824,246105
989,872,-1,246210
990,872,1.050761,246410
991,872,1.053192,246600
992,872,1.1,246700
993,872,1.11236,246790
994,872,1.10989,246885
995,872,1.10101,246985
995,873,-1,247090
996,873,1.062893,247250
997,873,1.1,247350
998,873,1.062893,247510
999,873,1.077519,247640
1000,873,1.096154,247745
1001,873,1.076923,247875
1002,873,1.153846,247940
1002,874,-1,248120
1002,875,-1,248245
1002,876,-1,248365
1003,876,1.103093,248465
1004,876,1.067568,248615
1005,876,1.08547,248735
1005,877,-1,248865
1006,877,1.09009,248980
1007,877,1.079365,249110
1008,877,1.09434,249220
1009,877,1.098039,249325
1010,877,1.125,249405
1010,878,-1,249530
1011,878,1.06135,249695
1011,879,-1,249765
1012,879,1.082645,249890
1013,879,1.092593,250000
