Goals,Deaths,Reward,Step 
0,0,0,0
1,0,1.127277,95
2,0,1.192035,150
3,0,1.175166,210
4,0,1.203809,260
5,0,1.22195,305
6,0,1.117375,390
6,1,-1.000272,580
7,1,1.091471,690
8,1,1.22195,735
9,1,1.156736,810
9,1,-5.448073E-05,811
10,1,1.203809,861
11,1,1.080373,986
11,2,-0.98025,1141
12,2,1.138798,1226
13,2,1.188407,1281
14,2,1.163662,1346
15,2,1.108423,1441
16,2,1.140573,1516
16,3,-1.000272,1726
16,4,-1.000272,1906
17,4,1.204935,1961
18,4,1.121679,2046
19,4,1.195806,2101
19,5,-1.000272,2271
20,5,1.090637,2381
21,5,1.153574,2446
22,5,1.093824,2581
23,5,1.12631,2661
24,5,1.097767,2766
25,5,1.156736,2841
25,6,-1.000272,2996
26,6,1.085198,3116
27,6,1.232286,3161
28,6,1.212494,3211
29,6,1.109618,3306
30,6,1.178299,3366
30,7,-1.000272,3471
31,7,1.192035,3526
32,7,1.089818,3641
33,7,1.247023,3686
33,8,-1.000272,3856
34,8,1.092743,3996
35,8,1.169219,4056
36,8,1.161018,4121
36,9,-1.000272,4301
37,9,1.154885,4376
38,9,1.103894,4476
38,10,-0.98025,4596
39,10,1.166809,4666
40,10,1.181546,4721
41,10,1.188407,4776
42,10,1.063422,4936
43,10,1.14962,5016
44,10,1.188407,5071
45,10,1.124728,5151
45,11,-1.000272,5376
46,11,1.195806,5431
47,11,1.123184,5516
48,11,1.376893,5546
49,11,1.110839,5636
49,12,-0.98025,5751
50,12,1.100738,5851
50,13,-0.98025,5906
51,13,1.227,5951
52,13,1.151243,6021
53,13,1.093186,6131
54,13,1.158458,6196
55,13,1.075485,6331
56,13,1.10282,6431
57,13,1.17848,6496
58,13,1.124728,6576
59,13,1.060703,6741
60,13,1.062228,6901
61,13,1.181546,6956
62,13,1.090637,7066
62,14,-1.000272,7271
63,14,1.162607,7341
64,14,1.192164,7401
65,14,1.33225,7436
66,14,1.181546,7491
66,15,-1.000272,7661
66,16,-0.98025,7766
67,16,1.127933,7846
68,16,1.138616,7921
69,16,1.136714,7996
70,16,1.134863,8071
71,16,1.171265,8141
72,16,1.134863,8216
73,16,1.169219,8276
73,17,-0.98025,8391
73,18,-0.98025,8566
73,19,-0.98025,8686
74,19,1.117375,8771
75,19,1.155978,8836
76,19,1.116007,8926
77,19,1.12076,9026
78,19,1.153083,9101
79,19,1.26975,9141
79,20,-1.000272,9281
80,20,1.217119,9331
81,20,1.089818,9446
82,20,1.085935,9566
83,20,1.217119,9616
84,20,1.158458,9681
85,20,1.088223,9796
86,20,1.163662,9861
86,21,-1.000272,10041
86,22,-1.000272,10186
87,22,1.181546,10241
88,22,1.293845,10276
89,22,1.163662,10341
90,22,1.110659,10451
91,22,1.201568,10506
92,22,1.195806,10561
93,22,1.227,10606
94,22,1.217119,10656
94,23,-1.000272,10776
95,23,1.155978,10841
96,23,1.096673,10971
96,24,-0.98025,11101
97,24,1.22195,11146
97,25,-1.000272,11296
98,25,1.163662,11361
99,25,1.21975,11411
100,25,1.10282,11511
101,25,1.237823,11556
102,25,1.085935,11676
103,25,1.249728,11716
104,25,1.223832,11766
104,26,-1.000272,11881
105,26,1.203809,11931
106,26,1.192035,11986
107,26,1.099115,12116
108,26,1.099728,12216
108,27,-1.000272,12361
109,27,1.096815,12466
110,27,1.169219,12526
111,27,1.101051,12651
112,27,1.106111,12746
113,27,1.103894,12846
114,27,1.098737,12951
115,27,1.112087,13041
116,27,1.097767,13146
117,27,1.103894,13246
118,27,1.093186,13356
119,27,1.098737,13461
120,27,1.17848,13526
121,27,1.24363,13571
122,27,1.175166,13631
122,28,-1.000272,13801
123,28,1.17848,13866
124,28,1.099728,13966
124,29,-1.000272,14161
125,29,1.136714,14236
126,29,1.083061,14356
127,29,1.103784,14476
128,29,1.241972,14521
129,29,1.094966,14626
129,30,-0.98025,14766
130,30,1.203809,14816
130,31,-1.000272,14841
131,31,1.228083,14891
132,31,1.110659,15001
133,31,1.11409,15111
134,31,1.228083,15161
135,31,1.172141,15221
136,31,1.076651,15351
137,31,1.113364,15441
138,31,1.163662,15506
139,31,1.18104,15571
139,32,-1.000272,15766
140,32,1.163662,15831
141,32,1.075306,16011
141,33,-1.000272,16016
142,33,1.146786,16086
143,33,1.166809,16156
143,34,-1.000272,16306
144,34,1.192035,16361
145,34,1.175166,16421
146,34,1.192164,16481
147,34,1.285442,16516
148,34,1.155978,16581
149,34,1.195806,16636
150,34,1.192164,16696
151,34,1.090637,16806
152,34,1.086684,16921
153,34,1.208429,16976
154,34,1.172141,17036
155,34,1.076568,17216
156,34,1.127933,17296
157,34,1.079093,17426
158,34,1.138616,17501
158,35,-1.000272,17656
159,35,1.18104,17721
160,35,1.158458,17786
161,35,1.161018,17851
162,35,1.07065,17996
163,35,1.252308,18041
164,35,1.07272,18181
165,35,1.22195,18226
166,35,1.305464,18261
167,35,1.118775,18346
168,35,1.256138,18386
169,35,1.195806,18441
170,35,1.22195,18486
171,35,1.17848,18551
172,35,1.195806,18606
173,35,1.232286,18651
174,35,1.12964,18746
175,35,1.153574,18811
176,35,1.116007,18901
177,35,1.198321,18961
178,35,1.184913,19016
179,35,1.107255,19111
180,35,1.116007,19201
181,35,1.212494,19251
182,35,1.178299,19311
183,35,1.131307,19391
184,35,1.12021,19476
184,36,-1.000272,19586
185,36,1.228083,19636
186,36,1.282908,19676
187,36,1.098737,19781
188,36,1.121679,19866
188,37,-1.000272,19986
189,37,1.118775,20071
190,37,1.227,20116
191,37,1.21975,20166
191,38,-1.000272,20451
192,38,1.155978,20516
192,39,-1.000272,20681
192,40,-1.000272,20806
193,40,1.18104,20871
193,41,-1.000272,21056
194,41,1.192035,21111
195,41,1.10282,21211
195,42,-1.000272,21366
196,42,1.188407,21421
197,42,1.237823,21466
198,42,1.203809,21516
199,42,1.12631,21596
200,42,1.103894,21696
200,43,-1.000272,21926
201,43,1.138616,22001
201,44,-1.000272,22161
201,45,-1.000272,22286
202,45,1.249728,22326
202,46,-1.000272,22496
203,46,1.081695,22621
204,46,1.192035,22676
205,46,1.160595,22751
206,46,1.186417,22811
207,46,1.175166,22871
207,47,-1.000272,22981
208,47,1.166809,23051
208,48,-1.000272,23236
208,49,-1.000272,23401
209,49,1.081695,23526
210,49,1.188407,23581
211,49,1.181546,23636
212,49,1.293845,23671
213,49,1.087447,23786
214,49,1.148981,23856
215,49,1.103784,23976
216,49,1.136714,24051
217,49,1.160595,24126
218,49,1.12021,24211
219,49,1.186417,24271
220,49,1.192035,24326
221,49,1.217119,24376
222,49,1.085935,24496
222,50,-1.000272,24661
223,50,1.215828,24716
224,50,1.227,24761
225,50,1.136714,24836
226,50,1.201568,24891
227,50,1.160595,24966
227,50,-5.448073E-05,25007
228,50,1.133386,25097
228,51,-1.000272,25227
229,51,1.107255,25322
229,52,-1.000272,25437
230,52,1.138616,25512
231,52,1.161018,25577
232,52,1.041922,25817
233,52,1.11409,25927
233,53,-1.000272,26067
233,54,-0.98025,26207
234,54,1.11975,26307
235,54,1.148981,26377
236,54,1.091471,26487
237,54,1.129598,26567
238,54,1.126133,26662
239,54,1.12021,26747
240,54,1.043018,26982
241,54,1.080373,27107
241,55,-1.000272,27237
242,55,1.173596,27302
242,56,-1.000272,27392
242,57,-0.98025,27482
243,57,1.166394,27542
244,57,1.11467,27632
244,58,-0.98025,27737
245,58,1.055907,27917
245,59,-1.000272,28112
246,59,1.128446,28207
247,59,1.175166,28267
248,59,1.083761,28387
248,60,-1.000272,28547
248,61,-1.000272,28707
249,61,1.12076,28807
249,62,-0.98025,29072
249,63,-0.98025,29262
250,63,1.142585,29332
250,64,-0.98025,29492
251,64,1.188407,29547
251,65,-1.000272,29702
252,65,1.189242,29762
252,66,-1.000272,29957
253,66,1.095881,30062
254,66,1.133386,30152
255,66,1.133061,30227
255,67,-1.000272,30407
256,67,1.089818,30522
257,67,1.158639,30597
257,68,-1.000272,30877
257,69,-1.000272,31017
258,69,1.153083,31092
258,70,-0.98025,31227
259,70,1.055283,31407
260,70,1.232516,31457
260,71,-1.000272,31567
261,71,1.078468,31697
262,71,1.095881,31802
263,71,1.122843,31902
264,71,1.113364,31992
265,71,1.142585,32062
265,72,-1.000272,32247
266,72,1.103894,32347
267,72,1.129598,32427
268,72,1.12021,32512
269,72,1.077853,32642
269,73,-0.98025,32887
270,73,1.078922,33057
270,74,-1.000272,33192
270,75,-0.98025,33332
271,75,1.155978,33397
271,76,-0.98025,33567
272,76,1.103894,33667
273,76,1.212494,33717
274,76,1.161018,33782
274,77,-0.98025,34002
275,77,1.101768,34102
276,77,1.204935,34157
277,77,1.112087,34247
278,77,1.176,34312
279,77,1.133061,34387
279,78,-1.000272,34512
279,79,-0.98025,34632
280,79,1.129598,34712
281,79,1.09232,34822
282,79,1.183684,34887
283,79,1.158458,34952
284,79,1.082372,35077
285,79,1.117375,35162
285,80,-1.000272,35217
286,80,1.140232,35302
286,81,-1.000272,35417
287,81,1.064663,35572
287,82,-0.98025,35692
287,83,-1.000272,35907
287,84,-1.000272,36077
287,85,-0.98025,36267
287,86,-1.000272,36392
288,86,1.127933,36472
289,86,1.084473,36592
290,86,1.080373,36717
291,86,1.144655,36787
292,86,1.104496,36907
293,86,1.232516,36957
294,86,1.081695,37082
295,86,1.11409,37192
296,86,1.090637,37302
296,87,-1.000272,37462
296,88,-0.98025,37597
296,89,-1.000272,37792
297,89,1.098737,37897
298,89,1.124728,37977
298,90,-1.000272,38327
299,90,1.166394,38387
300,90,1.173596,38452
300,91,-1.000272,38627
300,92,-1.000272,38842
300,93,-1.000272,38962
301,93,1.172141,39022
302,93,1.123917,39122
303,93,1.079728,39247
303,94,-1.000272,39422
304,94,1.136714,39497
305,94,1.076651,39627
305,95,-1.000272,39807
306,95,1.184913,39862
307,95,1.052638,40052
308,95,1.10282,40152
309,95,1.066262,40367
309,96,-1.000272,40462
309,97,-0.98025,40652
309,98,-0.98025,40837
310,98,1.169004,40907
310,99,-1.000272,41172
310,100,-1.000272,41267
311,100,1.112087,41357
311,101,-1.000272,41487
312,101,1.124728,41567
313,101,1.140573,41642
314,101,1.058207,41817
315,101,1.125013,41912
315,102,-1.000272,42107
316,102,1.11876,42212
317,102,1.121679,42297
317,103,-1.000272,42412
317,104,-1.000272,42562
318,104,1.097767,42667
318,105,-1.000272,42782
319,105,1.074916,42917
320,105,1.109036,43032
320,106,-0.98025,43182
321,106,1.107255,43277
322,106,1.066394,43427
323,106,1.161018,43492
324,106,1.169219,43552
324,107,-0.98025,43647
325,107,1.203809,43697
326,107,1.158458,43762
327,107,1.094966,43867
328,107,1.188407,43922
329,107,1.103894,44022
330,107,1.163662,44087
331,107,1.096815,44192
332,107,1.142585,44262
333,107,1.107255,44357
334,107,1.133061,44432
334,108,-1.000272,44627
335,108,1.086864,44777
336,108,1.081695,44902
336,109,-1.000272,45102
336,110,-1.000272,45292
337,110,1.183684,45357
337,111,-1.000272,45477
338,111,1.12021,45562
339,111,1.081695,45687
340,111,1.106707,45802
341,111,1.073257,45942
342,111,1.094067,46052
342,112,-1.000272,46187
343,112,1.11876,46292
343,113,-1.000272,46407
344,113,1.073802,46542
345,113,1.098737,46647
346,113,1.094966,46752
346,114,-1.000272,46907
346,115,-1.000272,47037
346,116,-1.000272,47182
347,116,1.078922,47352
348,116,1.110839,47442
349,116,1.108423,47537
349,117,-1.000272,47662
349,118,-1.000272,47832
350,118,1.113364,47922
350,119,-1.000272,48192
351,119,1.18104,48257
352,119,1.138616,48332
353,119,1.121679,48417
353,120,-1.000272,48582
354,120,1.212494,48632
354,121,-1.000272,48747
354,122,-1.000272,48872
355,122,1.079093,49002
356,122,1.228083,49052
356,123,-1.000272,49162
357,123,1.148981,49232
358,123,1.133061,49307
359,123,1.169004,49377
360,123,1.114988,49482
361,123,1.155978,49547
362,123,1.071156,49687
362,124,-0.98025,49792
363,124,1.075485,49927
363,124,-5.448073E-05,50008
363,125,-1.000272,50133
363,126,-1.000272,50328
364,126,1.153574,50393
364,127,-0.98025,50398
365,127,1.083761,50518
366,127,1.17848,50583
366,128,-1.000272,50728
367,128,1.06383,50888
368,128,1.138798,50973
368,129,-0.98025,51118
369,129,1.061077,51283
370,129,1.144655,51353
371,129,1.112087,51443
372,129,1.110839,51533
373,129,1.093186,51643
374,129,1.12021,51728
375,129,1.100738,51828
376,129,1.107255,51923
377,129,1.103894,52023
377,130,-1.000272,52148
378,130,1.18104,52213
379,130,1.147955,52293
379,131,-1.000272,52418
380,131,1.142585,52488
381,131,1.134863,52563
381,132,-1.000272,52683
382,132,1.22195,52728
382,133,-1.000272,52908
382,134,-1.000272,53093
382,135,-0.98025,53153
383,135,1.07015,53298
383,136,-1.000272,53443
384,136,1.178299,53503
385,136,1.074916,53638
386,136,1.141701,53723
387,136,1.10282,53823
387,137,-1.000272,53953
388,137,1.117789,54058
388,138,-1.000272,54293
389,138,1.203809,54343
389,139,-1.000272,54518
390,139,1.151329,54598
391,139,1.178299,54658
392,139,1.084473,54778
392,140,-1.000272,54903
393,140,1.144655,54973
394,140,1.112087,55063
394,141,-1.000272,55163
395,141,1.127933,55243
396,141,1.118775,55328
397,141,1.124728,55408
398,141,1.134863,55483
399,141,1.054976,55668
400,141,1.184913,55723
400,142,-1.000272,55808
401,142,1.118775,55893
401,143,-1.000272,56033
402,143,1.123184,56118
403,143,1.116007,56208
404,143,1.166394,56268
405,143,1.188407,56323
406,143,1.081695,56448
407,143,1.086684,56563
408,143,1.113364,56653
409,143,1.101768,56753
410,143,1.124728,56833
411,143,1.116007,56923
412,143,1.121679,57008
413,143,1.171265,57078
414,143,1.127277,57173
415,143,1.146786,57243
416,143,1.189242,57303
417,143,1.144655,57373
418,143,1.160595,57448
419,143,1.131307,57528
420,143,1.084473,57648
421,143,1.178299,57708
422,143,1.089013,57823
423,143,1.186417,57883
424,143,1.148981,57953
425,143,1.09232,58063
425,144,-1.000272,58203
425,145,-0.98025,58328
426,145,1.17848,58393
427,145,1.199728,58443
428,145,1.087447,58558
429,145,1.203809,58608
430,145,1.086684,58723
430,146,-0.98025,58903
431,146,1.18104,58968
431,147,-0.98025,59058
432,147,1.158458,59123
433,147,1.108423,59218
434,147,1.146786,59288
435,147,1.160595,59363
436,147,1.12021,59448
437,147,1.208061,59498
438,147,1.090637,59608
439,147,1.151329,59688
440,147,1.223832,59738
441,147,1.061839,59903
442,147,1.091471,60013
443,147,1.171265,60083
444,147,1.085198,60203
445,147,1.108423,60298
445,148,-1.000272,60363
446,148,1.124728,60443
447,148,1.12076,60543
447,149,-1.000272,60688
448,149,1.124728,60768
449,149,1.162607,60838
450,149,1.090672,60983
451,149,1.131307,61063
452,149,1.113364,61153
453,149,1.118775,61238
454,149,1.140573,61313
454,150,-0.98025,61433
455,150,1.103894,61533
456,150,1.103083,61653
456,151,-1.000272,61778
456,152,-1.000272,61933
457,152,1.106111,62028
458,152,1.137397,62113
459,152,1.163662,62178
460,152,1.113364,62268
461,152,1.10282,62368
462,152,1.134693,62458
463,152,1.163662,62523
464,152,1.134863,62598
464,153,-0.98025,62753
464,154,-1.000272,62978
465,154,1.101768,63078
466,154,1.12021,63163
466,155,-1.000272,63353
467,155,1.117375,63438
468,155,1.077853,63568
469,155,1.047804,63778
469,156,-1.000272,63878
470,156,1.117375,63963
470,157,-1.000272,64083
471,157,1.101768,64183
472,157,1.232286,64228
473,157,1.198321,64288
474,157,1.113364,64378
474,158,-1.000272,64693
475,158,1.21975,64743
476,158,1.089013,64858
477,158,1.099728,64958
478,158,1.17848,65023
479,158,1.097767,65128
480,158,1.146332,65208
481,158,1.121791,65308
482,158,1.192035,65363
483,158,1.108423,65458
484,158,1.186417,65518
484,159,-1.000272,65633
485,159,1.144655,65703
486,159,1.129598,65783
487,159,1.127933,65863
487,160,-1.000272,66003
488,160,1.109618,66098
489,160,1.215828,66153
490,160,1.146786,66223
490,161,-1.000272,66368
490,162,-1.000272,66473
490,163,-1.000272,66663
491,163,1.176,66728
491,164,-1.000272,66838
492,164,1.100395,66963
492,165,-0.98025,67113
493,165,1.079728,67238
494,165,1.153574,67303
495,165,1.252308,67348
496,165,1.156736,67423
497,165,1.101768,67523
498,165,1.133061,67598
499,165,1.169219,67658
500,165,1.17848,67723
501,165,1.104991,67818
502,165,1.17848,67883
503,165,1.10984,67998
504,165,1.09975,68123
505,165,1.124728,68203
506,165,1.100738,68303
507,165,1.172141,68363
508,165,1.103894,68463
509,165,1.080373,68588
509,166,-0.98025,68713
510,166,1.147955,68793
511,166,1.192035,68848
511,167,-0.98025,68973
511,168,-1.000272,69108
511,169,-1.000272,69213
512,169,1.166394,69273
513,169,1.172141,69333
514,169,1.097767,69438
515,169,1.073802,69573
516,169,1.169219,69633
516,170,-1.000272,69848
517,170,1.198321,69908
518,170,1.093279,70048
518,171,-1.000272,70233
519,171,1.095508,70368
519,172,-1.000272,70463
519,173,-1.000272,70693
520,173,1.173596,70758
521,173,1.12021,70843
522,173,1.123184,70928
522,174,-1.000272,71163
523,174,1.110839,71253
524,174,1.100738,71353
524,175,-1.000272,71508
525,175,1.079093,71638
526,175,1.117375,71723
527,175,1.153574,71788
528,175,1.124728,71868
529,175,1.151243,71938
530,175,1.079991,72108
531,175,1.12631,72188
532,175,1.087318,72338
533,175,1.188407,72393
534,175,1.107255,72488
534,176,-1.000272,72643
535,176,1.094067,72753
536,176,1.127933,72833
537,176,1.151243,72903
537,177,-1.000272,73028
538,177,1.153083,73103
539,177,1.05101,73298
539,178,-1.000272,73438
540,178,1.07065,73583
540,179,-1.000272,73733
541,179,1.11467,73823
542,179,1.144655,73893
543,179,1.084473,74013
543,180,-0.98025,74173
543,181,-0.98025,74348
544,181,1.101717,74473
545,181,1.109618,74568
546,181,1.10282,74668
547,181,1.090637,74778
548,181,1.114988,74883
549,181,1.151243,74953
550,181,1.182521,75009
550,181,1.182521,75009
551,181,1.094067,75119
551,182,-0.98025,75249
552,182,1.095881,75354
552,183,-0.98025,75434
552,184,-1.000272,75559
552,185,-0.98025,75684
553,185,1.169219,75744
553,186,-0.98025,75879
554,186,1.082372,76004
555,186,1.110839,76094
555,187,-0.98025,76194
556,187,1.067295,76344
556,188,-1.000272,76464
557,188,1.158639,76539
558,188,1.128446,76634
559,188,1.094966,76739
560,188,1.131307,76819
560,189,-1.000272,76964
561,189,1.156736,77039
561,190,-1.000272,77224
562,190,1.118775,77309
562,191,-0.98025,77384
563,191,1.068221,77534
564,191,1.090637,77644
565,191,1.09232,77754
566,191,1.136029,77844
567,191,1.107255,77939
568,191,1.142585,78009
569,191,1.089013,78124
569,192,-1.000272,78254
570,192,1.067295,78404
570,193,-1.000272,78534
570,194,-1.000272,78739
571,194,1.116837,78844
571,195,-1.000272,78989
571,196,-1.000272,79054
572,196,1.066394,79204
572,197,-1.000272,79429
573,197,1.095881,79534
573,198,-1.000272,79609
574,198,1.21975,79659
575,198,1.078468,79789
576,198,1.095881,79894
577,198,1.141701,79979
578,198,1.183684,80044
579,198,1.112087,80134
580,198,1.085935,80254
581,198,1.112087,80344
582,198,1.099728,80444
583,198,1.114988,80549
583,199,-1.000272,80669
583,200,-0.98025,80779
583,201,-0.98025,80844
583,202,-0.98025,80999
584,202,1.118775,81084
585,202,1.083761,81204
586,202,1.104496,81324
587,202,1.116837,81429
588,202,1.078468,81559
588,203,-1.000272,81719
589,203,1.136714,81794
589,204,-1.000272,81929
590,204,1.095881,82034
591,204,1.163662,82099
591,205,-1.000272,82249
591,206,-1.000272,82369
591,207,-1.000272,82469
592,207,1.11467,82559
593,207,1.076651,82689
594,207,1.146786,82759
595,207,1.140232,82844
595,208,-1.000272,82919
595,209,-1.000272,83054
595,210,-1.000272,83224
596,210,1.115904,83329
596,211,-0.98025,83349
597,211,1.142585,83419
597,212,-1.000272,83574
597,213,-1.000272,83679
598,213,1.06383,83839
598,214,-1.000272,83944
599,214,1.108246,84059
600,214,1.148981,84129
601,214,1.083761,84249
602,214,1.103894,84349
603,214,1.092743,84489
604,214,1.14475,84569
605,214,1.124728,84649
605,215,-0.98025,84739
605,216,-0.98025,84884
606,216,1.101768,84984
607,216,1.183684,85049
607,217,-0.98025,85169
608,217,1.172141,85229
608,218,-1.000272,85324
608,219,-1.000272,85489
608,220,-0.98025,85594
608,221,-1.000272,85724
609,221,1.138798,85809
609,222,-1.000272,85964
610,222,1.073802,86099
610,223,-1.000272,86284
611,223,1.125013,86379
611,224,-1.000272,86484
612,224,1.10984,86599
613,224,1.086684,86714
613,225,-1.000272,86934
614,225,1.086684,87049
614,226,-1.000272,87194
615,226,1.07065,87339
616,226,1.079093,87469
617,226,1.064244,87624
618,226,1.109618,87719
619,226,1.146786,87789
620,226,1.121679,87874
620,227,-1.000272,88014
621,227,1.085935,88134
622,227,1.099115,88264
622,228,-1.000272,88434
622,229,-1.000272,88609
623,229,1.094067,88719
624,229,1.129598,88799
624,230,-1.000272,88984
624,231,-1.000272,89149
625,231,1.163662,89214
626,231,1.12076,89314
627,231,1.128446,89409
628,231,1.12021,89494
629,231,1.136714,89569
629,232,-0.98025,89709
629,233,-1.000272,89779
629,234,-0.98025,89964
630,234,1.091179,90104
631,234,1.082372,90229
632,234,1.077853,90359
632,235,-0.98025,90479
633,235,1.114988,90584
633,236,-1.000272,90709
634,236,1.081028,90834
634,237,-0.98025,90914
634,238,-1.000272,91094
635,238,1.117375,91179
636,238,1.074916,91314
637,238,1.079728,91439
637,239,-1.000272,91614
638,239,1.094067,91724
639,239,1.12021,91809
639,240,-1.000272,91949
640,240,1.130861,92039
641,240,1.101768,92139
641,241,-1.000272,92239
641,242,-1.000272,92369
641,243,-1.000272,92464
641,244,-1.000272,92589
642,244,1.118775,92674
643,244,1.094377,92809
643,245,-1.000272,92989
644,245,1.073802,93124
644,246,-1.000272,93269
645,246,1.106111,93364
646,246,1.096673,93494
647,246,1.173596,93559
647,247,-1.000272,93694
648,247,1.10282,93794
649,247,1.114988,93899
650,247,1.161018,93964
650,248,-1.000272,94079
651,248,1.136714,94154
652,248,1.154885,94229
652,249,-1.000272,94349
652,250,-1.000272,94519
652,251,-1.000272,94654
652,252,-1.000272,94754
652,253,-1.000272,94884
653,253,1.154885,94959
654,253,1.039728,95209
655,253,1.094966,95314
656,253,1.069172,95459
656,254,-1.000272,95579
657,254,1.121679,95664
658,254,1.112087,95754
659,254,1.112087,95844
660,254,1.076651,95974
660,255,-0.98025,96109
661,255,1.088223,96224
661,256,-1.000272,96374
662,256,1.137397,96459
663,256,1.105957,96579
664,256,1.088223,96694
664,257,-0.98025,96794
664,258,-1.000272,96929
665,258,1.122843,97029
666,258,1.140232,97114
666,259,-0.98025,97259
666,260,-1.000272,97464
666,261,-1.000272,97564
666,262,-0.98025,97639
666,263,-1.000272,97644
667,263,1.079093,97774
668,263,1.093186,97884
669,263,1.144655,97954
669,264,-1.000272,98094
670,264,1.130861,98184
671,264,1.186417,98244
671,265,-0.98025,98374
671,266,-1.000272,98509
671,267,-1.000272,98634
671,268,-1.000272,98834
672,268,1.086684,98949
673,268,1.087447,99064
673,269,-1.000272,99169
673,270,-1.000272,99279
673,271,-1.000272,99399
674,271,1.117375,99484
674,272,-1.000272,99539
675,272,1.088223,99654
675,273,-1.000272,99784
676,273,1.128446,99879
677,273,1.090637,99989
677,273,-5.448073E-05,100010
678,273,1.087447,100125
678,274,-1.000272,100235
679,274,1.077853,100365
679,275,-0.98025,100500
679,276,-1.000272,100680
679,277,-1.000272,100825
680,277,1.085198,100945
680,278,-1.000272,101110
680,279,-1.000272,101225
681,279,1.133061,101300
682,279,1.10282,101400
682,280,-1.000272,101510
683,280,1.11467,101600
684,280,1.11876,101705
684,281,-1.000272,101870
685,281,1.075485,102005
685,282,-1.000272,102140
685,283,-0.98025,102260
686,283,1.059608,102430
686,284,-1.000272,102575
687,284,1.09232,102685
688,284,1.107469,102800
688,285,-1.000272,102925
688,286,-1.000272,103020
688,287,-1.000272,103175
688,288,-1.000272,103315
689,288,1.133386,103405
689,289,-1.000272,103570
689,290,-1.000272,103815
690,290,1.136714,103890
690,291,-1.000272,104000
691,291,1.04088,104245
692,291,1.148981,104315
692,292,-0.98025,104375
692,293,-0.98025,104435
692,294,-1.000272,104595
693,294,1.11975,104695
694,294,1.078468,104825
695,294,1.111493,104935
696,294,1.106111,105030
696,295,-0.98025,105180
697,295,1.116007,105270
697,296,-1.000272,105395
697,297,-1.000272,105495
697,298,-1.000272,105705
698,298,1.106111,105800
698,299,-1.000272,105935
699,299,1.123917,106035
699,300,-1.000272,106135
700,300,1.106111,106230
700,301,-1.000272,106335
701,301,1.103894,106435
702,301,1.160595,106510
702,302,-0.98025,106585
702,303,-0.98025,106715
703,303,1.124728,106795
704,303,1.09975,106920
704,304,-0.98025,107095
704,305,-0.98025,107225
705,305,1.094067,107335
706,305,1.076064,107470
706,306,-1.000272,107545
707,306,1.098737,107650
708,306,1.10984,107765
709,306,1.138616,107840
709,307,-1.000272,108010
710,307,1.064593,108235
710,308,-1.000272,108360
711,308,1.095508,108495
711,309,-1.000272,108580
712,309,1.133061,108655
713,309,1.118775,108740
713,310,-1.000272,108885
714,310,1.10984,109000
714,311,-1.000272,109175
715,311,1.081028,109300
715,312,-1.000272,109425
716,312,1.094377,109560
717,312,1.089818,109675
718,312,1.11409,109785
719,312,1.130861,109875
719,313,-1.000272,109995
719,314,-1.000272,110100
720,314,1.122843,110200
720,315,-1.000272,110350
720,316,-1.000272,110505
721,316,1.061077,110670
722,316,1.079093,110800
723,316,1.169219,110860
724,316,1.083761,110980
725,316,1.104991,111075
725,317,-1.000272,111270
726,317,1.103894,111370
726,318,-0.98025,111545
727,318,1.092743,111685
727,319,-1.000272,111850
728,319,1.125013,111945
728,320,-1.000272,112065
728,321,-1.000272,112120
728,322,-1.000272,112270
729,322,1.136714,112345
729,323,-1.000272,112540
730,323,1.166809,112610
731,323,1.161018,112675
732,323,1.124728,112755
732,324,-1.000272,112870
733,324,1.101768,112970
733,325,-1.000272,113055
733,326,-1.000272,113210
734,326,1.10282,113310
734,327,-1.000272,113420
735,327,1.169219,113480
736,327,1.123184,113565
737,327,1.146332,113645
738,327,1.117375,113730
739,327,1.127933,113810
739,328,-1.000272,114060
740,328,1.123184,114145
740,329,-1.000272,114285
740,330,-1.000272,114460
740,331,-1.000272,114585
740,332,-0.98025,114715
741,332,1.140232,114800
741,333,-1.000272,114935
742,333,1.109036,115050
743,333,1.092214,115190
743,334,-1.000272,115360
744,334,1.100738,115460
745,334,1.172141,115520
746,334,1.153083,115595
747,334,1.109618,115690
747,335,-1.000272,115765
747,336,-1.000272,115905
748,336,1.12076,116005
748,337,-1.000272,116125
749,337,1.131307,116205
749,338,-0.98025,116305
749,339,-1.000272,116420
750,339,1.124728,116500
750,340,-1.000272,116630
751,340,1.137397,116715
752,340,1.081028,116840
752,341,-1.000272,116970
753,341,1.113364,117060
754,341,1.085198,117180
754,342,-1.000272,117295
754,343,-1.000272,117400
754,344,-1.000272,117575
754,345,-1.000272,117690
755,345,1.140232,117775
756,345,1.133386,117865
757,345,1.14475,117945
758,345,1.116837,118050
759,345,1.133061,118125
760,345,1.116007,118215
761,345,1.129598,118295
762,345,1.110839,118385
763,345,1.140232,118470
763,346,-1.000272,118560
763,347,-1.000272,118630
764,347,1.067295,118780
765,347,1.115904,118885
766,347,1.059969,119055
766,348,-1.000272,119140
766,349,-1.000272,119280
766,350,-1.000272,119370
767,350,1.124728,119450
768,350,1.169004,119520
769,350,1.146786,119590
769,351,-1.000272,119720
770,351,1.13211,119810
770,352,-0.98025,119950
770,353,-0.98025,120060
770,354,-0.98025,120230
771,354,1.09232,120340
772,354,1.13211,120430
773,354,1.134863,120505
773,355,-1.000272,120645
774,355,1.104496,120765
775,355,1.181546,120820
776,355,1.113208,120930
777,355,1.112343,121040
777,356,-1.000272,121185
777,357,-1.000272,121380
778,357,1.112087,121470
778,358,-1.000272,121590
778,359,-1.000272,121860
778,360,-1.000272,122010
778,361,-1.000272,122185
779,361,1.11876,122290
780,361,1.10282,122390
781,361,1.142585,122460
781,362,-1.000272,122670
781,363,-1.000272,122800
782,363,1.153574,122865
783,363,1.091471,122975
783,364,-1.000272,123150
783,365,-1.000272,123230
784,365,1.083761,123350
784,366,-1.000272,123455
784,367,-1.000272,123600
784,368,-0.98025,123760
785,368,1.10282,123860
786,368,1.146786,123930
787,368,1.12021,124015
787,369,-0.98025,124120
788,369,1.094067,124230
789,369,1.112343,124340
789,370,-1.000272,124630
790,370,1.12021,124715
791,370,1.12631,124795
792,370,1.106111,124890
792,371,-1.000272,125005
792,371,0.00395,125011
793,371,1.080373,125136
794,371,1.137397,125221
795,371,1.074355,125356
795,372,-0.98025,125501
796,372,1.061456,125666
797,372,1.090637,125776
798,372,1.084473,125896
798,373,-1.000272,126036
798,374,-1.000272,126221
799,374,1.085935,126341
799,375,-1.000272,126446
799,376,-1.000272,126596
800,376,1.065087,126751
801,376,1.095881,126856
802,376,1.12021,126941
802,377,-0.98025,127131
803,377,1.138616,127206
803,378,-1.000272,127396
804,378,1.069658,127541
805,378,1.11467,127631
805,379,-1.000272,127741
806,379,1.146786,127811
807,379,1.116007,127901
808,379,1.095881,128006
809,379,1.078468,128136
810,379,1.10282,128236
810,380,-1.000272,128441
810,381,-1.000272,128571
810,382,-1.000272,128691
810,383,-0.98025,128806
811,383,1.056546,128986
812,383,1.097767,129091
812,384,-1.000272,129281
812,385,-1.000272,129411
813,385,1.099115,129541
814,385,1.103894,129641
814,386,-1.000272,129761
815,386,1.089013,129876
816,386,1.12631,129956
817,386,1.073257,130096
817,387,-0.98025,130361
818,387,1.186417,130421
818,388,-1.000272,130536
819,388,1.12631,130616
819,389,-1.000272,130736
819,390,-1.000272,130921
819,391,-1.000272,131071
820,391,1.108423,131166
821,391,1.061456,131331
821,392,-0.98025,131551
821,393,-1.000272,131631
822,393,1.079728,131756
822,394,-0.98025,131896
822,395,-0.98025,131976
823,395,1.083761,132096
823,396,-0.98025,132171
824,396,1.134693,132261
825,396,1.107255,132356
825,397,-1.000272,132471
826,397,1.083061,132591
827,397,1.098737,132696
827,398,-1.000272,132816
828,398,1.12631,132896
828,399,-0.98025,132921
829,399,1.158639,132996
829,400,-1.000272,133106
829,401,-0.98025,133231
829,402,-1.000272,133331
830,402,1.136714,133406
830,403,-0.98025,133501
831,403,1.107255,133596
831,404,-0.98025,133726
832,404,1.121791,133826
833,404,1.089013,133941
833,405,-0.98025,134041
834,405,1.080373,134166
835,405,1.104991,134261
835,406,-0.98025,134436
835,407,-1.000272,134556
836,407,1.106111,134651
837,407,1.081028,134776
838,407,1.093186,134886
838,408,-1.000272,135006
838,409,-0.98025,135066
838,410,-1.000272,135171
839,410,1.151243,135241
840,410,1.096086,135376
840,411,-1.000272,135461
841,411,1.066394,135611
842,411,1.143207,135696
843,411,1.100738,135796
843,412,-0.98025,135871
843,413,-1.000272,136106
843,414,-1.000272,136211
844,414,1.108246,136326
844,415,-0.98025,136381
845,415,1.153574,136446
846,415,1.13211,136536
847,415,1.056546,136716
847,416,-1.000272,136861
847,417,-1.000272,137016
848,417,1.099728,137116
848,418,-1.000272,137206
848,419,-0.98025,137321
849,419,1.108246,137436
850,419,1.082372,137561
851,419,1.134863,137636
852,419,1.131307,137716
852,420,-1.000272,137881
853,420,1.137397,137966
853,421,-1.000272,138076
854,421,1.085198,138196
855,421,1.106707,138311
855,422,-1.000272,138446
855,423,-1.000272,138581
856,423,1.12021,138666
856,424,-1.000272,138791
856,425,-1.000272,138906
857,425,1.113208,139016
858,425,1.12631,139096
858,426,-1.000272,139331
858,427,-1.000272,139491
858,428,-1.000272,139626
858,429,-1.000272,139736
858,430,-1.000272,139806
859,430,1.137397,139891
860,430,1.116837,139996
860,431,-0.98025,140141
861,431,1.076651,140271
861,432,-1.000272,140401
862,432,1.10282,140501
862,433,-1.000272,140641
862,434,-1.000272,140851
862,435,-0.98025,140966
862,436,-1.000272,141221
862,437,-1.000272,141526
862,438,-0.98025,141646
863,438,1.110839,141736
864,438,1.099728,141836
865,438,1.096815,141941
865,439,-1.000272,142131
865,440,-1.000272,142136
865,441,-0.98025,142326
865,442,-1.000272,142436
865,443,-0.98025,142561
865,444,-1.000272,142676
865,445,-1.000272,142761
865,446,-1.000272,142891
866,446,1.090637,143001
867,446,1.112087,143091
867,447,-1.000272,143206
867,448,-1.000272,143391
867,449,-1.000272,143501
868,449,1.073802,143636
868,450,-1.000272,143761
869,450,1.085935,143881
870,450,1.10984,143996
870,451,-1.000272,144176
871,451,1.089818,144291
872,451,1.097767,144396
872,452,-0.98025,144551
872,453,-1.000272,144686
872,454,-1.000272,144821
872,455,-1.000272,144951
873,455,1.090637,145061
874,455,1.12021,145146
875,455,1.110839,145236
876,455,1.118775,145321
877,455,1.160595,145396
877,456,-1.000272,145661
878,456,1.121679,145746
878,457,-0.98025,145856
879,457,1.065517,146011
879,458,-1.000272,146131
880,458,1.053204,146321
881,458,1.128446,146416
881,459,-1.000272,146536
882,459,1.078468,146666
883,459,1.104496,146786
883,460,-1.000272,146911
884,460,1.154885,146986
885,460,1.063019,147146
885,461,-1.000272,147256
885,462,-1.000272,147406
886,462,1.075485,147541
887,462,1.07272,147681
887,463,-1.000272,147791
887,464,-0.98025,147921
887,465,-1.000272,148006
888,465,1.083061,148126
888,466,-1.000272,148261
888,467,-1.000272,148376
888,468,-1.000272,148496
888,469,-1.000272,148621
889,469,1.073257,148761
890,469,1.164678,148831
891,469,1.128446,148926
891,470,-1.000272,149031
892,470,1.077853,149161
893,470,1.081028,149286
894,470,1.091179,149426
894,471,-1.000272,149576
894,472,-0.98025,149711
894,473,-1.000272,149841
894,473,-5.448073E-05,150012
894,474,-0.98025,150132
895,474,1.091471,150242
896,474,1.085198,150362
897,474,1.094067,150472
898,474,1.140573,150547
899,474,1.11975,150647
899,475,-1.000272,150842
899,476,-1.000272,150957
900,476,1.106707,151072
900,477,-1.000272,151187
900,478,-1.000272,151287
900,479,-0.98025,151392
900,480,-0.98025,151607
900,481,-1.000272,151757
900,482,-1.000272,151887
900,483,-1.000272,151892
901,483,1.140232,151977
902,483,1.103784,152097
902,484,-1.000272,152212
902,485,-1.000272,152292
903,485,1.12076,152392
904,485,1.101768,152492
904,486,-1.000272,152677
904,487,-0.98025,152832
904,488,-1.000272,153032
904,489,-1.000272,153037
904,490,-0.98025,153142
904,491,-1.000272,153267
905,491,1.081028,153392
905,492,-1.000272,153507
905,493,-1.000272,153697
905,494,-0.98025,153852
905,495,-0.98025,154017
905,496,-1.000272,154077
906,496,1.136029,154167
906,497,-1.000272,154282
907,497,1.07015,154427
907,498,-1.000272,154442
907,499,-1.000272,154557
907,500,-1.000272,154707
908,500,1.074355,154842
908,501,-1.000272,154932
908,502,-1.000272,155052
908,503,-1.000272,155197
909,503,1.112343,155307
909,504,-1.000272,155512
909,505,-1.000272,155627
910,505,1.07272,155767
911,505,1.10282,155867
912,505,1.123184,155952
912,506,-1.000272,156112
912,507,-1.000272,156337
912,508,-1.000272,156467
912,509,-1.000272,156657
913,509,1.171265,156727
913,510,-0.98025,156877
914,510,1.12076,156977
914,511,-1.000272,157032
914,512,-1.000272,157167
914,513,-1.000272,157277
914,514,-1.000272,157382
914,515,-1.000272,157532
915,515,1.054673,157717
916,515,1.05687,157892
917,515,1.079728,158017
917,516,-1.000272,158152
917,517,-1.000272,158262
917,518,-1.000272,158392
918,518,1.142585,158462
919,518,1.079274,158632
919,519,-1.000272,158737
919,520,-1.000272,158892
919,521,-1.000272,159022
920,521,1.079093,159152
921,521,1.103784,159272
921,522,-1.000272,159447
921,523,-1.000272,159562
921,524,-1.000272,159622
921,525,-1.000272,159752
921,526,-1.000272,159877
921,527,-1.000272,160047
922,527,1.064663,160202
923,527,1.112343,160312
923,528,-0.98025,160437
924,528,1.166394,160497
924,529,-1.000272,160592
924,530,-1.000272,160652
924,531,-0.98025,160762
924,532,-1.000272,160897
924,533,-1.000272,161097
925,533,1.140573,161172
926,533,1.126133,161267
926,534,-1.000272,161332
926,535,-1.000272,161482
927,535,1.189242,161542
928,535,1.138616,161617
928,536,-0.98025,161787
928,537,-0.98025,161927
928,538,-0.98025,162042
928,539,-0.98025,162137
929,539,1.108423,162232
929,540,-0.98025,162367
929,541,-1.000272,162517
930,541,1.095881,162622
930,542,-1.000272,162792
930,543,-1.000272,163017
930,544,-0.98025,163157
931,544,1.049233,163362
931,545,-1.000272,163522
931,546,-1.000272,163527
932,546,1.108423,163622
932,547,-1.000272,163757
932,548,-1.000272,163877
933,548,1.103894,163977
933,549,-1.000272,164102
933,550,-0.98025,164197
934,550,1.097767,164302
934,551,-1.000272,164412
935,551,1.084473,164532
935,552,-1.000272,164672
936,552,1.047121,164887
937,552,1.064244,165042
938,552,1.07167,165182
938,553,-1.000272,165297
939,553,1.116007,165387
940,553,1.081695,165512
940,554,-0.98025,165637
941,554,1.154885,165712
941,555,-1.000272,165817
942,555,1.116007,165907
943,555,1.083061,166027
944,555,1.086417,166177
945,555,1.098737,166282
945,556,-1.000272,166442
946,556,1.094067,166552
946,557,-0.98025,166607
947,557,1.09232,166717
948,557,1.093186,166827
949,557,1.101051,166952
949,558,-1.000272,167097
950,558,1.123917,167197
951,558,1.158458,167262
951,559,-0.98025,167412
952,559,1.101717,167537
952,560,-1.000272,167612
952,561,-1.000272,167807
952,562,-1.000272,167907
953,562,1.113364,167997
954,562,1.099728,168097
955,562,1.116007,168187
955,563,-0.98025,168322
955,564,-0.98025,168467
955,565,-0.98025,168557
955,566,-0.98025,168742
956,566,1.116007,168832
957,566,1.081028,168957
957,567,-0.98025,169137
957,568,-1.000272,169277
957,569,-1.000272,169407
958,569,1.093186,169517
958,570,-1.000272,169652
959,570,1.060566,169897
959,571,-1.000272,170002
959,572,-1.000272,170217
960,572,1.091471,170327
961,572,1.109618,170422
961,573,-0.98025,170427
961,574,-1.000272,170522
961,575,-1.000272,170577
961,576,-1.000272,170712
962,576,1.093824,170847
962,577,-0.98025,170982
962,578,-1.000272,171117
962,579,-1.000272,171267
962,580,-0.98025,171342
962,581,-0.98025,171462
962,582,-1.000272,171577
963,582,1.101768,171677
963,583,-1.000272,171732
963,584,-1.000272,171837
963,585,-0.98025,171897
963,586,-1.000272,172027
963,587,-1.000272,172137
963,588,-0.98025,172252
963,589,-0.98025,172462
963,590,-1.000272,172582
964,590,1.108246,172697
965,590,1.100738,172797
966,590,1.074916,172932
967,590,1.116007,173022
968,590,1.085198,173142
968,591,-1.000272,173307
968,592,-1.000272,173412
969,592,1.113208,173522
969,593,-1.000272,173657
970,593,1.144655,173727
971,593,1.083444,173887
971,594,-1.000272,174147
971,595,-0.98025,174237
972,595,1.118775,174322
973,595,1.081695,174447
974,595,1.116837,174552
975,595,1.10282,174652
976,595,1.085935,174772
976,596,-1.000272,174937
976,597,-1.000272,174952
976,597,-5.448073E-05,175013
976,598,-1.000272,175123
977,598,1.144655,175193
978,598,1.106111,175288
979,598,1.130861,175378
979,599,-1.000272,175493
979,600,-1.000272,175618
979,601,-1.000272,175708
979,602,-1.000272,175823
980,602,1.062228,175983
981,602,1.100738,176083
982,602,1.077247,176213
982,603,-1.000272,176298
982,604,-0.98025,176448
983,604,1.095881,176553
984,604,1.143207,176638
985,604,1.129598,176718
986,604,1.106111,176813
987,604,1.127933,176893
988,604,1.090637,177003
989,604,1.062228,177163
990,604,1.12964,177258
991,604,1.128446,177353
992,604,1.082372,177478
993,604,1.100738,177578
993,605,-1.000272,177718
993,606,-1.000272,177773
994,606,1.055283,177953
995,606,1.097767,178058
996,606,1.102395,178183
997,606,1.140573,178258
997,607,-1.000272,178278
998,607,1.116007,178368
998,608,-1.000272,178483
999,608,1.100738,178583
1000,608,1.109618,178678
1001,608,1.101768,178778
1001,609,-1.000272,178913
1001,610,-1.000272,178918
1001,611,-1.000272,179073
1002,611,1.101717,179198
1002,612,-1.000272,179353
1002,613,-1.000272,179473
1003,613,1.089818,179588
1004,613,1.097269,179718
1004,614,-1.000272,179888
1004,615,-1.000272,179998
1005,615,1.089818,180113
1006,615,1.089818,180228
1006,616,-1.000272,180388
1006,617,-1.000272,180548
1007,617,1.101051,180673
1007,618,-1.000272,180778
1008,618,1.089818,180893
1008,619,-1.000272,181128
1009,619,1.094966,181233
1010,619,1.089013,181348
1010,620,-1.000272,181498
1011,620,1.106111,181593
1011,621,-1.000272,181738
1011,622,-1.000272,181893
1012,622,1.129598,181973
1013,622,1.076568,182153
1014,622,1.099728,182253
1015,622,1.084473,182373
1015,623,-0.98025,182428
1016,623,1.076651,182558
1017,623,1.098737,182663
1018,623,1.072191,182803
1019,623,1.091471,182913
1020,623,1.089013,183028
1021,623,1.074355,183163
1022,623,1.068693,183308
1022,624,-1.000272,183443
1023,624,1.078468,183573
1024,624,1.109618,183668
1024,625,-0.98025,183773
1025,625,1.10522,183893
1026,625,1.113364,183983
1027,625,1.103894,184083
1027,626,-1.000272,184148
1027,627,-1.000272,184313
1027,628,-1.000272,184378
1027,629,-1.000272,184483
1027,630,-1.000272,184563
1028,630,1.076651,184693
1028,631,-1.000272,184748
1028,632,-0.98025,184823
1028,633,-1.000272,184933
1029,633,1.064663,185088
1030,633,1.057199,185263
1030,634,-0.98025,185423
1030,635,-0.98025,185493
1031,635,1.055593,185673
1031,636,-1.000272,185843
1031,637,-1.000272,185983
1031,638,-0.98025,186048
1031,639,-1.000272,186188
1031,640,-0.98025,186323
1032,640,1.07065,186468
1032,641,-1.000272,186593
1033,641,1.086684,186708
1033,642,-1.000272,186773
1033,643,-1.000272,186853
1033,644,-0.98025,186983
1033,645,-1.000272,187128
1033,646,-1.000272,187133
1033,647,-1.000272,187278
1033,648,-1.000272,187388
1033,649,-0.98025,187488
1034,649,1.160595,187563
1034,650,-1.000272,187693
1035,650,1.097767,187798
1036,650,1.118775,187883
1037,650,1.094966,187988
1037,651,-1.000272,188173
1038,651,1.095881,188278
1038,652,-1.000272,188468
1038,653,-1.000272,188613
1038,654,-1.000272,188708
1038,655,-1.000272,188818
1038,656,-1.000272,188823
1038,657,-1.000272,188953
1039,657,1.069658,189098
1039,658,-1.000272,189158
1039,659,-1.000272,189258
1040,659,1.133061,189333
1040,660,-1.000272,189468
1040,661,-1.000272,189593
1040,662,-1.000272,189683
1041,662,1.085109,189838
1042,662,1.087447,189953
1042,663,-1.000272,190103
1042,664,-1.000272,190218
1042,665,-1.000272,190368
1043,665,1.071156,190508
1044,665,1.099728,190608
1044,666,-1.000272,190723
1044,667,-1.000272,190833
1044,668,-1.000272,191028
1045,668,1.067295,191178
1045,669,-0.98025,191298
1046,669,1.097269,191428
1046,670,-0.98025,191578
1047,670,1.094966,191683
1047,671,-1.000272,191788
1048,671,1.065087,191943
1048,672,-1.000272,191998
1048,673,-1.000272,192133
1048,674,-0.98025,192278
1048,675,-1.000272,192383
1049,675,1.097767,192488
1049,676,-1.000272,192603
1050,676,1.077853,192733
1050,677,-1.000272,192853
1050,678,-1.000272,192913
1050,679,-1.000272,193043
1050,680,-1.000272,193163
1051,680,1.094067,193273
1052,680,1.138616,193348
1053,680,1.080373,193473
1053,681,-1.000272,193608
1053,682,-1.000272,193698
1054,682,1.106707,193813
1054,683,-1.000272,193938
1055,683,1.07167,194078
1055,684,-1.000272,194323
1055,685,-1.000272,194418
1056,685,1.053204,194608
1057,685,1.131307,194688
1058,685,1.086684,194803
1058,686,-1.000272,194988
1058,687,-1.000272,195133
1058,688,-1.000272,195273
1058,689,-1.000272,195328
1059,689,1.108246,195443
1060,689,1.076064,195578
1061,689,1.107255,195673
1062,689,1.126133,195768
1063,689,1.093186,195878
1064,689,1.109618,195973
1064,690,-1.000272,196163
1064,691,-1.000272,196293
1064,692,-1.000272,196413
1064,693,-0.98025,196558
1064,694,-1.000272,196738
1065,694,1.098737,196843
1065,695,-1.000272,196933
1066,695,1.113208,197043
1066,696,-1.000272,197163
1067,696,1.069172,197308
1067,697,-1.000272,197443
1067,698,-1.000272,197518
1067,699,-0.98025,197623
1068,699,1.138616,197698
1068,700,-0.98025,197838
1068,701,-1.000272,197968
1069,701,1.081478,198133
1069,702,-1.000272,198263
1070,702,1.081028,198388
1070,703,-1.000272,198493
1070,704,-0.98025,198548
1071,704,1.114988,198653
1071,705,-1.000272,198768
1071,706,-1.000272,198868
1071,707,-1.000272,198873
1071,708,-1.000272,198988
1071,709,-0.98025,199058
1071,710,-1.000272,199148
1071,711,-1.000272,199308
1071,712,-1.000272,199408
1071,713,-1.000272,199533
1072,713,1.09232,199643
1073,713,1.151329,199723
1073,714,-1.000272,199803
1074,714,1.116007,199893
1074,715,-1.000272,199953
1074,715,-5.448073E-05,200014
1075,715,1.143207,200099
1076,715,1.099728,200199
1076,716,-1.000272,200324
1076,717,-0.98025,200409
1076,718,-1.000272,200494
1077,718,1.068221,200644
1077,719,-1.000272,200754
1077,720,-1.000272,200809
1077,721,-1.000272,200944
1077,722,-1.000272,201009
1077,723,-1.000272,201134
1077,724,-1.000272,201269
1077,725,-1.000272,201384
1077,726,-1.000272,201509
1077,727,-0.98025,201624
1078,727,1.069658,201769
1079,727,1.069172,201914
1079,728,-1.000272,202049
1080,728,1.09849,202179
1081,728,1.094966,202284
1081,729,-0.98025,202344
1081,730,-1.000272,202479
1081,731,-1.000272,202609
1082,731,1.11409,202719
1082,732,-1.000272,202799
1082,733,-0.98025,202919
1082,734,-1.000272,203099
1082,735,-0.98025,203254
1082,736,-0.98025,203334
1082,737,-1.000272,203409
1082,738,-1.000272,203534
1082,739,-1.000272,203659
1083,739,1.146332,203739
1084,739,1.114988,203844
1085,739,1.109618,203939
1085,740,-1.000272,204004
1085,741,-1.000272,204009
1085,742,-1.000272,204139
1085,743,-1.000272,204254
1085,744,-1.000272,204359
1085,745,-1.000272,204484
1086,745,1.128446,204579
1087,745,1.096815,204684
1087,746,-1.000272,204749
1087,747,-1.000272,204809
1088,747,1.080373,204934
1089,747,1.094938,205069
1089,748,-1.000272,205209
1090,748,1.071156,205349
1090,749,-1.000272,205499
1090,750,-1.000272,205654
1090,751,-1.000272,205919
1090,752,-1.000272,206044
1090,753,-1.000272,206124
1090,754,-1.000272,206179
1090,755,-1.000272,206319
1091,755,1.076651,206449
1092,755,1.089013,206564
1092,756,-1.000272,206819
1092,757,-1.000272,207009
1092,758,-0.98025,207014
1092,759,-1.000272,207109
1092,760,-1.000272,207299
1092,761,-1.000272,207439
1093,761,1.072191,207579
1094,761,1.107255,207674
1094,762,-1.000272,207739
1095,762,1.07015,207884
1096,762,1.085198,208004
1097,762,1.086684,208119
1097,763,-1.000272,208304
1097,764,-1.000272,208449
1097,765,-1.000272,208589
1097,766,-1.000272,208739
1097,767,-1.000272,209044
1097,768,-1.000272,209244
1098,768,1.123917,209344
1098,769,-1.000272,209349
1098,770,-1.000272,209504
1098,771,-1.000272,209584
1098,772,-0.98025,209664
1098,773,-1.000272,209834
1098,774,-1.000272,209939
1098,775,-1.000272,210214
1099,775,1.076064,210349
1100,775,1.074355,210484
1100,776,-1.000272,210539
1101,776,1.117375,210624
1101,777,-0.98025,210739
1101,778,-0.98025,210844
1101,779,-1.000272,210969
1102,779,1.113364,211059
1102,780,-0.98025,211199
1103,780,1.050233,211399
1103,781,-1.000272,211534
1104,781,1.045599,211754
1104,782,-0.98025,211844
1104,783,-1.000272,211974
1104,784,-1.000272,212124
1104,785,-1.000272,212259
1104,786,-1.000272,212264
1105,786,1.097767,212369
1105,787,-1.000272,212549
1105,788,-0.98025,212729
1106,788,1.077853,212859
1107,788,1.087777,213009
1108,788,1.085975,213164
1108,789,-1.000272,213274
1108,790,-0.98025,213374
1109,790,1.09849,213504
1109,791,-1.000272,213629
1109,792,-1.000272,213729
1109,793,-0.98025,213824
1109,794,-1.000272,213944
1110,794,1.11467,214034
1110,795,-1.000272,214114
1110,796,-1.000272,214234
1110,797,-1.000272,214314
1110,798,-1.000272,214434
1110,799,-1.000272,214439
1110,800,-1.000272,214499
1111,800,1.083061,214619
1111,801,-1.000272,214739
1111,802,-1.000272,214744
1112,802,1.071563,214939
1112,803,-1.000272,215109
1112,804,-1.000272,215114
1112,805,-1.000272,215294
1112,806,-1.000272,215349
1112,807,-1.000272,215474
1113,807,1.101768,215574
1113,808,-0.98025,215699
1113,809,-1.000272,215804
1114,809,1.073257,215944
1114,810,-1.000272,216059
1114,811,-1.000272,216179
1115,811,1.112343,216289
1115,812,-1.000272,216414
1115,813,-1.000272,216519
1116,813,1.127277,216614
1117,813,1.096815,216719
1117,814,-1.000272,216874
1117,815,-0.98025,216994
1118,815,1.100738,217094
1118,816,-1.000272,217259
1119,816,1.096086,217394
1119,817,-1.000272,217534
1120,817,1.090637,217644
1120,818,-1.000272,217649
1121,818,1.059969,217819
1121,819,-1.000272,217984
1121,820,-0.98025,218044
1122,820,1.096815,218149
1123,820,1.101717,218274
1123,821,-1.000272,218384
1124,821,1.079093,218514
1125,821,1.116007,218604
1126,821,1.072191,218744
1126,822,-1.000272,218869
1127,822,1.089013,218984
1128,822,1.117375,219069
1129,822,1.118775,219154
1130,822,1.060334,219319
1130,823,-0.98025,219494
1130,824,-1.000272,219619
1131,824,1.058207,219794
1132,824,1.080373,219919
1132,825,-1.000272,220119
1133,825,1.107469,220234
1133,826,-0.98025,220409
1133,827,-1.000272,220564
1134,827,1.12021,220649
1135,827,1.078468,220779
1136,827,1.096673,220909
1136,828,-0.98025,221049
1136,829,-1.000272,221134
1137,829,1.03284,221439
1138,829,1.109036,221554
1139,829,1.07789,221729
1140,829,1.068693,221874
1140,830,-1.000272,222019
1140,831,-1.000272,222104
1141,831,1.098737,222209
1141,832,-1.000272,222364
1141,833,-1.000272,222509
1142,833,1.079274,222679
1143,833,1.07015,222824
1144,833,1.081695,222949
1145,833,1.082372,223074
1145,834,-1.000272,223274
1145,835,-1.000272,223344
1146,835,1.066842,223494
1147,835,1.089818,223609
1147,836,-1.000272,223789
1148,836,1.100738,223889
1148,837,-0.98025,224089
1149,837,1.093186,224199
1149,838,-1.000272,224434
1150,838,1.053204,224624
1151,838,1.08225,224784
1152,838,1.094966,224889
1152,839,-1.000272,224949
1152,839,-5.448073E-05,225015
1153,839,1.103784,225135
1153,840,-1.000272,225275
1153,841,-1.000272,225395
1153,842,-1.000272,225525
1153,843,-1.000272,225795
1153,844,-1.000272,225965
1154,844,1.064244,226120
1154,845,-1.000272,226250
1154,846,-0.98025,226415
1154,847,-0.98025,226475
1155,847,1.10282,226575
1156,847,1.082372,226700
1157,847,1.101768,226800
1157,848,-1.000272,227025
1157,849,-1.000272,227120
1157,850,-1.000272,227180
1158,850,1.094966,227285
1158,851,-0.98025,227410
1159,851,1.106111,227505
1160,851,1.083761,227625
1161,851,1.121791,227725
1161,852,-1.000272,227845
1162,852,1.07272,227985
1163,852,1.096673,228115
1163,853,-1.000272,228180
1164,853,1.071156,228320
1165,853,1.081695,228445
1165,854,-1.000272,228540
1165,855,-1.000272,228595
1165,856,-1.000272,228710
1166,856,1.127933,228790
1166,857,-1.000272,228925
1166,858,-1.000272,229025
1167,858,1.07272,229165
1167,859,-1.000272,229265
1168,859,1.058899,229435
1168,860,-1.000272,229565
1169,860,1.066842,229715
1169,861,-0.98025,229970
1169,862,-1.000272,230060
1170,862,1.063019,230220
1170,863,-1.000272,230330
1171,863,1.113208,230440
1171,864,-1.000272,230510
1172,864,1.083061,230630
1173,864,1.062621,230790
1174,864,1.09975,230915
1174,865,-1.000272,231025
1175,865,1.069172,231170
1175,866,-0.98025,231360
1176,866,1.115904,231465
1177,866,1.050748,231665
1177,867,-1.000272,231830
1178,867,1.095508,231965
1179,867,1.108423,232060
1179,868,-1.000272,232275
1179,869,-1.000272,232380
1179,870,-1.000272,232520
1179,871,-0.98025,232575
1179,872,-0.98025,232720
1179,873,-1.000272,232885
1179,874,-0.98025,232945
1180,874,1.043975,233175
1180,875,-1.000272,233410
1180,876,-1.000272,233495
1180,877,-1.000272,233595
1180,878,-1.000272,233825
1181,878,1.127933,233905
1182,878,1.11876,234010
1183,878,1.083761,234130
1184,878,1.097767,234235
1184,879,-1.000272,234325
1184,880,-1.000272,234475
1185,880,1.077247,234605
1186,880,1.082643,234765
1186,881,-1.000272,234870
1187,881,1.091471,234980
1187,882,-1.000272,235120
1187,883,-1.000272,235225
1188,883,1.087777,235375
1189,883,1.097767,235480
1189,884,-1.000272,235585
1189,885,-1.000272,235595
1189,886,-0.98025,235705
1190,886,1.095881,235810
1191,886,1.079728,235935
1191,887,-0.98025,235995
1191,888,-1.000272,236055
1191,889,-0.98025,236130
1191,890,-1.000272,236240
1191,891,-1.000272,236340
1191,892,-0.98025,236485
1191,893,-1.000272,236685
1192,893,1.122843,236785
1192,894,-1.000272,236920
1192,895,-1.000272,237050
1192,896,-1.000272,237155
1193,896,1.103083,237275
1194,896,1.082372,237400
1195,896,1.101768,237500
1195,897,-0.98025,237640
1195,898,-0.98025,237710
1195,899,-0.98025,237825
1196,899,1.074355,237960
1196,900,-1.000272,238125
1196,901,-1.000272,238235
1197,901,1.07015,238380
1198,901,1.13211,238470
1198,902,-1.000272,238580
1198,903,-1.000272,238700
1199,903,1.095508,238835
1200,903,1.094966,238940
1201,903,1.084473,239060
1202,903,1.060334,239225
1203,903,1.076651,239355
1204,903,1.052919,239545
1205,903,1.083061,239665
1206,903,1.095508,239800
1206,904,-0.98025,239915
1206,905,-1.000272,240040
1206,906,-1.000272,240120
1206,907,-1.000272,240285
1207,907,1.099728,240385
1207,908,-0.98025,240505
1208,908,1.042646,240740
1209,908,1.09849,240870
1210,908,1.068693,241015
1211,908,1.083761,241135
1212,908,1.095881,241240
1213,908,1.091471,241350
1213,909,-1.000272,241460
1213,910,-0.98025,241540
1213,911,-1.000272,241665
1214,911,1.100738,241765
1215,911,1.083444,241925
1216,911,1.059276,242180
1216,912,-1.000272,242350
1216,913,-1.000272,242465
1216,914,-0.98025,242600
1216,915,-1.000272,242715
1217,915,1.085975,242870
1218,915,1.096086,243005
1218,916,-1.000272,243105
1218,917,-1.000272,243210
1219,917,1.104496,243330
1219,918,-0.98025,243435
1220,918,1.078468,243565
1221,918,1.099115,243695
1222,918,1.077853,243825
1222,919,-1.000272,243915
1223,919,1.09232,244025
1224,919,1.096815,244130
1224,920,-0.98025,244230
1225,920,1.09232,244340
1225,921,-1.000272,244400
1226,921,1.089013,244515
1227,921,1.123184,244600
1227,922,-1.000272,244720
1228,922,1.156736,244795
1229,922,1.078468,244925
1229,923,-1.000272,245040
1230,923,1.110839,245130
1230,924,-1.000272,245215
1231,924,1.089818,245330
1232,924,1.109618,245425
1233,924,1.07167,245565
1234,924,1.087447,245680
1235,924,1.082372,245805
1235,925,-1.000272,245900
1235,926,-1.000272,245990
1236,926,1.063422,246150
1236,927,-1.000272,246310
1236,928,-1.000272,246430
1236,929,-1.000272,246555
1237,929,1.07272,246695
1238,929,1.10282,246795
1239,929,1.107255,246890
1239,930,-1.000272,246995
1240,930,1.089818,247110
1240,931,-1.000272,247240
1241,931,1.083761,247360
1241,932,-1.000272,247365
1241,933,-0.98025,247475
1242,933,1.099728,247575
1242,934,-0.98025,247640
1243,934,1.10282,247740
1244,934,1.074355,247875
1245,934,1.123184,247960
1245,935,-1.000272,248135
1245,936,-1.000272,248195
1246,936,1.105957,248315
1246,937,-1.000272,248450
1247,937,1.083761,248570
1248,937,1.060703,248735
1248,938,-1.000272,248875
1249,938,1.103083,248995
1250,938,1.094377,249130
1251,938,1.065953,249285
1252,938,1.140573,249360
1252,939,-1.000272,249365
1253,939,1.096815,249470
1253,940,-0.98025,249530
1254,940,1.09975,249655
1254,941,-0.98025,249760
1254,942,-0.98025,249900
