Goals,Deaths,Reward,Step 
0,0,0,0
1,0,1.117789,105
2,0,1.169004,175
2,1,-0.98025,440
3,1,1.227,485
3,2,-1.000272,625
4,2,1.151243,695
5,2,1.199728,745
6,2,1.333061,775
7,2,1.199728,825
8,2,1.192035,880
8,2,-5.448073E-05,881
9,2,1.065622,1101
10,2,1.161018,1166
11,2,1.107469,1281
12,2,1.269998,1321
12,3,-1.000272,1451
12,4,-1.000272,1576
12,5,-1.000272,1751
13,5,1.091471,1861
14,5,1.090637,1971
14,6,-1.000272,1976
14,7,-1.000272,2096
15,7,1.199728,2146
15,8,-0.98025,2211
16,8,1.107255,2306
17,8,1.208429,2361
17,9,-0.98025,2521
18,9,1.169219,2581
19,9,1.083061,2701
20,9,1.163662,2766
21,9,1.169219,2826
22,9,1.133061,2901
23,9,1.163662,2966
24,9,1.081028,3091
24,10,-1.000272,3296
25,10,1.161018,3361
26,10,1.164678,3431
27,10,1.12631,3511
28,10,1.13211,3601
29,10,1.121679,3686
30,10,1.136029,3776
31,10,1.247023,3821
32,10,1.142585,3891
33,10,1.223832,3941
34,10,1.175166,4001
34,11,-1.000272,4226
35,11,1.223832,4276
36,11,1.074916,4411
37,11,1.164678,4481
38,11,1.227,4526
38,12,-1.000272,4861
39,12,1.178299,4921
39,13,-0.98025,5046
40,13,1.11467,5136
41,13,1.181546,5191
42,13,1.081695,5316
43,13,1.17848,5381
44,13,1.084473,5501
45,13,1.195806,5556
46,13,1.178299,5616
47,13,1.081695,5741
48,13,1.161018,5806
49,13,1.077247,5936
50,13,1.175166,5996
51,13,1.163662,6061
52,13,1.176,6126
53,13,1.108423,6221
54,13,1.103894,6321
55,13,1.094067,6431
56,13,1.12631,6511
57,13,1.184913,6566
58,13,1.089013,6681
59,13,1.169219,6741
59,14,-1.000272,6926
60,14,1.151243,6996
60,15,-1.000272,7121
61,15,1.269998,7161
62,15,1.080726,7326
63,15,1.155978,7391
64,15,1.097767,7496
65,15,1.144655,7566
66,15,1.097767,7671
66,16,-1.000272,7811
67,16,1.208061,7861
68,16,1.101768,7961
69,16,1.103894,8061
70,16,1.100738,8161
71,16,1.155978,8226
72,16,1.169004,8296
73,16,1.364578,8326
73,17,-1.000272,8486
74,17,1.195806,8541
75,17,1.178299,8601
76,17,1.13211,8691
77,17,1.181546,8746
77,18,-1.000272,8926
78,18,1.227,8971
79,18,1.098737,9076
80,18,1.163662,9141
80,19,-0.98025,9291
80,20,-0.98025,9416
81,20,1.212058,9471
82,20,1.169004,9541
82,21,-0.98025,9631
82,22,-0.98025,9781
82,23,-1.000272,9786
83,23,1.123184,9871
84,23,1.282908,9911
85,23,1.113364,10001
86,23,1.082372,10126
87,23,1.17848,10191
88,23,1.232286,10236
89,23,1.13211,10326
90,23,1.156736,10401
91,23,1.155978,10466
92,23,1.151243,10536
93,23,1.11467,10626
94,23,1.188407,10681
95,23,1.138616,10756
96,23,1.195189,10816
96,24,-1.000272,10981
97,24,1.085198,11101
98,24,1.106111,11196
99,24,1.108423,11291
99,25,-1.000272,11441
100,25,1.237823,11486
100,26,-1.000272,11621
100,27,-1.000272,11841
101,27,1.195806,11896
101,28,-1.000272,12076
102,28,1.124728,12156
103,28,1.142585,12226
104,28,1.117375,12311
104,29,-0.98025,12616
105,29,1.188407,12671
105,30,-1.000272,12856
106,30,1.153574,12921
107,30,1.153083,12996
108,30,1.088243,13146
109,30,1.188407,13201
110,30,1.066842,13351
110,31,-0.98025,13481
111,31,1.178299,13541
111,32,-1.000272,13676
112,32,1.151243,13746
113,32,1.074355,13881
114,32,1.129598,13961
115,32,1.195806,14016
116,32,1.195189,14076
116,33,-1.000272,14186
117,33,1.117375,14271
118,33,1.099728,14371
118,34,-0.98025,14506
119,34,1.103894,14606
119,35,-1.000272,14731
120,35,1.164678,14801
120,36,-1.000272,14956
121,36,1.232286,15001
122,36,1.048271,15211
123,36,1.237141,15261
124,36,1.093186,15371
125,36,1.237823,15416
126,36,1.081028,15541
127,36,1.07065,15686
128,36,1.21975,15736
128,37,-1.000272,15851
129,37,1.127933,15931
129,38,-0.98025,15986
130,38,1.175166,16046
131,38,1.217119,16096
132,38,1.131307,16176
133,38,1.117375,16261
134,38,1.098737,16366
135,38,1.084473,16486
136,38,1.130861,16576
137,38,1.256138,16616
137,39,-1.000272,16791
138,39,1.163662,16856
139,39,1.151243,16926
140,39,1.118775,17011
140,40,-1.000272,17136
141,40,1.095881,17241
142,40,1.161018,17306
142,41,-1.000272,17406
143,41,1.223832,17456
144,41,1.223832,17506
144,42,-1.000272,17611
145,42,1.188407,17666
145,43,-1.000272,17831
146,43,1.269998,17871
147,43,1.155978,17936
147,44,-1.000272,18121
148,44,1.118775,18206
148,45,-0.98025,18346
149,45,1.122843,18446
150,45,1.237141,18496
151,45,1.252308,18541
152,45,1.121791,18641
153,45,1.131307,18721
154,45,1.11409,18831
155,45,1.082372,18956
156,45,1.215828,19011
156,46,-0.98025,19146
157,46,1.186417,19206
157,47,-1.000272,19386
157,48,-0.98025,19561
158,48,1.189242,19621
159,48,1.140232,19706
160,48,1.130861,19796
160,49,-0.98025,19941
161,49,1.143207,20026
161,50,-0.98025,20131
162,50,1.181546,20186
163,50,1.184913,20241
164,50,1.192035,20296
165,50,1.227,20341
165,51,-1.000272,20471
166,51,1.153574,20536
167,51,1.104496,20656
168,51,1.097269,20786
169,51,1.133061,20861
169,52,-0.98025,21066
170,52,1.133386,21156
171,52,1.192035,21211
171,53,-1.000272,21346
172,53,1.054976,21531
173,53,1.073257,21671
174,53,1.184913,21726
175,53,1.155978,21791
176,53,1.14962,21871
177,53,1.18104,21936
178,53,1.138616,22011
179,53,1.176,22076
180,53,1.112087,22166
181,53,1.247023,22211
182,53,1.166809,22281
183,53,1.269998,22321
183,54,-1.000272,22481
183,55,-1.000272,22631
184,55,1.141701,22716
185,55,1.158639,22791
186,55,1.065087,22946
187,55,1.086684,23061
188,55,1.215828,23116
189,55,1.151243,23186
190,55,1.140232,23271
191,55,1.097767,23376
191,56,-1.000272,23506
192,56,1.130861,23596
192,57,-1.000272,23686
193,57,1.098737,23791
194,57,1.172141,23851
195,57,1.175166,23911
196,57,1.237141,23961
197,57,1.11975,24061
198,57,1.147955,24141
198,58,-1.000272,24281
199,58,1.169219,24341
200,58,1.079728,24466
200,59,-1.000272,24606
201,59,1.169219,24666
202,59,1.155978,24731
203,59,1.07015,24876
204,59,1.208061,24926
204,59,-5.448073E-05,25007
205,59,1.183684,25072
205,60,-1.000272,25227
205,61,-1.000272,25352
205,62,-0.98025,25507
206,62,1.108423,25602
206,63,-1.000272,25772
207,63,1.123917,25872
207,64,-1.000272,26037
208,64,1.118775,26122
209,64,1.121679,26207
210,64,1.140232,26292
211,64,1.151329,26372
212,64,1.130861,26462
213,64,1.084685,26617
214,64,1.067295,26767
214,65,-1.000272,26867
214,66,-1.000272,27052
215,66,1.046024,27272
216,66,1.131307,27352
217,66,1.053491,27542
217,67,-0.98025,27707
217,68,-1.000272,27797
217,69,-1.000272,27927
217,70,-1.000272,28067
217,71,-1.000272,28202
217,72,-1.000272,28367
218,72,1.138616,28442
219,72,1.134693,28532
220,72,1.084473,28652
220,73,-1.000272,28827
221,73,1.096815,28932
222,73,1.113364,29022
223,73,1.158458,29087
223,74,-1.000272,29262
224,74,1.162607,29332
224,75,-1.000272,29457
225,75,1.146786,29527
226,75,1.153083,29602
226,76,-1.000272,29727
227,76,1.118775,29812
227,77,-1.000272,29947
227,78,-0.98025,30077
227,79,-1.000272,30132
228,79,1.09849,30262
229,79,1.142585,30332
230,79,1.093186,30442
230,80,-0.98025,30447
231,80,1.146786,30517
232,80,1.109618,30612
233,80,1.07272,30752
234,80,1.172141,30812
235,80,1.062485,31047
236,80,1.099728,31147
237,80,1.171265,31217
238,80,1.07789,31392
239,80,1.106111,31487
239,81,-1.000272,31592
239,82,-0.98025,31732
240,82,1.176,31797
241,82,1.095508,31932
242,82,1.215828,31987
242,83,-1.000272,32202
243,83,1.116007,32292
243,84,-1.000272,32442
244,84,1.0811,32607
244,85,-1.000272,32717
244,86,-0.98025,32897
245,86,1.102395,33022
246,86,1.158458,33087
246,87,-1.000272,33222
247,87,1.060703,33387
248,87,1.063019,33547
248,88,-1.000272,33682
249,88,1.074355,33817
249,89,-1.000272,33952
249,90,-1.000272,34077
250,90,1.156736,34152
251,90,1.104496,34272
251,91,-1.000272,34387
252,91,1.131307,34467
253,91,1.103894,34567
254,91,1.201568,34622
255,91,1.256138,34662
256,91,1.077853,34792
257,91,1.166394,34852
258,91,1.075485,34987
259,91,1.094966,35092
260,91,1.090637,35202
261,91,1.087447,35317
262,91,1.147955,35397
262,92,-0.98025,35512
262,93,-1.000272,35652
263,93,1.161018,35717
263,94,-0.98025,35897
263,95,-1.000272,35992
264,95,1.093279,36132
265,95,1.074916,36267
265,96,-0.98025,36382
266,96,1.136714,36457
267,96,1.114988,36562
268,96,1.11467,36652
269,96,1.131307,36732
270,96,1.142585,36802
271,96,1.138616,36877
272,96,1.124728,36957
273,96,1.075485,37092
274,96,1.099728,37192
275,96,1.077853,37322
276,96,1.094067,37432
277,96,1.059251,37602
278,96,1.146786,37672
278,97,-0.98025,37737
279,97,1.124728,37817
279,98,-1.000272,37977
280,98,1.090637,38087
281,98,1.106111,38182
281,99,-1.000272,38237
282,99,1.116837,38342
283,99,1.212058,38397
283,100,-1.000272,38457
284,100,1.163662,38522
285,100,1.074355,38657
286,100,1.077853,38787
287,100,1.127933,38867
287,101,-1.000272,39057
287,102,-0.98025,39297
288,102,1.090637,39407
289,102,1.107255,39502
289,103,-1.000272,39687
289,104,-1.000272,39837
290,104,1.087777,39987
291,104,1.121791,40087
291,105,-1.000272,40092
292,105,1.089013,40207
292,106,-1.000272,40447
293,106,1.131307,40527
293,107,-1.000272,40687
293,108,-1.000272,40872
294,108,1.134863,40947
294,109,-1.000272,41057
294,110,-1.000272,41152
294,111,-1.000272,41297
294,112,-1.000272,41482
295,112,1.109036,41597
296,112,1.083061,41717
297,112,1.227,41762
297,113,-1.000272,41862
297,114,-1.000272,42032
298,114,1.123184,42117
298,115,-1.000272,42257
298,116,-1.000272,42452
299,116,1.117375,42537
300,116,1.158458,42602
301,116,1.172141,42662
302,116,1.116837,42767
302,117,-1.000272,42917
303,117,1.067755,43067
304,117,1.105957,43187
304,118,-1.000272,43322
304,119,-1.000272,43492
305,119,1.237823,43537
305,120,-0.98025,43657
306,120,1.121679,43742
307,120,1.155978,43807
308,120,1.07065,43952
309,120,1.163662,44017
309,121,-1.000272,44127
310,121,1.155978,44192
310,122,-1.000272,44382
311,122,1.108423,44477
311,123,-1.000272,44607
311,124,-0.98025,44722
312,124,1.212494,44772
313,124,1.086684,44887
314,124,1.127933,44967
315,124,1.188407,45022
316,124,1.107255,45117
316,125,-1.000272,45217
316,126,-0.98025,45362
316,127,-1.000272,45492
316,128,-1.000272,45602
317,128,1.164678,45672
318,128,1.089013,45787
319,128,1.11467,45877
319,129,-0.98025,46002
320,129,1.158458,46067
321,129,1.09232,46177
322,129,1.086684,46292
323,129,1.081695,46417
324,129,1.104991,46512
325,129,1.087447,46627
326,129,1.057867,46802
327,129,1.089818,46917
327,130,-0.98025,47042
328,130,1.138798,47127
328,131,-0.98025,47257
328,132,-1.000272,47482
329,132,1.101768,47582
330,132,1.186417,47642
330,133,-0.98025,47802
330,134,-0.98025,47957
331,134,1.163662,48022
331,135,-1.000272,48192
332,135,1.123917,48292
332,136,-1.000272,48457
333,136,1.124728,48537
334,136,1.181546,48592
334,137,-1.000272,48777
335,137,1.127933,48857
336,137,1.069658,49002
337,137,1.085109,49157
338,137,1.121679,49242
339,137,1.077853,49372
340,137,1.081695,49497
341,137,1.22195,49542
341,138,-1.000272,49702
342,138,1.104991,49797
343,138,1.113364,49887
344,138,1.151243,49957
344,138,0.00395,50008
345,138,1.094966,50113
346,138,1.089818,50228
346,139,-0.98025,50383
347,139,1.117375,50468
348,139,1.129598,50548
349,139,1.136714,50623
349,140,-1.000272,50768
350,140,1.054372,50953
351,140,1.144655,51023
352,140,1.095881,51128
353,140,1.090637,51238
353,141,-1.000272,51453
354,141,1.133061,51528
355,141,1.131307,51608
356,141,1.081695,51733
357,141,1.186417,51793
357,142,-1.000272,51993
357,143,-0.98025,52118
358,143,1.128446,52213
358,144,-1.000272,52333
359,144,1.103894,52433
359,145,-1.000272,52513
359,146,-0.98025,52698
360,146,1.155978,52763
361,146,1.153083,52838
362,146,1.176,52903
363,146,1.138616,52978
363,147,-1.000272,53198
363,148,-1.000272,53273
363,149,-1.000272,53368
364,149,1.095881,53473
365,149,1.089818,53588
366,149,1.059608,53758
366,150,-1.000272,53918
367,150,1.134863,53993
367,151,-1.000272,54153
368,151,1.129598,54233
368,152,-0.98025,54353
369,152,1.115904,54458
370,152,1.134863,54533
370,153,-1.000272,54658
370,154,-1.000272,54763
371,154,1.121679,54848
371,155,-0.98025,54963
371,156,-1.000272,54983
372,156,1.113364,55073
373,156,1.151329,55153
373,157,-0.98025,55288
374,157,1.144655,55358
375,157,1.176,55423
376,157,1.172141,55483
376,158,-1.000272,55503
376,159,-0.98025,55683
377,159,1.166394,55743
378,159,1.146786,55813
379,159,1.12631,55893
379,160,-1.000272,56018
380,160,1.186417,56078
381,160,1.158458,56143
382,160,1.11409,56253
383,160,1.121679,56338
383,161,-0.98025,56438
384,161,1.113364,56528
385,161,1.134863,56603
386,161,1.11467,56693
387,161,1.083061,56813
388,161,1.169219,56873
388,162,-1.000272,57033
389,162,1.098737,57138
390,162,1.090637,57248
391,162,1.090637,57358
392,162,1.109618,57453
393,162,1.195806,57508
393,163,-1.000272,57633
394,163,1.094067,57743
395,163,1.156736,57818
396,163,1.130861,57908
397,163,1.121679,57993
398,163,1.121679,58078
399,163,1.106111,58173
399,164,-1.000272,58358
400,164,1.09232,58468
401,164,1.121791,58568
401,165,-1.000272,58718
402,165,1.153574,58783
402,166,-1.000272,58888
403,166,1.134863,58963
404,166,1.128446,59058
405,166,1.148981,59128
406,166,1.116007,59218
406,167,-1.000272,59313
407,167,1.140573,59388
408,167,1.116007,59478
408,168,-1.000272,59603
409,168,1.121679,59688
410,168,1.166394,59748
411,168,1.127933,59828
412,168,1.175166,59888
412,169,-1.000272,59993
413,169,1.100738,60093
413,170,-1.000272,60228
413,171,-0.98025,60363
414,171,1.143207,60448
414,172,-0.98025,60583
415,172,1.076064,60718
415,173,-0.98025,60853
416,173,1.06383,61013
417,173,1.204935,61068
418,173,1.142585,61138
419,173,1.101768,61238
420,173,1.169004,61308
421,173,1.110839,61398
422,173,1.140232,61483
423,173,1.113208,61593
424,173,1.101051,61718
425,173,1.109618,61813
426,173,1.09975,61938
427,173,1.148981,62008
428,173,1.136029,62098
429,173,1.097767,62203
429,174,-0.98025,62308
430,174,1.161018,62373
431,174,1.166394,62433
432,174,1.142585,62503
433,174,1.237141,62553
434,174,1.12021,62638
435,174,1.103784,62758
436,174,1.087447,62873
436,175,-1.000272,63018
437,175,1.192164,63078
438,175,1.10282,63178
439,175,1.169219,63238
440,175,1.129598,63318
441,175,1.093186,63428
442,175,1.125013,63523
443,175,1.147955,63603
444,175,1.083761,63723
444,176,-1.000272,63833
445,176,1.11876,63938
446,176,1.12631,64018
446,177,-1.000272,64138
447,177,1.169219,64198
448,177,1.161018,64263
448,178,-1.000272,64363
449,178,1.121679,64448
450,178,1.108423,64543
451,178,1.133386,64633
452,178,1.141701,64718
452,179,-1.000272,64843
452,180,-1.000272,64978
453,180,1.118775,65063
453,181,-1.000272,65213
454,181,1.12021,65298
454,182,-1.000272,65433
454,183,-0.98025,65443
454,184,-1.000272,65583
455,184,1.095881,65688
456,184,1.136714,65763
457,184,1.061456,65928
457,185,-1.000272,66048
458,185,1.249728,66088
459,185,1.183684,66153
460,185,1.108423,66248
461,185,1.195806,66303
462,185,1.104991,66398
463,185,1.121791,66498
464,185,1.134863,66573
465,185,1.118775,66658
466,185,1.184913,66713
467,185,1.122843,66813
468,185,1.175166,66873
469,185,1.171265,66943
469,186,-1.000272,67078
470,186,1.107255,67173
471,186,1.106111,67268
472,186,1.131307,67348
473,186,1.106111,67443
474,186,1.075485,67578
475,186,1.089013,67693
476,186,1.148981,67763
477,186,1.12076,67863
478,186,1.088223,67978
478,187,-0.98025,68103
478,188,-1.000272,68243
479,188,1.106707,68358
479,189,-1.000272,68533
480,189,1.127933,68613
481,189,1.097269,68743
482,189,1.11409,68853
483,189,1.10522,68973
484,189,1.192164,69033
484,190,-1.000272,69168
485,190,1.076064,69303
486,190,1.144655,69373
487,190,1.208061,69423
488,190,1.057199,69598
489,190,1.108423,69693
490,190,1.088223,69808
491,190,1.107255,69903
492,190,1.17848,69968
493,190,1.106707,70083
494,190,1.113364,70173
495,190,1.122843,70273
496,190,1.118775,70358
497,190,1.153574,70423
498,190,1.166394,70483
499,190,1.147955,70563
500,190,1.116007,70653
501,190,1.107469,70768
502,190,1.081695,70893
502,191,-0.98025,71043
503,191,1.178299,71103
504,191,1.142585,71173
505,191,1.203809,71223
506,191,1.099728,71323
507,191,1.192035,71378
508,191,1.173596,71443
508,192,-1.000272,71628
509,192,1.176,71693
510,192,1.094966,71798
511,192,1.112343,71908
512,192,1.127933,71988
512,193,-1.000272,72138
513,193,1.078468,72268
514,193,1.059251,72438
515,193,1.166809,72508
515,194,-1.000272,72668
516,194,1.146786,72738
517,194,1.175166,72798
517,195,-1.000272,72968
518,195,1.109036,73083
519,195,1.153574,73148
519,196,-0.98025,73288
520,196,1.169219,73348
521,196,1.089818,73463
521,197,-1.000272,73603
522,197,1.146786,73673
523,197,1.085198,73793
524,197,1.129598,73873
525,197,1.183684,73938
525,198,-1.000272,74058
526,198,1.125013,74153
527,198,1.151243,74223
528,198,1.166809,74293
528,199,-1.000272,74443
529,199,1.085198,74563
530,199,1.130861,74653
530,200,-1.000272,74803
531,200,1.184913,74858
532,200,1.107255,74953
532,200,-5.448073E-05,75009
533,200,1.133386,75099
534,200,1.089818,75214
535,200,1.07593,75394
536,200,1.12964,75489
537,200,1.143207,75574
538,200,1.125013,75669
538,201,-1.000272,75784
539,201,1.116007,75874
540,201,1.088223,75989
541,201,1.169219,76049
542,201,1.107255,76144
543,201,1.089194,76289
544,201,1.155978,76354
544,202,-1.000272,76424
545,202,1.079728,76549
546,202,1.153574,76614
547,202,1.129598,76694
548,202,1.121679,76779
548,203,-1.000272,76874
548,204,-0.98025,77019
548,205,-0.98025,77179
548,206,-1.000272,77309
549,206,1.125013,77404
549,207,-1.000272,77519
549,208,-0.98025,77534
550,208,1.104991,77629
551,208,1.124728,77709
552,208,1.136714,77784
552,209,-1.000272,77909
553,209,1.07963,78079
554,209,1.14962,78159
554,210,-1.000272,78289
554,211,-1.000272,78449
555,211,1.087318,78599
555,212,-1.000272,78769
556,212,1.079093,78899
556,213,-1.000272,79029
557,213,1.091471,79139
557,214,-0.98025,79334
558,214,1.089818,79449
559,214,1.063422,79609
560,214,1.106707,79724
561,214,1.142585,79794
562,214,1.134863,79869
563,214,1.12631,79949
564,214,1.085198,80069
565,214,1.108423,80164
566,214,1.122843,80264
566,215,-1.000272,80394
566,216,-1.000272,80614
567,216,1.118775,80699
567,217,-0.98025,80864
568,217,1.082643,81024
569,217,1.11467,81114
570,217,1.109618,81209
571,217,1.133061,81284
572,217,1.108423,81379
573,217,1.133386,81469
573,218,-0.98025,81649
573,219,-1.000272,81814
574,219,1.148981,81884
575,219,1.176,81949
575,220,-1.000272,82064
576,220,1.144655,82134
576,221,-1.000272,82304
577,221,1.104496,82424
577,222,-1.000272,82534
578,222,1.113364,82624
579,222,1.092214,82764
580,222,1.095881,82869
581,222,1.11876,82974
582,222,1.068693,83119
583,222,1.114988,83224
584,222,1.140232,83309
584,223,-0.98025,83414
584,224,-1.000272,83514
585,224,1.10282,83614
585,225,-1.000272,83814
585,226,-1.000272,83934
586,226,1.163662,83999
587,226,1.101768,84099
587,227,-1.000272,84224
587,228,-0.98025,84379
588,228,1.127933,84459
588,229,-1.000272,84644
589,229,1.12631,84724
589,230,-0.98025,84844
590,230,1.178299,84904
590,231,-1.000272,85024
591,231,1.11409,85134
591,232,-0.98025,85274
592,232,1.141701,85359
593,232,1.103894,85459
593,233,-0.98025,85474
594,233,1.103894,85574
595,233,1.14962,85654
596,233,1.115904,85759
596,234,-1.000272,85929
597,234,1.134863,86004
598,234,1.123184,86089
599,234,1.110839,86179
600,234,1.137397,86264
601,234,1.112343,86374
601,235,-0.98025,86544
602,235,1.079728,86669
603,235,1.188407,86724
603,236,-1.000272,86894
603,237,-1.000272,87074
604,237,1.089818,87189
604,238,-0.98025,87299
605,238,1.127933,87379
605,239,-0.98025,87504
605,240,-0.98025,87714
605,241,-1.000272,87844
605,242,-1.000272,87964
605,243,-0.98025,88094
606,243,1.108423,88189
607,243,1.100738,88289
608,243,1.12021,88374
609,243,1.138616,88449
609,244,-1.000272,88559
609,245,-0.98025,88694
610,245,1.142585,88764
610,246,-1.000272,88899
611,246,1.11975,88999
611,247,-1.000272,89134
612,247,1.162607,89204
612,248,-1.000272,89319
613,248,1.11975,89419
614,248,1.083761,89539
614,249,-1.000272,89724
614,250,-1.000272,89829
614,251,-1.000272,89989
614,252,-1.000272,90179
615,252,1.151329,90259
616,252,1.109618,90354
616,253,-1.000272,90489
617,253,1.113208,90599
618,253,1.141701,90684
619,253,1.12964,90779
620,253,1.10282,90879
621,253,1.094966,90984
622,253,1.112343,91094
623,253,1.163662,91159
623,254,-1.000272,91294
623,255,-0.98025,91419
624,255,1.142585,91489
625,255,1.083444,91649
626,255,1.123184,91734
627,255,1.14962,91814
628,255,1.140573,91889
629,255,1.107255,91984
630,255,1.094966,92089
631,255,1.124728,92169
632,255,1.087318,92319
633,255,1.116007,92409
633,256,-1.000272,92484
633,257,-1.000272,92629
634,257,1.136714,92704
635,257,1.12021,92789
636,257,1.07167,92929
637,257,1.195189,92989
638,257,1.05687,93164
639,257,1.13211,93254
640,257,1.091692,93394
641,257,1.138616,93469
642,257,1.148981,93539
642,258,-1.000272,93679
643,258,1.087447,93794
644,258,1.113364,93884
644,259,-0.98025,94034
645,259,1.082372,94159
646,259,1.161018,94224
647,259,1.074916,94359
648,259,1.100738,94459
649,259,1.127933,94539
649,260,-1.000272,94679
649,261,-1.000272,94809
650,261,1.133061,94884
651,261,1.080356,95049
652,261,1.138798,95134
653,261,1.10282,95234
653,262,-1.000272,95299
653,263,-0.98025,95409
653,264,-1.000272,95534
654,264,1.144655,95604
655,264,1.094966,95709
656,264,1.104991,95804
657,264,1.129598,95884
658,264,1.075616,96064
659,264,1.131307,96144
660,264,1.077247,96274
661,264,1.109618,96369
662,264,1.093279,96509
663,264,1.118775,96594
663,265,-0.98025,96739
663,266,-1.000272,96954
663,267,-1.000272,97104
663,268,-1.000272,97224
663,269,-1.000272,97229
664,269,1.089818,97344
664,270,-1.000272,97349
664,271,-1.000272,97504
664,272,-0.98025,97644
665,272,1.079728,97769
666,272,1.074916,97904
667,272,1.093186,98014
667,273,-1.000272,98139
668,273,1.061456,98304
669,273,1.14962,98384
670,273,1.067295,98534
671,273,1.108423,98629
672,273,1.068693,98774
672,274,-0.98025,98834
673,274,1.100738,98934
674,274,1.097767,99039
675,274,1.116007,99129
676,274,1.087447,99244
676,275,-1.000272,99349
677,275,1.114988,99454
677,276,-1.000272,99624
677,277,-0.98025,99734
677,278,-1.000272,99869
678,278,1.183684,99934
678,278,-5.448073E-05,100010
679,278,1.102395,100135
680,278,1.136714,100210
681,278,1.111493,100320
682,278,1.117375,100405
682,279,-1.000272,100565
683,279,1.12631,100645
684,279,1.100738,100745
684,280,-1.000272,100870
684,281,-1.000272,100970
685,281,1.134693,101060
686,281,1.11876,101165
687,281,1.142585,101235
688,281,1.085198,101355
689,281,1.138798,101440
690,281,1.117375,101525
691,281,1.066842,101675
692,281,1.069658,101820
693,281,1.090637,101930
694,281,1.137397,102015
695,281,1.077853,102145
696,281,1.166394,102205
697,281,1.158639,102280
698,281,1.090637,102390
699,281,1.076651,102520
699,282,-1.000272,102635
700,282,1.181546,102690
701,282,1.164678,102760
702,282,1.083761,102880
702,283,-1.000272,103020
702,284,-0.98025,103155
703,284,1.101768,103255
704,284,1.12021,103340
705,284,1.102395,103465
705,285,-1.000272,103600
705,286,-1.000272,103730
706,286,1.158639,103805
707,286,1.12021,103890
708,286,1.108423,103985
709,286,1.081695,104110
710,286,1.151243,104180
711,286,1.136714,104255
711,287,-1.000272,104380
711,288,-0.98025,104450
711,289,-0.98025,104555
712,289,1.127933,104635
712,290,-1.000272,104740
713,290,1.094067,104850
713,291,-0.98025,104950
714,291,1.158458,105015
714,292,-1.000272,105230
715,292,1.115904,105335
716,292,1.124728,105415
716,293,-1.000272,105600
717,293,1.14475,105680
717,294,-1.000272,105790
717,295,-1.000272,105900
718,295,1.140573,105975
718,296,-1.000272,105980
718,297,-1.000272,106110
719,297,1.106111,106205
720,297,1.124728,106285
720,298,-1.000272,106405
721,298,1.123917,106505
722,298,1.156736,106580
723,298,1.124728,106660
724,298,1.154885,106735
724,299,-1.000272,106860
725,299,1.085198,106980
726,299,1.169219,107040
726,300,-1.000272,107160
727,300,1.096815,107265
727,301,-0.98025,107415
727,302,-1.000272,107565
727,303,-0.98025,107675
728,303,1.111493,107785
729,303,1.066842,107935
730,303,1.117375,108020
731,303,1.116007,108110
732,303,1.138798,108195
733,303,1.112087,108285
734,303,1.083061,108405
735,303,1.124728,108485
736,303,1.101051,108610
736,304,-0.98025,108685
737,304,1.099728,108785
738,304,1.169004,108855
739,304,1.134863,108930
740,304,1.140573,109005
741,304,1.144655,109075
742,304,1.140232,109160
743,304,1.088223,109275
744,304,1.075485,109410
745,304,1.144655,109480
746,304,1.143207,109565
747,304,1.109618,109660
748,304,1.154885,109735
748,305,-1.000272,109855
749,305,1.116007,109945
750,305,1.123184,110030
751,305,1.155978,110095
752,305,1.118775,110180
752,306,-1.000272,110250
752,307,-1.000272,110360
753,307,1.076064,110495
754,307,1.11467,110585
754,308,-1.000272,110765
754,309,-1.000272,110950
755,309,1.083761,111070
756,309,1.153574,111135
756,310,-0.98025,111245
757,310,1.131307,111325
758,310,1.156736,111400
758,311,-0.98025,111480
759,311,1.138616,111555
760,311,1.101768,111655
760,312,-1.000272,111780
761,312,1.099728,111880
762,312,1.080373,112005
763,312,1.110659,112115
763,313,-1.000272,112240
763,314,-1.000272,112355
764,314,1.156736,112430
764,315,-1.000272,112575
765,315,1.113364,112665
766,315,1.064663,112820
767,315,1.095881,112925
768,315,1.11876,113030
769,315,1.113208,113140
770,315,1.151243,113210
771,315,1.138616,113285
771,316,-0.98025,113410
772,316,1.124728,113490
773,316,1.105957,113610
774,316,1.107255,113705
775,316,1.117789,113810
775,317,-0.98025,113885
776,317,1.096815,113990
777,317,1.101051,114115
778,317,1.112087,114205
778,318,-0.98025,114320
778,319,-1.000272,114340
779,319,1.162607,114410
780,319,1.103784,114530
780,320,-1.000272,114635
781,320,1.158639,114710
782,320,1.11876,114815
783,320,1.102395,114940
784,320,1.161018,115005
785,320,1.072191,115145
786,320,1.095881,115250
786,321,-0.98025,115330
787,321,1.085198,115450
788,321,1.116007,115540
789,321,1.098737,115645
790,321,1.126133,115740
791,321,1.095881,115845
792,321,1.138616,115920
793,321,1.082372,116045
794,321,1.117375,116130
794,322,-1.000272,116255
794,323,-0.98025,116395
795,323,1.095881,116500
796,323,1.109618,116595
796,324,-1.000272,116765
796,325,-1.000272,116770
797,325,1.124728,116850
798,325,1.148981,116920
799,325,1.100738,117020
799,326,-1.000272,117075
800,326,1.057531,117250
801,326,1.095881,117355
802,326,1.113208,117465
803,326,1.066842,117615
804,326,1.085198,117735
805,326,1.171265,117805
806,326,1.091471,117915
807,326,1.146786,117985
808,326,1.107255,118080
808,327,-1.000272,118170
809,327,1.116007,118260
810,327,1.089013,118375
811,327,1.134693,118465
812,327,1.121679,118550
813,327,1.166394,118610
814,327,1.147955,118690
814,328,-1.000272,118790
815,328,1.098737,118895
816,328,1.127933,118975
816,329,-1.000272,119105
817,329,1.148981,119175
818,329,1.183684,119240
818,330,-0.98025,119360
818,331,-1.000272,119480
819,331,1.163662,119545
819,332,-0.98025,119660
820,332,1.113208,119770
820,333,-1.000272,119910
821,333,1.109618,120005
822,333,1.121679,120090
823,333,1.085198,120210
824,333,1.090637,120320
825,333,1.138798,120405
826,333,1.172141,120465
827,333,1.087777,120615
828,333,1.10282,120715
828,334,-0.98025,120785
828,335,-1.000272,120960
828,336,-1.000272,121040
829,336,1.089013,121155
829,337,-0.98025,121305
830,337,1.058899,121475
831,337,1.151329,121555
831,338,-1.000272,121675
832,338,1.161018,121740
833,338,1.124728,121820
834,338,1.100395,121945
835,338,1.116007,122035
836,338,1.11467,122125
837,338,1.127277,122220
838,338,1.118775,122305
839,338,1.13211,122395
840,338,1.147955,122475
841,338,1.074355,122610
842,338,1.146332,122690
843,338,1.130861,122780
844,338,1.173596,122845
845,338,1.112343,122955
846,338,1.108423,123050
847,338,1.12021,123135
848,338,1.232516,123185
848,339,-0.98025,123200
849,339,1.082643,123360
850,339,1.198321,123420
851,339,1.123917,123520
851,340,-1.000272,123525
852,340,1.12076,123625
853,340,1.095881,123730
854,340,1.134863,123805
854,341,-1.000272,123950
854,342,-1.000272,124025
855,342,1.084473,124145
856,342,1.081028,124270
856,343,-1.000272,124325
856,344,-0.98025,124405
857,344,1.146332,124485
857,345,-0.98025,124640
858,345,1.11467,124730
859,345,1.166809,124800
860,345,1.198321,124860
860,346,-0.98025,124975
860,346,-5.448073E-05,125011
861,346,1.064244,125166
862,346,1.060703,125331
863,346,1.104991,125426
864,346,1.097767,125531
864,347,-0.98025,125536
865,347,1.083761,125656
866,347,1.090637,125766
866,348,-1.000272,125881
867,348,1.116007,125971
867,349,-1.000272,126041
868,349,1.140573,126116
869,349,1.104991,126211
870,349,1.094966,126316
871,349,1.090637,126426
872,349,1.138616,126501
873,349,1.103894,126601
874,349,1.110839,126691
875,349,1.153083,126766
875,350,-1.000272,126876
875,351,-1.000272,126931
876,351,1.074355,127066
877,351,1.11975,127166
878,351,1.136714,127241
879,351,1.088223,127356
880,351,1.138616,127431
881,351,1.148981,127501
882,351,1.107255,127596
882,352,-1.000272,127726
883,352,1.148981,127796
884,352,1.101768,127896
884,353,-1.000272,128016
885,353,1.123184,128101
886,353,1.104496,128221
887,353,1.098737,128326
887,354,-1.000272,128471
888,354,1.134693,128561
888,355,-1.000272,128691
889,355,1.085198,128811
890,355,1.099115,128941
891,355,1.100395,129066
892,355,1.055907,129246
893,355,1.12631,129326
894,355,1.076064,129461
895,355,1.151243,129531
896,355,1.153574,129596
896,356,-0.98025,129726
896,357,-0.98025,129846
897,357,1.077853,129976
898,357,1.136714,130051
898,358,-1.000272,130171
899,358,1.09232,130281
900,358,1.062621,130441
901,358,1.11467,130531
902,358,1.11467,130621
903,358,1.107255,130716
904,358,1.058551,130886
904,359,-1.000272,131001
905,359,1.144655,131071
906,359,1.117375,131156
906,360,-1.000272,131291
907,360,1.11975,131391
907,361,-1.000272,131531
908,361,1.083761,131651
908,362,-1.000272,131776
909,362,1.084473,131896
910,362,1.112087,131986
911,362,1.06383,132146
912,362,1.085198,132266
913,362,1.146786,132336
914,362,1.112087,132426
915,362,1.11975,132526
916,362,1.151243,132596
916,363,-1.000272,132786
917,363,1.127933,132866
918,363,1.183684,132931
918,364,-0.98025,133066
919,364,1.143207,133151
920,364,1.107469,133266
921,364,1.101768,133366
921,365,-0.98025,133481
922,365,1.106111,133576
922,366,-1.000272,133711
923,366,1.12021,133796
924,366,1.09232,133906
925,366,1.081695,134031
925,367,-1.000272,134091
926,367,1.10984,134206
927,367,1.166394,134266
928,367,1.176,134331
929,367,1.133386,134421
929,368,-1.000272,134566
929,369,-0.98025,134571
929,370,-0.98025,134751
930,370,1.097767,134856
931,370,1.133061,134931
932,370,1.103894,135031
932,371,-1.000272,135036
933,371,1.065517,135191
934,371,1.11409,135301
935,371,1.131307,135381
936,371,1.123184,135466
937,371,1.076064,135601
938,371,1.090637,135711
939,371,1.144655,135781
940,371,1.195806,135836
941,371,1.12021,135921
942,371,1.123917,136021
943,371,1.106111,136116
944,371,1.061456,136281
945,371,1.113208,136391
946,371,1.090637,136501
946,372,-1.000272,136566
947,372,1.078468,136696
947,373,-1.000272,136811
947,374,-0.98025,136981
948,374,1.183684,137046
949,374,1.172141,137106
949,375,-1.000272,137176
949,376,-0.98025,137246
950,376,1.11467,137336
951,376,1.110839,137426
951,377,-0.98025,137526
952,377,1.131307,137606
953,377,1.12631,137686
953,378,-1.000272,137766
953,379,-1.000272,137826
953,380,-1.000272,137926
953,381,-0.98025,138006
953,382,-1.000272,138071
954,382,1.106707,138186
955,382,1.104991,138281
956,382,1.138798,138366
957,382,1.192164,138426
957,383,-1.000272,138556
958,383,1.110839,138646
959,383,1.109618,138741
960,383,1.103784,138861
961,383,1.127933,138941
961,384,-1.000272,139011
962,384,1.110659,139121
962,385,-1.000272,139256
962,386,-0.98025,139406
963,386,1.086684,139521
964,386,1.124728,139601
965,386,1.114988,139706
966,386,1.093824,139841
967,386,1.11876,139946
967,387,-0.98025,140066
967,388,-1.000272,140156
968,388,1.075485,140291
969,388,1.136714,140366
969,389,-1.000272,140481
970,389,1.086684,140596
971,389,1.085935,140716
971,390,-1.000272,140851
972,390,1.106111,140946
973,390,1.06383,141106
974,390,1.113364,141196
974,391,-0.98025,141296
974,392,-0.98025,141456
975,392,1.109036,141571
975,393,-1.000272,141696
976,393,1.061456,141861
977,393,1.082372,141986
978,393,1.100738,142086
978,394,-1.000272,142091
978,395,-0.98025,142201
979,395,1.091471,142311
980,395,1.094067,142421
980,396,-1.000272,142501
981,396,1.110839,142591
982,396,1.099728,142691
982,397,-0.98025,142786
983,397,1.169219,142846
983,398,-1.000272,142956
984,398,1.081028,143081
984,399,-1.000272,143246
984,400,-1.000272,143336
985,400,1.129598,143416
985,401,-1.000272,143536
985,402,-1.000272,143621
985,403,-0.98025,143741
986,403,1.131307,143821
987,403,1.106111,143916
988,403,1.138798,144001
989,403,1.14475,144081
990,403,1.094966,144186
991,403,1.089013,144301
991,404,-1.000272,144421
991,405,-1.000272,144561
991,406,-1.000272,144701
992,406,1.07272,144841
992,407,-1.000272,144951
992,408,-1.000272,145071
993,408,1.121679,145156
994,408,1.11876,145261
995,408,1.099728,145361
996,408,1.163662,145426
997,408,1.178299,145486
997,409,-0.98025,145491
997,410,-0.98025,145621
998,410,1.094966,145726
999,410,1.086684,145841
1000,410,1.106111,145936
1000,411,-1.000272,145941
1000,412,-1.000272,146081
1000,413,-0.98025,146206
1001,413,1.118775,146291
1001,414,-1.000272,146296
1002,414,1.158458,146361
1003,414,1.076247,146541
1004,414,1.171265,146611
1005,414,1.129598,146691
1006,414,1.056546,146871
1007,414,1.103894,146971
1008,414,1.051274,147166
1008,415,-1.000272,147316
1009,415,1.169219,147376
1010,415,1.096815,147481
1011,415,1.109618,147576
1011,416,-1.000272,147631
1012,416,1.076064,147766
1012,417,-0.98025,147896
1013,417,1.123184,147981
1013,418,-1.000272,148041
1014,418,1.128446,148136
1014,419,-1.000272,148246
1015,419,1.099728,148346
1016,419,1.071563,148541
1017,419,1.136714,148616
1018,419,1.091471,148726
1019,419,1.100738,148826
1020,419,1.09232,148936
1020,420,-1.000272,149071
1021,420,1.089194,149216
1022,420,1.076064,149351
1023,420,1.088223,149466
1023,421,-0.98025,149526
1023,422,-1.000272,149531
1024,422,1.113364,149621
1024,423,-0.98025,149756
1025,423,1.086684,149871
1026,423,1.089013,149986
1026,423,0.00395,150012
1026,424,-0.98025,150017
1027,424,1.12631,150097
1028,424,1.163662,150162
1029,424,1.107255,150257
1029,425,-1.000272,150317
1030,425,1.094966,150422
1030,426,-1.000272,150512
1030,427,-0.98025,150647
1030,428,-0.98025,150757
1031,428,1.116007,150847
1032,428,1.127933,150927
1033,428,1.137397,151012
1034,428,1.151329,151092
1035,428,1.110659,151202
1036,428,1.104991,151297
1036,429,-0.98025,151357
1036,430,-1.000272,151482
1037,430,1.112087,151572
1038,430,1.085935,151692
1038,431,-1.000272,151797
1039,431,1.131307,151877
1040,431,1.131307,151957
1041,431,1.109618,152052
1042,431,1.130861,152142
1043,431,1.090637,152252
1043,432,-1.000272,152367
1044,432,1.059251,152537
1045,432,1.129598,152617
1046,432,1.085198,152737
1046,433,-1.000272,152837
1046,434,-0.98025,152932
1047,434,1.11467,153022
1048,434,1.118775,153107
1049,434,1.148981,153177
1050,434,1.101768,153277
1050,435,-1.000272,153342
1051,435,1.12021,153427
1052,435,1.129598,153507
1053,435,1.112087,153597
1054,435,1.127933,153677
1055,435,1.084473,153797
1056,435,1.123184,153882
1057,435,1.09232,153992
1057,436,-1.000272,154102
1058,436,1.084473,154222
1058,437,-1.000272,154362
1059,437,1.095881,154467
1060,437,1.116007,154557
1061,437,1.098737,154662
1062,437,1.101768,154762
1063,437,1.103894,154862
1063,438,-0.98025,154927
1064,438,1.123917,155027
1064,439,-1.000272,155172
1065,439,1.104991,155267
1065,440,-1.000272,155382
1066,440,1.106111,155477
1067,440,1.143207,155562
1068,440,1.123184,155647
1069,440,1.112087,155737
1070,440,1.103894,155837
1070,441,-0.98025,155842
1071,441,1.105957,155962
1072,441,1.140232,156047
1073,441,1.086684,156162
1074,441,1.113364,156252
1074,442,-1.000272,156387
1075,442,1.081028,156512
1076,442,1.108423,156607
1077,442,1.12021,156692
1078,442,1.095881,156797
1079,442,1.129598,156877
1080,442,1.123184,156962
1081,442,1.10282,157062
1081,443,-1.000272,157067
1082,443,1.117375,157152
1082,444,-0.98025,157297
1082,445,-0.98025,157302
1083,445,1.131307,157382
1084,445,1.10282,157482
1085,445,1.138616,157557
1085,446,-1.000272,157702
1085,447,-1.000272,157712
1086,447,1.062621,157872
1087,447,1.103894,157972
1088,447,1.079093,158102
1088,448,-0.98025,158172
1088,449,-0.98025,158262
1089,449,1.140573,158337
1090,449,1.143207,158422
1091,449,1.115904,158527
1092,449,1.109618,158622
1093,449,1.093279,158762
1094,449,1.109036,158877
1095,449,1.089194,159022
1096,449,1.133061,159097
1096,450,-0.98025,159157
1096,451,-1.000272,159222
1097,451,1.097767,159327
1097,452,-1.000272,159467
1098,452,1.121679,159552
1099,452,1.09232,159662
1100,452,1.079093,159792
1101,452,1.117375,159877
1102,452,1.074916,160012
1102,453,-0.98025,160072
1103,453,1.127933,160152
1103,454,-1.000272,160222
1104,454,1.123184,160307
1104,455,-1.000272,160432
1105,455,1.095881,160537
1106,455,1.123184,160622
1107,455,1.117375,160707
1108,455,1.090637,160817
1108,456,-1.000272,160822
1109,456,1.151329,160902
1110,456,1.089013,161017
1111,456,1.110839,161107
1112,456,1.100738,161207
1113,456,1.103894,161307
1114,456,1.131307,161387
1115,456,1.121679,161472
1116,456,1.104991,161567
1116,457,-1.000272,161572
1116,458,-1.000272,161627
1116,459,-1.000272,161702
1117,459,1.091471,161812
1118,459,1.106111,161907
1119,459,1.073802,162042
1119,460,-0.98025,162047
1120,460,1.106111,162142
1121,460,1.086684,162257
1122,460,1.173596,162322
1123,460,1.151243,162392
1123,461,-1.000272,162492
1124,461,1.122843,162592
1125,461,1.136714,162667
1126,461,1.103894,162767
1127,461,1.169219,162827
1128,461,1.118775,162912
1128,462,-0.98025,163002
1129,462,1.096815,163107
1130,462,1.133061,163182
1131,462,1.099728,163282
1131,463,-0.98025,163397
1132,463,1.121791,163497
1133,463,1.131307,163577
1134,463,1.151243,163647
1134,464,-0.98025,163737
1135,464,1.106111,163832
1136,464,1.117375,163917
1137,464,1.099728,164017
1138,464,1.068693,164162
1139,464,1.147955,164242
1140,464,1.126133,164337
1141,464,1.151329,164417
1141,465,-1.000272,164527
1141,466,-0.98025,164592
1142,466,1.108423,164687
1142,467,-1.000272,164772
1143,467,1.094966,164877
1144,467,1.107469,164992
1145,467,1.146332,165072
1145,468,-0.98025,165132
1146,468,1.163662,165197
1146,469,-1.000272,165347
1147,469,1.112087,165437
1148,469,1.095881,165542
1149,469,1.106111,165637
1150,469,1.111493,165747
1151,469,1.106707,165862
1152,469,1.107255,165957
1153,469,1.11467,166047
1154,469,1.131307,166127
1155,469,1.110839,166217
1155,470,-0.98025,166277
1156,470,1.110839,166367
1157,470,1.113364,166457
1157,471,-1.000272,166612
1157,472,-0.98025,166717
1158,472,1.127277,166812
1159,472,1.144655,166882
1159,473,-0.98025,167002
1160,473,1.146786,167072
1160,474,-0.98025,167177
1160,475,-1.000272,167272
1161,475,1.173596,167337
1162,475,1.113364,167427
1162,476,-1.000272,167547
1163,476,1.113208,167657
1164,476,1.106707,167772
1165,476,1.099728,167872
1165,477,-1.000272,167942
1166,477,1.11467,168032
1167,477,1.093186,168142
1168,477,1.094966,168247
1168,478,-1.000272,168347
1169,478,1.109618,168442
1169,479,-0.98025,168557
1170,479,1.131307,168637
1171,479,1.122843,168737
1172,479,1.153574,168802
1173,479,1.117375,168887
1174,479,1.128446,168982
1175,479,1.156736,169057
1176,479,1.121679,169142
1177,479,1.104991,169237
1178,479,1.140573,169312
1179,479,1.140232,169397
1180,479,1.099728,169497
1181,479,1.110839,169587
1182,479,1.075485,169722
1182,480,-1.000272,169787
1183,480,1.11467,169877
1184,480,1.117375,169962
1184,481,-1.000272,170027
1185,481,1.104496,170147
1185,482,-0.98025,170207
1185,483,-1.000272,170357
1185,484,-1.000272,170497
1186,484,1.175166,170557
1187,484,1.136029,170647
1187,485,-1.000272,170707
1188,485,1.169219,170767
1189,485,1.105957,170887
1190,485,1.162607,170957
1191,485,1.106111,171052
1192,485,1.166809,171122
1193,485,1.143207,171207
1193,486,-0.98025,171312
1194,486,1.138798,171397
1195,486,1.09975,171522
1196,486,1.192164,171582
1197,486,1.098737,171687
1197,487,-1.000272,171802
1197,488,-1.000272,171912
1198,488,1.133061,171987
1199,488,1.123184,172072
1200,488,1.11467,172162
1201,488,1.089013,172277
1201,489,-1.000272,172392
1202,489,1.121791,172492
1203,489,1.155978,172557
1204,489,1.082372,172682
1205,489,1.083061,172802
1206,489,1.074916,172937
1207,489,1.129598,173017
1208,489,1.107469,173132
1208,490,-0.98025,173237
1208,491,-1.000272,173307
1209,491,1.146786,173377
1209,492,-1.000272,173382
1209,493,-1.000272,173492
1210,493,1.158639,173567
1211,493,1.078468,173697
1212,493,1.097767,173802
1213,493,1.113364,173892
1213,494,-1.000272,173957
1214,494,1.173596,174022
1215,494,1.113364,174112
1215,495,-1.000272,174232
1216,495,1.121679,174317
1217,495,1.146786,174387
1218,495,1.153083,174462
1219,495,1.093186,174572
1220,495,1.118775,174657
1221,495,1.089818,174772
1222,495,1.131307,174852
1223,495,1.095881,174957
1223,495,0.00395,175013
1223,496,-0.98025,175018
1224,496,1.123184,175103
1225,496,1.085935,175223
1225,497,-0.98025,175363
1226,497,1.085935,175483
1227,497,1.117789,175588
1228,497,1.14962,175668
1228,498,-1.000272,175733
1229,498,1.136714,175808
1230,498,1.101717,175933
1231,498,1.097767,176038
1232,498,1.108423,176133
1233,498,1.112087,176223
1234,498,1.084266,176378
1235,498,1.10522,176498
1236,498,1.09232,176608
1236,499,-1.000272,176703
1237,499,1.113364,176793
1238,499,1.108423,176888
1239,499,1.109618,176983
1240,499,1.095881,177088
1241,499,1.147955,177168
1241,500,-1.000272,177278
1241,501,-0.98025,177408
1241,502,-1.000272,177523
1242,502,1.109036,177638
1243,502,1.142585,177708
1244,502,1.084473,177828
1245,502,1.081695,177953
1246,502,1.155978,178018
1247,502,1.090637,178128
1248,502,1.083061,178248
1249,502,1.063422,178408
1249,503,-1.000272,178518
1250,503,1.114988,178623
1251,503,1.091471,178733
1252,503,1.121679,178818
1253,503,1.081695,178943
1254,503,1.094067,179053
1255,503,1.089818,179168
1256,503,1.134863,179243
1257,503,1.161018,179308
1258,503,1.10282,179408
1258,504,-1.000272,179553
1258,505,-1.000272,179693
1259,505,1.143207,179778
1259,506,-0.98025,179838
1259,507,-1.000272,179893
1260,507,1.129598,179973
1260,508,-0.98025,180133
1261,508,1.138798,180218
1262,508,1.151329,180298
1263,508,1.124728,180378
1264,508,1.121679,180463
1265,508,1.158639,180538
1266,508,1.133061,180613
1267,508,1.154885,180688
1267,509,-1.000272,180788
1268,509,1.112087,180878
1269,509,1.124728,180958
1270,509,1.201568,181013
1271,509,1.14475,181093
1271,510,-0.98025,181203
1272,510,1.107255,181298
1273,510,1.108423,181393
1274,510,1.084473,181513
1275,510,1.142585,181583
1276,510,1.121679,181668
1276,511,-1.000272,181768
1277,511,1.100738,181868
1277,512,-1.000272,181993
1278,512,1.10984,182108
1279,512,1.108423,182203
1279,513,-0.98025,182348
1280,513,1.099728,182448
1281,513,1.096815,182553
1282,513,1.134863,182628
1283,513,1.073257,182768
1283,514,-1.000272,182853
1284,514,1.112087,182943
1285,514,1.110839,183033
1286,514,1.127277,183128
1287,514,1.110839,183218
1288,514,1.146786,183288
1288,515,-0.98025,183388
1289,515,1.112087,183478
1290,515,1.183684,183543
1291,515,1.155978,183608
1292,515,1.108423,183703
1292,516,-1.000272,183803
1292,517,-1.000272,183928
1292,518,-1.000272,184068
1293,518,1.108423,184163
1294,518,1.12021,184248
1295,518,1.096815,184353
1296,518,1.112087,184443
1297,518,1.125013,184538
1298,518,1.104496,184658
1299,518,1.140232,184743
1300,518,1.146786,184813
1301,518,1.080373,184938
1302,518,1.083761,185058
1303,518,1.124728,185138
1304,518,1.151243,185208
1304,519,-1.000272,185298
1305,519,1.127933,185378
1306,519,1.155978,185443
1307,519,1.192164,185503
1308,519,1.103894,185603
1309,519,1.13211,185693
1309,520,-1.000272,185793
1309,521,-1.000272,185878
1309,522,-1.000272,185933
1309,523,-1.000272,186033
1310,523,1.106111,186128
1311,523,1.094966,186233
1312,523,1.073257,186373
1313,523,1.080373,186498
1314,523,1.166809,186568
1315,523,1.116007,186658
1316,523,1.083061,186778
1317,523,1.123184,186863
1317,524,-1.000272,186978
1318,524,1.098737,187083
1319,524,1.155978,187148
1319,525,-1.000272,187243
1320,525,1.123184,187328
1321,525,1.158458,187393
1322,525,1.112087,187483
1323,525,1.108423,187578
1324,525,1.103894,187678
1324,526,-1.000272,187813
1325,526,1.117375,187898
1325,527,-1.000272,187998
1326,527,1.093186,188108
1327,527,1.09232,188218
1328,527,1.11467,188308
1329,527,1.118775,188393
1330,527,1.131307,188473
1331,527,1.110839,188563
1332,527,1.127933,188643
1333,527,1.166809,188713
1334,527,1.12021,188798
1335,527,1.095881,188903
1336,527,1.097767,189008
1337,527,1.153574,189073
1337,528,-1.000272,189223
1338,528,1.148981,189293
1339,528,1.097767,189398
1340,528,1.122843,189498
1341,528,1.110839,189588
1342,528,1.103894,189688
1343,528,1.089013,189803
1344,528,1.080373,189928
1345,528,1.123184,190013
1345,529,-0.98025,190143
1345,530,-1.000272,190208
1346,530,1.121679,190293
1347,530,1.095881,190398
1347,531,-1.000272,190508
1348,531,1.068693,190653
1349,531,1.099728,190753
1350,531,1.121791,190853
1351,531,1.133061,190928
1351,532,-0.98025,191013
1351,533,-1.000272,191093
1351,534,-1.000272,191193
1352,534,1.131307,191273
1353,534,1.127933,191353
1353,535,-1.000272,191488
1354,535,1.112343,191598
1355,535,1.11409,191708
1356,535,1.126133,191803
1356,536,-0.98025,191893
1357,536,1.146332,191973
1357,537,-0.98025,192068
1358,537,1.160595,192143
1359,537,1.133386,192233
1360,537,1.153083,192308
1361,537,1.096086,192443
1362,537,1.091471,192553
1363,537,1.099728,192653
1364,537,1.104991,192748
1365,537,1.125013,192843
1366,537,1.113364,192933
1367,537,1.127933,193013
1368,537,1.140232,193098
1369,537,1.166809,193168
1370,537,1.083761,193288
1371,537,1.173596,193353
1372,537,1.095881,193458
1373,537,1.117375,193543
1374,537,1.118775,193628
1375,537,1.113364,193718
1376,537,1.142585,193788
1376,538,-0.98025,193793
1376,539,-0.98025,193863
1376,540,-1.000272,193953
1376,541,-1.000272,194063
1377,541,1.117375,194148
1378,541,1.089818,194263
1379,541,1.101768,194363
1380,541,1.133386,194453
1381,541,1.109618,194548
1382,541,1.108423,194643
1383,541,1.10282,194743
1383,542,-0.98025,194873
1384,542,1.107469,194988
1384,543,-0.98025,195103
1384,544,-0.98025,195183
1385,544,1.100738,195283
1386,544,1.098737,195388
1387,544,1.115904,195493
1388,544,1.096815,195598
1388,545,-0.98025,195703
1388,546,-0.98025,195708
1388,547,-0.98025,195848
1389,547,1.072191,195988
1390,547,1.108423,196083
1391,547,1.131307,196163
1391,548,-0.98025,196283
1392,548,1.169004,196353
1392,549,-1.000272,196358
1393,549,1.138616,196433
1393,550,-1.000272,196493
1393,551,-1.000272,196583
1393,552,-0.98025,196588
1394,552,1.10522,196708
1395,552,1.098737,196813
1396,552,1.104991,196908
1397,552,1.104991,197003
1397,553,-0.98025,197058
1397,554,-0.98025,197128
1397,555,-1.000272,197243
1398,555,1.112087,197333
1398,556,-0.98025,197478
1398,557,-1.000272,197573
1399,557,1.131307,197653
1400,557,1.138798,197738
1400,558,-1.000272,197863
1400,559,-1.000272,197998
1400,560,-1.000272,198073
1400,561,-0.98025,198188
1401,561,1.144655,198258
1401,562,-1.000272,198353
1402,562,1.098737,198458
1403,562,1.090637,198568
1403,563,-0.98025,198643
1404,563,1.12021,198728
1405,563,1.138798,198813
1406,563,1.081028,198938
1407,563,1.100738,199038
1407,564,-0.98025,199043
1408,564,1.106111,199138
1408,565,-0.98025,199263
1408,566,-1.000272,199328
1409,566,1.147955,199408
1410,566,1.099728,199508
1411,566,1.058207,199683
1412,566,1.124728,199763
1413,566,1.146332,199843
1414,566,1.09232,199953
1414,566,0.00395,200014
1415,566,1.109618,200109
1416,566,1.10282,200209
1417,566,1.10282,200309
1417,567,-1.000272,200389
1418,567,1.109618,200484
1419,567,1.107255,200579
1420,567,1.116007,200669
1421,567,1.118775,200754
1421,568,-1.000272,200854
1421,569,-0.98025,200974
1421,570,-1.000272,201104
1422,570,1.115904,201209
1423,570,1.113364,201299
1424,570,1.129598,201379
1425,570,1.140232,201464
1425,571,-0.98025,201559
1426,571,1.105957,201679
1427,571,1.109618,201774
1428,571,1.076064,201909
1428,572,-1.000272,202014
1428,573,-0.98025,202139
1429,573,1.11876,202244
1430,573,1.107255,202339
1431,573,1.108246,202454
1432,573,1.09232,202564
1433,573,1.12021,202649
1434,573,1.107469,202764
1435,573,1.153574,202829
1436,573,1.103894,202929
1437,573,1.10282,203029
1438,573,1.11467,203119
1439,573,1.151329,203199
1440,573,1.129598,203279
1441,573,1.122843,203379
1442,573,1.14475,203459
1443,573,1.126133,203554
1443,574,-1.000272,203664
1443,575,-1.000272,203769
1444,575,1.117375,203854
1445,575,1.123184,203939
1445,576,-1.000272,204004
1446,576,1.089194,204149
1447,576,1.089013,204264
1448,576,1.118775,204349
1449,576,1.136029,204439
1450,576,1.101768,204539
1451,576,1.137397,204624
1452,576,1.118775,204709
1452,577,-0.98025,204779
1452,578,-0.98025,204889
1453,578,1.107255,204984
1454,578,1.127277,205079
1455,578,1.117375,205164
1456,578,1.07015,205309
1457,578,1.095881,205414
1458,578,1.103894,205514
1459,578,1.10522,205634
1460,578,1.112087,205724
1461,578,1.103894,205824
1462,578,1.107255,205919
1463,578,1.112087,206009
1464,578,1.117375,206094
1464,579,-0.98025,206184
1464,580,-1.000272,206254
1465,580,1.087447,206369
1466,580,1.095881,206474
1467,580,1.138616,206549
1468,580,1.127277,206644
1468,581,-0.98025,206759
1469,581,1.082372,206884
1470,581,1.098737,206989
1470,582,-1.000272,207109
1471,582,1.137397,207194
1472,582,1.131307,207274
1473,582,1.110839,207364
1474,582,1.143207,207449
1474,583,-0.98025,207579
1475,583,1.099115,207709
1476,583,1.114988,207814
1477,583,1.113364,207904
1478,583,1.086684,208019
1479,583,1.10984,208134
1480,583,1.117375,208219
1480,584,-0.98025,208324
1481,584,1.110659,208434
1482,584,1.147955,208514
1482,585,-0.98025,208629
1483,585,1.106111,208724
1484,585,1.12021,208809
1485,585,1.110839,208899
1486,585,1.074916,209034
1487,585,1.122843,209134
1488,585,1.134693,209224
1488,586,-0.98025,209289
1489,586,1.166809,209359
1490,586,1.066394,209509
1491,586,1.12021,209594
1492,586,1.100738,209694
1493,586,1.116007,209784
1494,586,1.104991,209879
1494,587,-0.98025,209984
1495,587,1.121679,210069
1496,587,1.101768,210169
1497,587,1.118775,210254
1497,588,-1.000272,210339
1498,588,1.07272,210479
1499,588,1.131307,210559
1500,588,1.091471,210669
1501,588,1.153083,210744
1502,588,1.172141,210804
1503,588,1.107255,210899
1503,589,-1.000272,210974
1504,589,1.12021,211059
1505,589,1.086684,211174
1506,589,1.124728,211254
1506,590,-0.98025,211374
1506,591,-1.000272,211459
1507,591,1.107255,211554
1507,592,-1.000272,211664
1507,593,-0.98025,211754
1507,594,-1.000272,211854
1508,594,1.121679,211939
1509,594,1.111493,212049
1509,595,-1.000272,212209
1509,596,-0.98025,212264
1510,596,1.12021,212349
1511,596,1.129598,212429
1512,596,1.115904,212534
1512,597,-1.000272,212659
1513,597,1.087447,212774
1514,597,1.144655,212844
1515,597,1.100738,212944
1515,598,-1.000272,213079
1516,598,1.140232,213164
1517,598,1.142585,213234
1518,598,1.11975,213334
1519,598,1.11467,213424
1520,598,1.085198,213544
1521,598,1.11876,213649
1521,599,-0.98025,213784
1522,599,1.141701,213869
1522,600,-0.98025,213964
1523,600,1.13211,214054
1523,601,-1.000272,214169
1524,601,1.128446,214264
1525,601,1.137397,214349
1526,601,1.100738,214449
1527,601,1.116007,214539
1528,601,1.094067,214649
1529,601,1.074355,214784
1530,601,1.113208,214894
1531,601,1.115904,214999
1532,601,1.143207,215084
1533,601,1.121791,215184
1534,601,1.096086,215319
1534,602,-1.000272,215379
1534,603,-1.000272,215499
1535,603,1.099728,215599
1535,604,-0.98025,215654
1536,604,1.123184,215739
1537,604,1.089818,215854
1537,605,-1.000272,215934
1538,605,1.110659,216044
1539,605,1.138798,216129
1540,605,1.109618,216224
1541,605,1.09232,216334
1541,606,-0.98025,216444
1542,606,1.123184,216529
1543,606,1.131307,216609
1543,607,-1.000272,216674
1543,608,-1.000272,216764
1543,609,-0.98025,216829
1543,610,-0.98025,216904
1544,610,1.160595,216979
1544,611,-0.98025,217074
1545,611,1.110839,217164
1546,611,1.143207,217249
1546,612,-1.000272,217309
1546,613,-1.000272,217414
1546,614,-1.000272,217504
1547,614,1.128446,217599
1548,614,1.12021,217684
1549,614,1.125013,217779
1550,614,1.095881,217884
1551,614,1.116007,217974
1552,614,1.134863,218049
1553,614,1.121679,218134
1554,614,1.078468,218264
1555,614,1.094067,218374
1556,614,1.050748,218574
1556,615,-0.98025,218684
1557,615,1.130861,218774
1558,615,1.108423,218869
1559,615,1.12631,218949
1559,616,-1.000272,219019
1560,616,1.079093,219149
1561,616,1.129598,219229
1561,617,-1.000272,219234
1562,617,1.133061,219309
1563,617,1.122843,219409
1564,617,1.094966,219514
1565,617,1.136029,219604
1565,618,-0.98025,219609
1566,618,1.154885,219684
1567,618,1.122843,219784
1568,618,1.10984,219899
1569,618,1.123917,219999
1569,619,-0.98025,220104
1570,619,1.095881,220209
1570,620,-1.000272,220314
1571,620,1.079093,220444
1572,620,1.10282,220544
1573,620,1.12021,220629
1573,621,-0.98025,220734
1573,622,-1.000272,220809
1574,622,1.133386,220899
1574,623,-0.98025,220904
1575,623,1.097767,221009
1576,623,1.12076,221109
1576,624,-1.000272,221244
1577,624,1.108423,221339
1578,624,1.12021,221424
1578,625,-1.000272,221544
1579,625,1.134863,221619
1580,625,1.146786,221689
1581,625,1.117375,221774
1582,625,1.12021,221859
1583,625,1.097767,221964
1584,625,1.124728,222044
1585,625,1.097269,222174
1586,625,1.115904,222279
1587,625,1.10282,222379
1587,626,-1.000272,222524
1587,627,-0.98025,222539
1588,627,1.106707,222654
1589,627,1.087777,222804
1590,627,1.089013,222919
1591,627,1.127933,222999
1591,628,-0.98025,223079
1592,628,1.14475,223159
1592,629,-1.000272,223284
1592,630,-0.98025,223289
1592,631,-1.000272,223379
1593,631,1.100738,223479
1593,632,-0.98025,223549
1594,632,1.103894,223649
1595,632,1.100738,223749
1595,633,-0.98025,223859
1596,633,1.089818,223974
1597,633,1.131307,224054
1598,633,1.109618,224149
1598,634,-1.000272,224284
1598,635,-0.98025,224349
1599,635,1.128446,224444
1600,635,1.133061,224519
1601,635,1.138798,224604
1602,635,1.094067,224714
1603,635,1.104991,224809
1604,635,1.104991,224904
1605,635,1.116007,224994
1605,635,0.00395,225015
1605,636,-0.98025,225110
1605,637,-1.000272,225240
1606,637,1.127933,225320
1606,638,-0.98025,225410
1606,639,-1.000272,225510
1607,639,1.109618,225605
1607,640,-1.000272,225705
1608,640,1.11975,225805
1609,640,1.063422,225965
1610,640,1.123917,226065
1611,640,1.072191,226205
1612,640,1.121679,226290
1613,640,1.136714,226365
1614,640,1.127277,226460
1614,641,-0.98025,226570
1615,641,1.12631,226650
1616,641,1.107255,226745
1617,641,1.066394,226895
1618,641,1.10282,226995
1619,641,1.153574,227060
1619,642,-1.000272,227135
1620,642,1.108423,227230
1621,642,1.087447,227345
1622,642,1.12021,227430
1622,643,-1.000272,227530
1623,643,1.14962,227610
1623,644,-0.98025,227675
1624,644,1.147955,227755
1625,644,1.118775,227840
1625,645,-0.98025,227965
1626,645,1.080373,228090
1627,645,1.106111,228185
1628,645,1.12631,228265
1629,645,1.153083,228340
1630,645,1.124728,228420
1631,645,1.138616,228495
1632,645,1.133061,228570
1633,645,1.136029,228660
1634,645,1.127933,228740
1635,645,1.12631,228820
1636,645,1.11467,228910
1637,645,1.13211,229000
1638,645,1.116007,229090
1639,645,1.137397,229175
1640,645,1.137397,229260
1641,645,1.098737,229365
1642,645,1.116007,229455
1643,645,1.121679,229540
1644,645,1.138616,229615
1645,645,1.085198,229735
1646,645,1.140232,229820
1647,645,1.108423,229915
1648,645,1.103894,230015
1649,645,1.141701,230100
1649,646,-0.98025,230155
1649,647,-0.98025,230260
1649,648,-1.000272,230330
1650,648,1.098737,230435
1651,648,1.158639,230510
1651,649,-0.98025,230580
1652,649,1.110839,230670
1652,650,-0.98025,230760
1653,650,1.124728,230840
1654,650,1.12021,230925
1655,650,1.069172,231070
1656,650,1.101768,231170
1657,650,1.097767,231275
1658,650,1.112087,231365
1659,650,1.109618,231460
1659,651,-1.000272,231515
1660,651,1.136714,231590
1661,651,1.121679,231675
1662,651,1.133061,231750
1663,651,1.128446,231845
1664,651,1.136714,231920
1665,651,1.11467,232010
1666,651,1.151329,232090
1667,651,1.143207,232175
1668,651,1.14962,232255
1668,652,-0.98025,232370
1668,653,-0.98025,232375
1669,653,1.124728,232455
1670,653,1.115904,232560
1670,654,-0.98025,232575
1671,654,1.116007,232665
1672,654,1.057867,232840
1673,654,1.101768,232940
1674,654,1.094966,233045
1675,654,1.155978,233110
1675,655,-1.000272,233200
1676,655,1.091471,233310
1677,655,1.127933,233390
1677,656,-1.000272,233485
1678,656,1.138616,233560
1679,656,1.11467,233650
1680,656,1.123184,233735
1681,656,1.123184,233820
1682,656,1.129598,233900
1683,656,1.104991,233995
1684,656,1.106111,234090
1684,657,-1.000272,234195
1685,657,1.089818,234310
1686,657,1.095881,234415
1687,657,1.081028,234540
1688,657,1.147955,234620
1688,658,-1.000272,234720
1689,658,1.111493,234830
1690,658,1.09975,234955
1690,659,-1.000272,235015
1691,659,1.083061,235135
1692,659,1.140573,235210
1693,659,1.151243,235280
1693,660,-1.000272,235355
1694,660,1.103894,235455
1695,660,1.147955,235535
1696,660,1.12021,235620
1697,660,1.155978,235685
1698,660,1.151243,235755
1699,660,1.12021,235840
1700,660,1.107255,235935
1701,660,1.108423,236030
1702,660,1.123184,236115
1702,661,-1.000272,236180
1703,661,1.136714,236255
1704,661,1.144655,236325
1705,661,1.117375,236410
1705,662,-1.000272,236495
1706,662,1.108423,236590
1706,663,-0.98025,236695
1707,663,1.113364,236785
1708,663,1.097767,236890
1709,663,1.123184,236975
1710,663,1.125013,237070
1711,663,1.108423,237165
1712,663,1.121679,237250
1712,664,-1.000272,237310
1713,664,1.12021,237395
1714,664,1.138798,237480
1715,664,1.103894,237580
1716,664,1.13211,237670
1717,664,1.083061,237790
1718,664,1.121679,237875
1719,664,1.136714,237950
1720,664,1.121679,238035
1720,665,-1.000272,238090
1721,665,1.09232,238200
1722,665,1.112087,238290
1723,665,1.104496,238410
1724,665,1.123184,238495
1725,665,1.12631,238575
1726,665,1.100738,238675
1726,666,-1.000272,238780
1727,666,1.121791,238880
1728,666,1.109618,238975
1728,667,-1.000272,239030
1729,667,1.097767,239135
1730,667,1.123184,239220
1731,667,1.101768,239320
1732,667,1.124728,239400
1732,668,-1.000272,239475
1733,668,1.127933,239555
1734,668,1.106111,239650
1735,668,1.12631,239730
1736,668,1.085935,239850
1737,668,1.091471,239960
1738,668,1.117375,240045
1739,668,1.116837,240150
1740,668,1.105957,240270
1741,668,1.136029,240360
1742,668,1.10984,240475
1742,669,-0.98025,240530
1742,670,-0.98025,240585
1743,670,1.136714,240660
1743,671,-0.98025,240715
1744,671,1.140573,240790
1745,671,1.103894,240890
1746,671,1.154885,240965
1747,671,1.113364,241055
1748,671,1.156736,241130
1749,671,1.134863,241205
1750,671,1.082372,241330
1750,672,-1.000272,241335
1750,673,-1.000272,241400
1751,673,1.134863,241475
1752,673,1.097767,241580
1753,673,1.143207,241665
1753,674,-0.98025,241725
1753,675,-1.000272,241825
1754,675,1.12076,241925
1754,676,-1.000272,242005
1755,676,1.125013,242100
1756,676,1.108423,242195
1757,676,1.156736,242270
1758,676,1.104991,242365
1758,677,-1.000272,242440
1759,677,1.118775,242525
1759,678,-0.98025,242590
1759,679,-1.000272,242595
1760,679,1.162607,242665
1761,679,1.131307,242745
1762,679,1.09232,242855
1763,679,1.094966,242960
1764,679,1.136714,243035
1765,679,1.106111,243130
1766,679,1.123184,243215
1767,679,1.10282,243315
1768,679,1.109618,243410
1769,679,1.121679,243495
1770,679,1.112343,243605
1771,679,1.108423,243700
1772,679,1.123917,243800
1773,679,1.12964,243895
1774,679,1.156736,243970
1775,679,1.138798,244055
1775,680,-0.98025,244060
1776,680,1.134863,244135
1776,681,-0.98025,244250
1776,682,-1.000272,244335
1777,682,1.118775,244420
1778,682,1.154885,244495
1779,682,1.107255,244590
1780,682,1.127933,244670
1780,683,-0.98025,244765
1780,684,-1.000272,244830
1781,684,1.124728,244910
1782,684,1.11467,245000
1783,684,1.121791,245100
1783,685,-1.000272,245170
1784,685,1.101768,245270
1784,686,-0.98025,245335
1785,686,1.123184,245420
1786,686,1.118775,245505
1787,686,1.107255,245600
1788,686,1.124728,245680
1789,686,1.125013,245775
1790,686,1.100738,245875
1791,686,1.108423,245970
1792,686,1.10282,246070
1793,686,1.096815,246175
1793,687,-0.98025,246180
1793,688,-1.000272,246250
1793,689,-1.000272,246305
1794,689,1.121679,246390
1795,689,1.10522,246510
1795,690,-0.98025,246570
1795,691,-1.000272,246655
1796,691,1.099728,246755
1797,691,1.124728,246835
1797,692,-1.000272,246850
1797,693,-1.000272,246935
1798,693,1.117375,247020
1799,693,1.153083,247095
1800,693,1.099728,247195
1801,693,1.125013,247290
1802,693,1.13211,247380
1803,693,1.147955,247460
1804,693,1.124728,247540
1805,693,1.10984,247655
1806,693,1.109618,247750
1807,693,1.103894,247850
1807,694,-0.98025,247930
1807,695,-1.000272,248040
1808,695,1.091471,248150
1809,695,1.128446,248245
1810,695,1.116007,248335
1811,695,1.112087,248425
1812,695,1.127277,248520
1813,695,1.089818,248635
1813,696,-0.98025,248690
1814,696,1.087447,248805
1815,696,1.089818,248920
1816,696,1.11467,249010
1817,696,1.153083,249085
1818,696,1.080373,249210
1819,696,1.108246,249325
1819,697,-1.000272,249385
1819,698,-1.000272,249445
1820,698,1.098737,249550
1820,699,-1.000272,249605
1820,700,-1.000272,249665
1821,700,1.113364,249755
1822,700,1.110839,249845
1822,701,-0.98025,249925
1822,702,-0.98025,249980
