Goals,Deaths,Reward,Step 
0,0,0,0
1,0,1.320621,35
1,1,-1.002576,85
2,1,1.138998,155
3,1,1.175265,215
4,1,1.157727,280
5,1,1.166193,340
6,1,1.155174,405
7,1,1.172125,465
7,2,-1.002858,520
8,2,1.241421,565
8,2,-5.448073E-05,566
9,2,1.094452,666
9,3,-1.003844,736
10,3,1.224791,781
11,3,1.163375,841
11,4,-1.003653,911
12,4,1.178792,966
13,4,1.127183,1046
14,4,1.122179,1126
15,4,1.120611,1206
16,4,1.210019,1256
17,4,1.095517,1356
18,4,1.178792,1411
18,5,-1.004956,1501
19,5,1.189274,1556
20,5,1.129217,1631
21,5,1.178792,1686
22,5,1.17214,1746
22,7,-2.003292,1806
23,7,1.147664,1876
24,7,1.189266,1931
25,7,1.07512,2056
25,8,-1.00312,2116
26,8,1.123802,2196
27,8,1.268068,2236
27,9,-1.003829,2306
28,9,1.068951,2441
29,9,1.150275,2506
30,9,1.160333,2571
31,9,1.193059,2626
31,10,-1.001963,2666
32,10,1.13287,2741
33,10,1.089473,2846
34,10,1.095524,2946
35,10,1.066659,3081
36,10,1.1662,3141
37,10,1.169107,3201
37,11,-1.005198,3296
38,11,1.127191,3376
39,11,1.160356,3441
40,11,1.201328,3491
41,11,1.132863,3566
42,11,1.110002,3656
43,11,1.147657,3726
44,11,1.112971,3811
45,11,1.108703,3901
45,13,-2.003557,3966
46,13,1.155129,4031
47,13,1.082193,4146
47,15,-2.003012,4201
48,15,1.197238,4251
49,15,1.235614,4296
50,15,1.169107,4356
51,15,1.08948,4461
52,15,1.230069,4506
52,16,-1.004668,4591
52,17,-1.003299,4651
53,17,1.1691,4711
54,17,1.219741,4756
55,17,1.201328,4806
55,18,-1.002786,4861
56,18,1.145403,4931
57,18,1.163353,4991
58,18,1.166185,5051
58,19,-1.002963,5106
59,19,1.189281,5161
59,20,-1.003866,5231
60,20,1.292196,5266
61,20,1.147671,5336
61,21,-1.003276,5396
62,21,1.110002,5486
62,22,-1.003579,5551
63,22,1.125467,5631
64,22,1.076766,5751
65,22,1.152679,5816
66,22,1.157712,5881
67,22,1.241414,5926
68,22,1.230076,5971
69,22,1.310556,6006
70,22,1.075104,6131
71,22,1.068343,6266
72,22,1.254208,6306
73,22,1.178784,6361
73,23,-1.002794,6416
74,23,1.111323,6506
75,23,1.210004,6556
76,23,1.172125,6616
77,23,1.139013,6686
78,23,1.130997,6761
78,24,-1.003306,6821
79,24,1.172125,6881
80,24,1.230054,6926
81,24,1.178799,6981
82,24,1.129217,7056
83,24,1.12921,7131
84,24,1.115798,7216
84,25,-1.003571,7281
84,26,-1.003821,7351
85,26,1.182166,7406
86,26,1.1691,7466
86,27,-1.00487,7556
86,28,-1.003836,7626
87,28,1.172125,7686
88,28,1.131011,7761
89,28,1.209997,7811
90,28,1.205579,7861
91,28,1.210019,7911
92,28,1.106155,8001
93,28,1.134773,8076
94,28,1.157727,8141
95,28,1.15026,8206
96,28,1.072245,8336
97,28,1.07888,8456
98,28,1.254208,8496
99,28,1.084879,8606
99,29,-1.003556,8671
100,29,1.214645,8721
101,29,1.155151,8786
101,30,-1.003829,8856
102,30,1.209997,8906
103,30,1.193044,8961
104,30,1.132863,9036
105,30,1.134758,9111
106,30,1.093259,9216
107,30,1.15026,9281
108,30,1.205564,9331
109,30,1.241428,9376
110,30,1.134765,9451
111,30,1.189281,9506
112,30,1.160356,9571
113,30,1.143208,9641
114,30,1.175272,9701
115,30,1.189274,9756
116,30,1.098673,9856
117,30,1.082968,9971
118,30,1.157712,10036
119,30,1.201343,10086
120,30,1.166178,10146
121,30,1.096548,10246
121,31,-1.002459,10291
121,32,-1.004116,10366
122,32,1.193044,10421
123,32,1.178777,10476
124,32,1.189274,10531
125,32,1.169115,10591
126,32,1.210004,10641
126,33,-1.004124,10716
127,33,1.175265,10776
128,33,1.224791,10821
129,33,1.1432,10891
130,33,1.178799,10946
131,33,1.163353,11006
132,33,1.166178,11066
132,34,-1.003306,11126
132,35,-1.003284,11186
133,35,1.224791,11231
134,35,1.084879,11341
135,35,1.131004,11416
136,35,1.182159,11471
137,35,1.175272,11531
137,36,-1.002858,11586
138,36,1.178784,11641
139,36,1.147671,11711
139,37,-1.003019,11766
139,38,-1.002754,11816
139,39,-1.002996,11871
139,40,-1.003627,11941
140,40,1.08378,12056
141,40,1.219725,12101
142,40,1.193044,12156
143,40,1.163375,12216
144,40,1.141091,12286
145,40,1.076751,12406
146,40,1.101177,12501
147,40,1.118789,12586
148,40,1.129195,12661
149,40,1.1691,12721
150,40,1.163375,12781
151,40,1.155159,12846
152,40,1.106163,12936
153,40,1.118796,13021
154,40,1.163368,13081
155,40,1.201313,13131
156,40,1.160356,13196
156,41,-1.004101,13271
157,41,1.115821,13356
158,41,1.062463,13501
159,41,1.098666,13601
160,41,1.125482,13681
161,41,1.091314,13786
162,41,1.091322,13891
163,41,1.160356,13956
164,41,1.150275,14021
165,41,1.067204,14156
165,42,-1.004101,14231
165,43,-1.002034,14271
166,43,1.178799,14326
167,43,1.070407,14456
168,43,1.205579,14506
169,43,1.112986,14591
170,43,1.082185,14706
171,43,1.201313,14756
172,43,1.08948,14861
173,43,1.224791,14906
174,43,1.147649,14976
175,43,1.169115,15036
176,43,1.134766,15111
177,43,1.056026,15266
178,43,1.100042,15361
179,43,1.169108,15421
179,44,-1.003291,15481
180,44,1.093252,15586
181,44,1.16336,15646
182,44,1.101162,15741
183,44,1.125474,15821
184,44,1.127183,15901
185,44,1.145403,15971
186,44,1.268054,16011
187,44,1.152679,16076
188,44,1.197231,16126
189,44,1.114402,16211
190,44,1.084864,16321
191,44,1.197238,16371
192,44,1.117268,16456
193,44,1.1691,16516
194,44,1.150275,16581
195,44,1.127205,16661
196,44,1.178792,16716
197,44,1.189266,16771
198,44,1.224799,16816
199,44,1.20132,16866
200,44,1.185645,16921
201,44,1.166178,16981
201,45,-1.003571,17046
202,45,1.152679,17111
203,45,1.157712,17176
204,45,1.134765,17251
205,45,1.172132,17311
206,45,1.155136,17376
207,45,1.219741,17421
207,46,-1.002078,17461
208,46,1.175288,17521
209,46,1.122179,17601
210,46,1.160363,17666
211,46,1.197246,17716
212,46,1.12921,17791
212,47,-1.003075,17851
212,48,-1.002082,17891
213,48,1.182159,17946
214,48,1.136714,18021
215,48,1.197223,18071
216,48,1.102306,18166
217,48,1.169115,18226
218,48,1.160356,18291
219,48,1.118796,18376
220,48,1.07888,18496
221,48,1.07379,18621
222,48,1.224784,18666
223,48,1.139006,18736
224,48,1.241414,18781
225,48,1.205579,18831
226,48,1.20132,18881
226,49,-1.002903,18936
227,49,1.182144,18991
228,49,1.20999,19041
228,50,-1.003844,19111
228,51,-1.003004,19166
229,51,1.185638,19221
230,51,1.214645,19271
231,51,1.09551,19371
232,51,1.283777,19406
233,51,1.107411,19496
234,51,1.254216,19536
235,51,1.189281,19591
236,51,1.235621,19636
237,51,1.10467,19731
238,51,1.219733,19776
238,52,-1.004109,19851
239,52,1.152671,19916
240,52,1.268061,19956
241,52,1.247791,19996
242,52,1.178777,20051
243,52,1.1662,20111
243,53,-1.003276,20171
244,53,1.275576,20211
245,53,1.163375,20271
246,53,1.110009,20361
247,53,1.160371,20426
248,53,1.169108,20486
249,53,1.178784,20541
250,53,1.131011,20616
251,53,1.157719,20681
252,53,1.160348,20746
253,53,1.143208,20816
254,53,1.157727,20881
255,53,1.182166,20936
256,53,1.147679,21006
257,53,1.178784,21061
258,53,1.16336,21121
258,54,-1.003026,21176
259,54,1.219756,21221
260,54,1.120611,21301
261,54,1.118788,21386
262,54,1.178784,21441
263,54,1.169122,21501
264,54,1.201328,21551
264,55,-1.006786,21676
265,55,1.131034,21751
266,55,1.230084,21796
267,55,1.089473,21901
268,55,1.093237,22006
268,56,-1.004974,22101
268,57,-1.003556,22166
268,58,-1.003299,22226
269,58,1.182159,22281
269,59,-1.003735,22351
270,59,1.224806,22396
271,59,1.075105,22521
271,60,-1.004131,22596
272,60,1.139006,22666
273,60,1.118789,22751
274,60,1.138998,22821
275,60,1.12921,22896
276,60,1.152671,22961
277,60,1.163368,23021
278,60,1.197253,23071
278,61,-1.003276,23131
279,61,1.122194,23211
280,61,1.141076,23281
281,61,1.104662,23376
282,61,1.120589,23456
283,61,1.136737,23531
284,61,1.139006,23601
285,61,1.109987,23691
286,61,1.214645,23741
287,61,1.129202,23816
288,61,1.254208,23856
289,61,1.201305,23906
290,61,1.193052,23961
291,61,1.205579,24011
292,61,1.090403,24116
293,61,1.197238,24166
293,62,-1.004116,24241
294,62,1.292173,24276
295,62,1.178799,24331
295,63,-1.002529,24381
296,63,1.268054,24421
297,63,1.166193,24481
298,63,1.224776,24526
299,63,1.143208,24596
300,63,1.152664,24661
301,63,1.155151,24726
301,64,-1.002427,24771
301,65,-1.003128,24831
302,65,1.224791,24876
303,65,1.160341,24941
304,65,1.169107,25001
304,65,-0.0003268844,25007
304,66,-1.005503,25102
304,67,-1.005775,25212
304,68,-1.003269,25272
305,68,1.048605,25447
306,68,1.060321,25597
306,69,-1.002996,25652
306,70,-1.004358,25732
306,71,-1.003814,25802
306,72,-1.003814,25872
306,73,-1.002615,25922
307,73,1.115851,26007
308,73,1.097645,26107
309,73,1.100088,26202
310,73,1.107456,26292
311,73,1.056491,26447
312,73,1.131049,26522
313,73,1.062523,26667
314,73,1.108733,26757
314,74,-1.004631,26842
314,75,-1.005176,26937
315,75,1.108733,27027
316,75,1.094552,27127
317,75,1.078932,27247
318,75,1.063022,27392
319,75,1.136759,27467
319,76,-1.004631,27552
320,76,1.107456,27642
320,77,-1.007082,27772
320,78,-1.001689,27807
320,79,-1.002561,27857
320,80,-1.004903,27947
321,80,1.068981,28082
322,80,1.104715,28177
322,81,-1.003269,28237
322,82,-1.004903,28327
323,82,1.091367,28432
323,83,-1.005176,28527
323,84,-1.003269,28587
324,84,1.104715,28682
324,85,-1.001689,28717
325,85,1.098719,28817
326,85,1.075157,28942
327,85,1.097645,29042
328,85,1.11732,29127
328,86,-1.003269,29187
328,87,-1.006538,29307
329,87,1.10352,29402
329,88,-1.004086,29477
330,88,1.075157,29602
331,88,1.063022,29747
332,88,1.04991,29917
333,88,1.068981,30052
334,88,1.059855,30202
335,88,1.075835,30327
335,89,-1.004358,30407
335,90,-1.002996,30462
335,91,-1.004086,30537
336,91,1.047012,30717
337,91,1.118826,30802
338,91,1.04517,30987
338,92,-1.003269,31047
339,92,1.114417,31132
340,92,1.056491,31287
340,93,-1.003814,31357
340,94,-1.00681,31482
340,95,-1.002996,31537
340,96,-1.003269,31597
341,96,1.089518,31702
342,96,1.101207,31797
343,96,1.089518,31902
343,97,-1.003269,31962
344,97,1.127221,32042
344,98,-1.002234,32087
345,98,1.075157,32212
345,99,-1.003269,32272
346,99,1.067833,32407
347,99,1.098719,32507
348,99,1.080691,32622
348,100,-1.003269,32682
349,100,1.041732,32877
350,100,1.075157,33002
350,101,-1.004903,33092
351,101,1.160393,33157
352,101,1.059395,33307
352,102,-1.003323,33372
353,102,1.053123,33537
354,102,1.078932,33657
355,102,1.083825,33772
355,103,-1.004358,33852
355,104,-1.002996,33907
356,104,1.07319,34032
357,104,1.143245,34102
358,104,1.157749,34167
359,104,1.078932,34287
359,105,-1.004903,34377
360,105,1.147702,34447
361,105,1.147702,34517
362,105,1.064837,34657
363,105,1.061066,34802
363,106,-1.008172,34952
363,107,-1.003269,35012
364,107,1.087465,35122
364,108,-1.003269,35182
365,108,1.139044,35252
366,108,1.147702,35322
367,108,1.110039,35412
367,109,-1.007191,35547
368,109,1.058495,35697
369,109,1.087465,35807
370,109,1.10352,35902
370,110,-1.003814,35972
370,111,-1.005176,36067
370,112,-1.004903,36157
370,113,-1.005775,36267
370,114,-1.004358,36347
371,114,1.091367,36452
371,115,-1.008009,36602
372,115,1.080691,36717
372,116,-1.002996,36772
372,117,-1.002615,36822
372,118,-1.002615,36872
373,118,1.084916,36982
373,119,-1.004631,37067
374,119,1.04991,37237
375,119,1.080691,37352
375,120,-1.002343,37397
376,120,1.106208,37487
376,121,-1.002615,37537
376,122,-1.005121,37632
377,122,1.069841,37762
377,123,-1.002724,37812
378,123,1.074491,37937
378,124,-1.003269,37997
379,124,1.11732,38082
380,124,1.110039,38172
381,124,1.030948,38402
382,124,1.094552,38502
383,124,1.098719,38602
383,125,-1.004631,38687
384,125,1.088347,38797
384,126,-1.00572,38902
385,126,1.111376,38992
386,126,1.071658,39122
387,126,1.063022,39267
388,126,1.091367,39372
388,127,-1.003269,39432
389,127,1.080691,39547
390,127,1.072283,39677
391,127,1.083825,39792
392,127,1.091367,39897
393,127,1.079669,40017
394,127,1.104715,40112
394,128,-1.002996,40167
395,128,1.111376,40257
396,128,1.131049,40332
397,128,1.102351,40427
398,128,1.07319,40552
399,128,1.107456,40642
400,128,1.091367,40747
400,129,-1.002779,40802
401,129,1.160393,40867
402,129,1.107456,40957
403,129,1.051617,41122
404,129,1.034798,41337
405,129,1.127221,41417
405,130,-1.003814,41487
405,131,-1.003269,41547
405,132,-1.007518,41687
406,132,1.175303,41747
406,133,-1.004086,41822
407,133,1.058495,41972
407,134,-1.00572,42077
407,135,-1.003541,42142
407,136,-1.004903,42232
408,136,1.107456,42322
409,136,1.056915,42477
410,136,1.073835,42602
411,136,1.092319,42707
411,137,-1.004358,42787
411,138,-1.004903,42877
412,138,1.080691,42992
412,139,-1.010351,43182
413,139,1.076796,43302
413,140,-1.005448,43402
413,141,-1.003269,43462
414,141,1.07319,43587
415,141,1.114417,43672
415,142,-1.003269,43732
416,142,1.092319,43837
417,142,1.05236,44002
418,142,1.089518,44107
419,142,1.069841,44237
420,142,1.094552,44337
421,142,1.093289,44442
421,143,-1.004086,44517
421,144,-1.003269,44577
421,145,-1.002996,44632
421,146,-1.004358,44712
421,147,-1.005176,44807
422,147,1.068403,44942
422,148,-1.003269,45002
423,148,1.150305,45067
424,148,1.120641,45147
425,148,1.120641,45227
426,148,1.056491,45382
426,149,-1.009044,45552
426,150,-1.006538,45672
427,150,1.114417,45757
428,150,1.093289,45862
428,151,-1.003269,45922
428,152,-1.002887,45977
429,152,1.089518,46082
430,152,1.098719,46182
431,152,1.107456,46272
431,153,-1.003814,46342
431,154,-1.004086,46417
432,154,1.10352,46512
432,155,-1.00681,46637
432,156,-1.003814,46707
432,157,-1.006538,46827
432,158,-1.002452,46872
432,159,-1.003269,46932
433,159,1.083825,47047
433,160,-1.002996,47102
433,161,-1.002996,47157
434,161,1.096593,47257
435,161,1.090433,47362
436,161,1.095562,47462
436,162,-1.003541,47527
436,163,-1.003269,47587
437,163,1.08302,47702
437,164,-1.009262,47872
437,165,-1.002996,47927
438,165,1.114417,48012
439,165,1.094552,48112
439,166,-1.003269,48172
440,166,1.054574,48332
440,167,-1.003814,48402
441,167,1.11732,48487
442,167,1.107456,48577
442,168,-1.004086,48652
443,168,1.134803,48727
444,168,1.071043,48857
445,168,1.067272,48992
445,169,-1.005176,49087
446,169,1.150305,49152
447,169,1.08575,49262
448,169,1.078932,49382
448,170,-1.004358,49462
449,170,1.083825,49577
450,170,1.057781,49732
451,170,1.08302,49847
452,170,1.129247,49922
452,170,-0.00468534,50008
452,171,-1.007246,50058
452,172,-1.003269,50118
453,172,1.108733,50208
453,173,-1.003541,50273
454,173,1.051617,50438
454,174,-1.00681,50563
455,174,1.136759,50638
456,174,1.063801,50778
456,175,-1.004631,50863
457,175,1.079669,50983
457,176,-1.002615,51033
457,177,-1.004086,51108
458,177,1.143245,51178
459,177,1.089518,51283
460,177,1.08302,51398
460,178,-1.003541,51463
460,179,-1.008717,51623
460,180,-1.003814,51693
461,180,1.054574,51853
462,180,1.114417,51938
462,181,-1.005666,52043
463,181,1.094552,52143
464,181,1.078932,52263
465,181,1.054574,52423
465,182,-1.003269,52483
465,183,-1.004631,52568
465,184,-1.004631,52653
465,185,-1.00572,52758
466,185,1.070437,52888
467,185,1.083825,53003
468,185,1.08223,53118
469,185,1.088347,53228
470,185,1.122224,53308
470,186,-1.003269,53368
471,186,1.040923,53563
472,186,1.068403,53698
473,186,1.090433,53803
474,186,1.061066,53948
475,186,1.114417,54033
476,186,1.111376,54123
476,187,-1.002615,54173
476,188,-1.005993,54283
477,188,1.073835,54408
478,188,1.091367,54513
479,188,1.106208,54603
479,189,-1.005448,54703
480,189,1.107456,54793
480,190,-1.002452,54838
481,190,1.110039,54928
481,191,-1.005176,55023
481,192,-1.005938,55133
481,193,-1.003269,55193
482,193,1.123847,55273
482,194,-1.005884,55383
482,195,-1.005448,55483
482,196,-1.002996,55538
482,197,-1.00267,55588
483,197,1.075835,55713
484,197,1.071658,55843
485,197,1.06203,55988
485,198,-1.003541,56053
485,199,-1.002996,56108
486,199,1.095562,56208
487,199,1.155189,56273
487,200,-1.003269,56333
488,200,1.107456,56423
489,200,1.08302,56538
489,201,-1.004086,56613
490,201,1.120641,56693
491,201,1.14544,56763
491,202,-1.003814,56833
492,202,1.092319,56938
492,203,-1.003814,57008
493,203,1.069841,57138
494,203,1.141114,57208
495,203,1.131049,57283
496,203,1.075157,57408
496,204,-1.002615,57458
496,205,-1.003541,57523
496,206,-1.007355,57658
496,207,-1.003541,57723
496,208,-1.007082,57853
497,208,1.129247,57928
497,209,-1.003541,57993
497,210,-1.003269,58053
497,211,-1.004086,58128
497,212,-1.002996,58183
498,212,1.118826,58268
499,212,1.11732,58353
500,212,1.118826,58438
501,212,1.125512,58518
502,212,1.160393,58583
503,212,1.10352,58678
503,213,-1.003814,58748
503,214,-1.004358,58828
503,215,-1.005176,58923
503,216,-1.003814,58993
504,216,1.108733,59083
505,216,1.064315,59223
505,217,-1.003541,59288
506,217,1.114417,59373
507,217,1.136759,59448
507,218,-1.006429,59568
507,219,-1.003541,59633
508,219,1.080691,59748
508,220,-1.003541,59813
509,220,1.122224,59893
509,221,-1.003814,59963
510,221,1.08302,60078
511,221,1.131049,60153
511,222,-1.007627,60293
512,222,1.131049,60368
512,223,-1.003269,60428
513,223,1.071043,60558
513,224,-1.003541,60623
513,225,-1.003269,60683
514,225,1.095562,60783
514,226,-1.003541,60848
514,227,-1.002016,60888
515,227,1.143245,60958
516,227,1.089518,61063
517,227,1.076796,61183
517,228,-1.004358,61263
518,228,1.07319,61388
519,228,1.131049,61463
520,228,1.068403,61598
521,228,1.098719,61698
522,228,1.08302,61813
523,228,1.104715,61908
524,228,1.107456,61998
525,228,1.107456,62088
525,229,-1.002996,62143
525,230,-1.002996,62198
526,230,1.107456,62288
527,230,1.096593,62388
528,230,1.093289,62493
529,230,1.034798,62708
530,230,1.129247,62783
531,230,1.150305,62848
532,230,1.107456,62938
532,231,-1.003541,63003
533,231,1.115851,63088
533,232,-1.002996,63143
533,233,-1.003814,63213
534,233,1.106208,63303
535,233,1.14544,63373
536,233,1.120641,63453
536,234,-1.004903,63543
537,234,1.143245,63613
538,234,1.115851,63698
539,234,1.17217,63758
540,234,1.0866,63868
540,235,-1.002996,63923
541,235,1.111376,64013
541,236,-1.002234,64058
541,237,-1.003269,64118
542,237,1.071658,64248
542,238,-1.003323,64313
543,238,1.129247,64388
544,238,1.115851,64473
544,239,-1.002996,64528
544,240,-1.003814,64598
545,240,1.068981,64733
546,240,1.101207,64828
547,240,1.14544,64898
548,240,1.071043,65028
549,240,1.090433,65133
550,240,1.147702,65203
551,240,1.131049,65278
552,240,1.120641,65358
553,240,1.118826,65443
554,240,1.147702,65513
555,240,1.095562,65613
555,241,-1.002506,65663
556,241,1.07319,65788
557,241,1.131049,65863
558,241,1.100088,65958
558,242,-1.006538,66078
559,242,1.075157,66203
560,242,1.111376,66293
561,242,1.160393,66358
561,243,-1.002996,66413
561,244,-1.003814,66483
562,244,1.098719,66583
563,244,1.08302,66698
563,245,-1.005666,66803
564,245,1.097645,66903
564,246,-1.003269,66963
565,246,1.064837,67103
566,246,1.078932,67223
567,246,1.088347,67333
567,248,-2.003814,67403
568,248,1.166223,67463
568,249,-1.002343,67508
568,250,-1.002996,67563
568,251,-1.005448,67663
569,251,1.11732,67748
569,252,-1.002996,67803
569,253,-1.007082,67933
569,254,-1.003814,68003
570,254,1.118826,68088
571,254,1.118826,68173
572,254,1.065902,68313
572,255,-1.006538,68433
573,255,1.17217,68493
573,256,-1.002452,68538
574,256,1.106208,68628
574,257,-1.00474,68718
575,257,1.108733,68808
576,257,1.150305,68873
577,257,1.11732,68958
578,257,1.073835,69083
578,258,-1.004631,69168
579,258,1.100088,69263
580,258,1.150305,69328
580,259,-1.006865,69458
581,259,1.104715,69553
581,260,-1.003269,69613
581,261,-1.006592,69738
582,261,1.11732,69823
583,261,1.115851,69908
583,262,-1.002833,69963
584,262,1.058942,70113
585,262,1.080691,70228
585,263,-1.004903,70318
585,264,-1.006538,70438
586,264,1.106208,70528
586,265,-1.003814,70598
587,265,1.131049,70673
587,266,-1.002996,70728
588,266,1.090433,70833
589,266,1.084916,70943
589,267,-1.004631,71028
589,268,-1.003541,71093
590,268,1.114417,71178
591,268,1.100088,71273
591,269,-1.003269,71333
592,269,1.093289,71438
592,270,-1.004086,71513
593,270,1.073835,71638
594,270,1.106208,71728
595,270,1.114417,71813
596,270,1.111376,71903
597,270,1.10352,71998
598,270,1.113016,72083
598,271,-1.003923,72158
599,271,1.098719,72258
600,271,1.074491,72383
601,271,1.095562,72483
602,271,1.064837,72623
603,271,1.095562,72723
604,271,1.129247,72798
604,272,-1.003814,72868
604,273,-1.004086,72943
604,274,-1.004903,73033
605,274,1.078208,73153
605,275,-1.004086,73228
606,275,1.07319,73353
607,275,1.065902,73493
608,275,1.150305,73558
609,275,1.139044,73628
610,275,1.155189,73693
611,275,1.089518,73798
611,276,-1.004358,73878
611,277,-1.004086,73953
612,277,1.139044,74023
612,278,-1.002996,74078
613,278,1.097645,74178
613,279,-1.004413,74263
613,280,-1.003541,74328
614,280,1.096593,74428
615,280,1.075157,74553
616,280,1.1329,74628
617,280,1.129247,74703
618,280,1.131049,74778
618,281,-1.003814,74848
619,281,1.14544,74918
619,281,-0.004957743,75009
620,281,1.112363,75094
620,282,-1.002996,75149
621,282,1.141114,75219
622,282,1.078208,75339
622,283,-1.003541,75404
623,283,1.107456,75494
624,283,1.068403,75629
624,284,-1.002724,75679
624,285,-1.003814,75749
625,285,1.071658,75879
626,285,1.108733,75969
627,285,1.095562,76069
627,286,-1.004086,76144
628,286,1.106208,76234
628,287,-1.002996,76289
629,287,1.098719,76389
630,287,1.129247,76464
631,287,1.152709,76529
631,288,-1.002996,76584
632,288,1.100088,76679
633,288,1.083825,76794
633,289,-1.003269,76854
634,289,1.094552,76954
634,290,-1.00523,77054
634,291,-1.004086,77129
635,291,1.106208,77219
636,291,1.035235,77434
637,291,1.095562,77534
638,291,1.110039,77624
638,292,-1.00267,77674
638,293,-1.003269,77734
639,293,1.018175,78029
640,293,1.087465,78139
640,294,-1.002343,78184
641,294,1.102351,78279
642,294,1.091367,78384
643,294,1.080691,78499
644,294,1.068981,78634
645,294,1.160393,78699
646,294,1.093289,78804
646,295,-1.004086,78879
647,295,1.152709,78944
648,295,1.114417,79029
649,295,1.050619,79199
650,295,1.134803,79274
650,296,-1.002397,79319
651,296,1.11732,79404
651,297,-1.004794,79494
651,298,-1.002288,79539
652,298,1.101207,79634
652,299,-1.002996,79689
652,300,-1.004631,79774
652,301,-1.002288,79819
652,302,-1.002996,79874
653,302,1.163398,79934
654,302,1.106208,80024
655,302,1.129247,80099
656,302,1.107456,80189
656,303,-1.007627,80329
657,303,1.078932,80449
658,303,1.11732,80534
659,303,1.083825,80649
659,304,-1.003378,80714
660,304,1.122224,80794
661,304,1.071658,80924
661,305,-1.004685,81014
661,306,-1.004086,81089
661,307,-1.002996,81144
661,308,-1.002397,81189
662,308,1.101207,81284
662,309,-1.002833,81339
662,310,-1.002561,81389
663,310,1.074491,81514
664,310,1.076796,81634
665,310,1.092319,81739
665,311,-1.006538,81859
665,312,-1.004631,81944
666,312,1.110039,82034
667,312,1.104715,82129
667,313,-1.00267,82179
668,313,1.098719,82279
669,313,1.125512,82359
670,313,1.033676,82579
670,314,-1.002887,82634
670,315,-1.003541,82699
670,316,-1.004086,82774
670,317,-1.003051,82834
670,318,-1.002996,82889
670,319,-1.005448,82989
671,319,1.074491,83114
671,320,-1.00267,83164
672,320,1.094552,83264
673,320,1.08575,83374
674,320,1.078932,83494
675,320,1.118826,83579
676,320,1.083825,83694
676,321,-1.002887,83749
677,321,1.134803,83824
678,321,1.066719,83959
678,322,-1.002996,84014
678,323,-1.002996,84069
678,324,-1.002234,84114
679,324,1.071658,84244
680,324,1.115851,84329
681,324,1.093289,84434
681,325,-1.005067,84529
681,326,-1.003105,84589
681,327,-1.002833,84644
682,327,1.139044,84714
683,327,1.120641,84794
684,327,1.14544,84864
684,328,-1.002343,84909
684,329,-1.004086,84984
685,329,1.123847,85064
686,329,1.091367,85169
687,329,1.193082,85224
687,330,-1.002942,85279
687,331,-1.002779,85334
687,332,-1.003269,85394
687,333,-1.002996,85449
687,334,-1.003814,85519
687,335,-1.002288,85564
688,335,1.06203,85709
688,336,-1.003814,85779
689,336,1.139044,85849
690,336,1.122224,85929
691,336,1.079669,86049
692,336,1.14544,86119
693,336,1.072283,86249
694,336,1.125512,86329
695,336,1.123847,86409
695,337,-1.003541,86474
695,338,-1.005012,86569
696,338,1.1329,86644
696,339,-1.003269,86704
697,339,1.077496,86824
697,340,-1.002996,86879
697,341,-1.003269,86939
697,342,-1.003541,87004
698,342,1.108733,87094
699,342,1.127221,87174
700,342,1.097645,87274
700,343,-1.003541,87339
701,343,1.0866,87449
701,344,-1.005394,87549
702,344,1.094552,87649
703,344,1.150305,87714
704,344,1.114417,87799
704,345,-1.003541,87864
705,345,1.080691,87979
705,346,-1.006265,88094
706,346,1.075157,88219
707,346,1.157749,88284
708,346,1.131049,88359
709,346,1.096593,88459
710,346,1.083825,88574
711,346,1.094552,88674
711,347,-1.005557,88779
711,348,-1.003814,88849
712,348,1.100088,88944
713,348,1.078208,89064
714,348,1.110039,89154
715,348,1.120641,89234
716,348,1.143245,89304
717,348,1.11732,89389
718,348,1.07319,89514
719,348,1.1329,89589
720,348,1.147702,89659
721,348,1.114417,89744
722,348,1.108733,89834
723,348,1.141114,89904
723,349,-1.003814,89974
724,349,1.097645,90074
725,349,1.147702,90144
725,350,-1.003269,90204
725,351,-1.002452,90249
726,351,1.076796,90369
726,352,-1.003269,90429
727,352,1.0866,90539
727,353,-1.002234,90584
727,354,-1.003541,90649
728,354,1.053783,90809
729,354,1.056915,90964
729,355,-1.00316,91024
729,356,-1.005775,91134
729,357,-1.005993,91244
730,357,1.061545,91389
731,357,1.098719,91489
732,357,1.080691,91604
733,357,1.125512,91684
733,358,-1.001961,91724
734,358,1.076796,91844
735,358,1.077496,91964
736,358,1.139044,92034
736,359,-1.003541,92099
737,359,1.078208,92219
737,360,-1.004358,92299
738,360,1.147702,92369
739,360,1.123847,92449
739,361,-1.002996,92504
740,361,1.136759,92579
741,361,1.083825,92694
741,362,-1.003541,92759
742,362,1.152709,92824
743,362,1.118826,92909
744,362,1.08575,93019
745,362,1.084916,93129
746,362,1.07319,93254
747,362,1.079669,93374
748,362,1.075157,93499
749,362,1.096593,93599
750,362,1.107456,93689
751,362,1.089518,93794
752,362,1.093289,93899
753,362,1.125512,93979
753,363,-1.003814,94049
753,364,-1.006265,94164
754,364,1.107456,94254
754,365,-1.002996,94309
755,365,1.134803,94384
755,366,-1.003541,94449
756,366,1.098719,94549
757,366,1.139044,94619
758,366,1.108733,94709
758,367,-1.003814,94779
759,367,1.111376,94869
759,368,-1.003541,94934
760,368,1.160393,94999
761,368,1.08575,95109
762,368,1.120641,95189
763,368,1.071043,95319
764,368,1.0866,95429
765,368,1.175303,95489
766,368,1.076796,95609
767,368,1.097645,95709
768,368,1.102351,95804
769,368,1.125512,95884
769,369,-1.003269,95944
770,369,1.087465,96054
771,369,1.070437,96184
772,369,1.08575,96294
773,369,1.147702,96364
774,369,1.108733,96454
775,369,1.125512,96534
776,369,1.111376,96624
777,369,1.129247,96699
777,370,-1.002615,96749
778,370,1.071043,96879
779,370,1.061545,97024
780,370,1.074491,97149
781,370,1.110039,97239
782,370,1.127221,97319
783,370,1.06203,97464
783,371,-1.002996,97519
783,372,-1.004358,97599
784,372,1.136759,97674
784,373,-1.002996,97729
785,373,1.1329,97804
785,374,-1.004358,97884
786,374,1.101207,97979
786,375,-1.006156,98094
786,376,-1.004358,98174
786,377,-1.004358,98254
786,378,-1.002996,98309
786,379,-1.005938,98419
786,380,-1.004631,98504
786,381,-1.003868,98579
786,382,-1.003541,98644
787,382,1.067272,98779
788,382,1.143245,98849
788,383,-1.002996,98904
789,383,1.106208,98994
790,383,1.043125,99184
791,383,1.100088,99279
791,384,-1.005067,99374
792,384,1.063801,99514
793,384,1.060321,99664
793,385,-1.005993,99774
793,386,-1.004086,99849
794,386,1.108733,99939
794,387,-1.003814,100009
794,387,-5.448073E-05,100010
794,388,-0.9040285,100085
794,389,-0.9029933,100145
795,389,1.228504,100255
796,389,1.238696,100405
796,390,-0.9637689,100475
797,390,1.260893,100590
797,391,-0.882862,100645
798,391,1.245929,100755
799,391,1.286824,100865
800,391,1.271266,100995
800,392,-0.9464706,101115
801,392,1.246284,101295
802,392,1.254731,101395
803,392,1.215882,101610
803,393,-0.9028844,101665
803,394,-0.9257399,101775
804,394,1.252484,101905
804,395,-0.9228524,101960
805,395,1.23675,102060
806,395,1.221611,102175
807,395,1.330286,102265
807,396,-0.9437465,102335
807,397,-0.9047912,102425
807,398,-0.828243,102580
808,398,1.257569,102735
808,399,-0.9211361,102835
809,399,1.265118,102945
809,400,-0.9432017,103005
809,401,-1.003214,103065
810,401,1.272507,103195
810,402,-0.8459771,103310
810,403,-0.9028844,103365
811,403,1.230464,103535
811,404,-0.8271533,103670
811,405,-0.9034293,103735
812,405,1.290241,103825
812,406,-0.8268808,103955
812,408,-1.943474,104020
812,409,-0.9231792,104080
812,410,-0.9619165,104120
813,410,1.285083,104260
814,410,1.274754,104360
814,411,-0.8669256,104490
814,412,-0.8279704,104640
815,412,1.276675,104850
815,413,-0.8674704,104990
815,415,-1.886948,105120
816,415,1.223981,105260
816,416,-0.9039741,105335
817,416,1.246779,105445
818,416,1.181347,105640
818,417,-0.8839515,105715
818,418,-0.9034293,105780
818,419,-1.002996,105835
819,419,1.265589,105975
820,419,1.217094,106130
821,419,1.210594,106260
822,419,1.276675,106470
822,420,-0.8867846,106600
822,421,-0.864583,106690
822,422,-0.9028844,106745
823,422,1.293436,106870
824,422,1.239848,106990
824,423,-0.8748256,107120
824,424,-0.9634964,107185
824,425,-0.9037016,107255
824,426,-0.9629517,107310
825,426,1.273196,107395
826,426,1.254798,107555
826,427,-0.9632241,107615
826,428,-0.9643137,107695
826,429,-0.8657814,107805
827,429,1.233446,107910
828,429,1.283244,108025
828,430,-0.8673615,108165
829,430,1.266801,108275
830,430,1.2432,108390
830,431,-0.9819934,108430
830,432,-0.882862,108485
831,432,1.259166,108635
831,433,-0.9231793,108695
832,433,1.251244,108825
832,434,-0.907243,108960
833,434,1.272507,109090
834,434,1.239112,109210
834,435,-0.9432017,109270
834,436,-0.8439068,109345
834,437,-0.9028844,109400
835,437,1.234015,109525
835,438,-0.8636568,109595
836,438,1.254692,109720
837,438,1.288079,109855
837,439,-0.9031568,109915
838,439,1.288571,110025
838,440,-0.8257912,110135
839,440,1.293079,110210
839,441,-0.8233396,110275
840,441,1.257824,110375
840,442,-0.824974,110470
840,443,-0.803862,110545
841,443,1.319938,110665
842,443,1.19693,110785
843,443,1.245096,110895
843,444,-0.8447785,110990
844,444,1.267496,111125
844,445,-0.9034293,111190
844,446,-0.8463585,111310
844,447,-0.9037016,111380
845,447,1.322598,111475
845,448,-0.9429293,111530
845,449,-0.9031568,111590
845,450,-0.8654003,111695
845,451,-0.9053904,111800
846,451,1.291578,111890
847,451,1.247644,112000
848,451,1.204745,112185
849,451,1.27252,112290
849,452,-0.8839516,112365
849,453,-0.9432017,112425
850,453,1.265952,112535
850,454,-0.9832464,112595
850,455,-0.969762,112630
850,456,-0.8836792,112700
851,456,1.254731,112800
851,457,-0.9034293,112865
852,457,1.254574,112950
853,457,1.288649,113085
854,457,1.288649,113220
854,458,-0.9426024,113270
855,458,1.268548,113380
856,458,1.273414,113505
856,459,-0.9042464,113585
857,459,1.231818,113750
858,459,1.267667,113860
859,459,1.277846,113960
860,459,1.254692,114085
861,459,1.267299,114335
862,459,1.249183,114470
862,460,-0.8466309,114595
863,460,1.336983,114670
864,460,1.27252,114775
865,460,1.31905,114860
865,461,-0.8834069,114925
865,462,-0.8642017,115005
866,462,1.236975,115125
867,462,1.31905,115210
868,462,1.265118,115320
868,463,-0.9234517,115385
869,463,1.251859,115515
869,464,-0.8831345,115575
869,465,-0.9269929,115705
870,465,1.249697,115810
870,466,-0.8831345,115870
870,467,-0.8642017,115950
871,467,1.192417,116080
871,468,-0.803862,116155
871,469,-0.8455412,116260
872,469,1.244004,116375
872,470,-0.8836792,116445
872,471,-0.9629517,116500
873,471,1.234014,116625
873,472,-0.9817755,116660
873,473,-0.9031568,116720
873,474,-0.9231792,116780
874,474,1.253392,116905
874,475,-0.9237241,116975
875,475,1.286148,117115
876,475,1.246104,117255
877,475,1.230174,117345
878,475,1.261769,117490
878,476,-0.826336,117610
878,477,-0.8843875,117695
879,477,1.245567,117835
880,477,1.279893,117955
880,478,-0.884224,118035
880,479,-0.8636569,118105
880,480,-0.8642016,118185
880,481,-0.8834069,118250
881,481,1.262531,118345
882,481,1.299664,118495
882,482,-0.9039741,118570
882,483,-0.7854741,118675
883,483,1.271266,118805
883,484,-0.8639292,118880
883,485,-0.9229069,118935
883,486,-0.9231793,118995
883,487,-0.8271533,119130
883,488,-0.9031568,119190
884,488,1.237802,119290
885,488,1.203959,119405
885,489,-0.8418636,119520
886,489,1.225073,119630
887,489,1.249183,119765
888,489,1.259134,119885
888,490,-0.819662,119960
888,491,-0.8934861,120065
889,491,1.268912,120155
890,491,1.228012,120290
891,491,1.307711,120400
891,492,-0.8463584,120520
892,492,1.232476,120625
893,492,1.254731,120725
894,492,1.224849,120820
895,492,1.317544,120905
896,492,1.296081,121030
897,492,1.27772,121150
898,492,1.240057,121300
898,493,-0.8644739,121385
899,493,1.219557,121585
900,493,1.275764,121685
901,493,1.322448,121765
902,493,1.326019,121875
902,494,-0.9037017,121945
903,494,1.228504,122055
903,495,-0.8842241,122135
904,495,1.30768,122225
904,496,-0.9034293,122290
904,497,-0.9250315,122385
904,498,-0.9249227,122480
905,498,1.274821,122640
906,498,1.275381,122765
907,498,1.281409,122860
908,498,1.228504,122970
908,499,-0.8853137,123070
909,499,1.303267,123185
909,500,-0.9271293,123245
909,501,-1.001961,123285
910,501,1.270219,123375
911,501,1.300312,123470
911,502,-0.7640896,123550
911,503,-0.8831344,123610
911,504,-0.8259547,123725
911,505,-0.942439,123775
911,506,-0.8479929,123925
912,506,1.278852,124130
912,507,-0.8439068,124205
913,507,1.256036,124330
914,507,1.287689,124440
914,508,-0.9225799,124490
915,508,1.236014,124615
916,508,1.300311,124710
917,508,1.251859,124840
917,509,-0.9028844,124895
918,509,1.233151,124980
918,509,0.05837829,125011
919,509,1.329013,125116
920,509,1.227811,125291
921,509,1.255359,125416
921,510,-0.8633844,125481
921,511,-0.7862912,125601
921,512,-0.9231793,125661
922,512,1.284049,125776
922,513,-0.8870844,125836
923,513,1.245929,125946
923,514,-0.9427114,126001
923,515,-0.9426569,126051
924,515,1.295786,126151
924,516,-0.9028844,126206
925,516,1.303744,126301
926,516,1.227622,126411
926,517,-0.8444515,126496
926,518,-0.8839516,126571
927,518,1.217524,126726
928,518,1.298763,126876
928,519,-0.8661084,126991
929,519,1.271267,127121
930,519,1.270065,127251
931,519,1.322598,127346
931,520,-0.8238844,127421
931,521,-0.8839516,127496
931,522,-0.9028845,127551
931,523,-0.8839516,127626
932,523,1.289227,127761
932,524,-0.8444516,127846
932,525,-0.8663808,127966
933,525,1.283245,128081
933,526,-0.7843844,128166
934,526,1.264894,128261
934,527,-0.8661084,128376
935,527,1.245096,128486
935,528,-0.9629517,128541
936,528,1.231524,128646
937,528,1.293514,128751
938,528,1.330702,128856
939,528,1.310553,129026
939,529,-0.8057688,129136
940,529,1.288649,129271
940,530,-0.9231793,129331
941,530,1.319938,129451
941,531,-0.8642016,129531
942,531,1.294618,129616
942,532,-0.9545069,129666
942,533,-0.846086,129781
942,534,-0.8636568,129851
942,535,-0.8430896,129911
942,536,-0.882862,129966
942,537,-0.9623523,130011
943,537,1.289742,130116
944,537,1.280915,130231
944,538,-0.9028845,130286
944,539,-0.9378896,130326
945,539,1.300843,130406
946,539,1.251244,130536
946,540,-0.771172,130746
946,541,-0.905118,130846
947,541,1.276318,131001
947,542,-0.7149184,131281
948,542,1.290241,131371
949,542,1.322598,131466
949,543,-0.9629517,131521
949,544,-0.9629517,131576
950,544,1.2874,131656
950,545,-0.9545069,131706
951,545,1.273491,131811
951,546,-0.9028845,131866
951,547,-0.8452687,131966
951,548,-0.9231793,132026
952,548,1.296817,132126
952,549,-0.8063136,132246
953,549,1.250639,132376
953,550,-0.9234517,132441
954,550,1.281729,132636
955,550,1.273196,132721
955,551,-0.938162,132766
956,551,1.266943,132901
957,551,1.261387,132996
957,552,-0.9229068,133051
957,553,-0.9432017,133111
957,554,-0.9056084,133216
957,555,-0.942439,133266
957,556,-0.8847688,133356
958,556,1.248526,133466
959,556,1.267496,133601
960,556,1.263222,133716
960,557,-0.7670861,133851
960,558,-0.8831344,133911
960,559,-0.856574,134001
960,560,-0.9234517,134066
960,561,-0.8839516,134141
961,561,1.231837,134271
962,561,1.301813,134416
963,561,1.252498,134521
963,562,-0.8531688,134621
964,562,1.297522,134706
964,563,-0.8249741,134801
965,563,1.236014,134926
965,564,-0.867062,134986
965,565,-0.9047912,135076
966,565,1.265061,135216
967,565,1.338094,135371
967,566,-0.8441793,135451
967,567,-0.8274257,135591
967,568,-0.9047913,135681
967,569,-0.8644741,135766
967,570,-0.8439068,135841
968,570,1.259134,135961
968,571,-0.9229069,136016
968,572,-0.8663808,136136
969,572,1.232476,136241
970,572,1.21667,136396
970,573,-0.8652912,136496
971,573,1.281678,136611
971,574,-0.826336,136731
971,575,-0.8842241,136811
971,576,-0.9550517,136871
972,576,1.325736,136951
972,577,-0.8444515,137036
973,577,1.286018,137216
973,578,-0.9231793,137276
973,579,-0.9042464,137356
973,580,-0.9505569,137406
974,580,1.302477,137521
975,580,1.227622,137631
976,580,1.256772,137731
976,581,-0.8466309,137856
977,581,1.301431,137951
977,582,-0.834236,138071
977,583,-0.9042464,138151
978,583,1.310429,138386
979,583,1.247644,138496
980,583,1.341745,138611
981,583,1.283269,138756
981,584,-0.9229069,138811
982,584,1.253392,138936
983,584,1.258983,139021
983,585,-0.8834069,139086
984,585,1.308593,139196
985,585,1.290241,139286
985,586,-0.9432017,139346
985,587,-0.8819085,139461
985,588,-0.9031569,139521
986,588,1.284244,139706
986,589,-0.8430896,139766
987,589,1.236975,139886
987,590,-0.8847689,139976
988,590,1.213347,140101
989,590,1.390176,140451
990,590,1.27892,140551
991,590,1.322598,140646
991,591,-0.8436344,140716
992,591,1.288571,140826
993,591,1.225016,140966
994,591,1.300938,141081
994,593,-1.886131,141196
994,594,-0.8839517,141271
995,594,1.214355,141431
996,594,1.250613,141536
997,594,1.267667,141646
998,594,1.294776,141746
998,595,-0.8671981,141881
999,595,1.262747,142026
999,596,-0.8636569,142096
1000,596,1.310201,142266
1001,596,1.207429,142401
1001,598,-1.882862,142456
1001,599,-0.8436344,142526
1002,599,1.302477,142641
1003,599,1.24241,142756
1003,600,-0.9234515,142821
1004,600,1.250613,142926
1004,601,-0.9239965,143001
1005,601,1.265589,143141
1006,601,1.2544,143301
1007,601,1.282553,143396
1007,602,-0.8610688,143496
1008,602,1.266801,143606
1009,602,1.273491,143711
1009,603,-0.8076757,143856
1010,603,1.272521,143961
1011,603,1.234378,144121
1011,604,-0.8534412,144226
1012,604,1.303744,144321
1013,604,1.221611,144436
1013,605,-0.8257912,144546
1014,605,1.24087,144661
1015,605,1.217094,144816
1016,605,1.293436,144941
1016,606,-0.9031568,145001
1017,606,1.241633,145116
1017,607,-0.865836,145226
1018,607,1.250196,145316
1019,607,1.226342,145406
1020,607,1.260267,145501
1021,607,1.291904,145631
1021,608,-0.8260636,145746
1022,608,1.232462,145876
1022,609,-0.8485376,146036
1023,609,1.233369,146161
1023,610,-0.8650188,146256
1024,610,1.289227,146391
1024,611,-0.8834069,146456
1024,612,-0.9429293,146511
1025,612,1.216251,146666
1026,612,1.322598,146761
1027,612,1.268548,146871
1027,613,-0.9039741,146946
1028,613,1.269719,147051
1028,614,-0.9045188,147136
1029,614,1.31905,147221
1029,615,-0.9234517,147286
1030,615,1.27772,147406
1031,615,1.209138,147541
1031,616,-0.824974,147636
1031,617,-0.8633845,147701
1032,617,1.305163,147811
1033,617,1.256036,147936
1033,618,-0.8639292,148011
1033,619,-0.884224,148091
1033,620,-0.8076757,148236
1034,620,1.283722,148331
1035,620,1.283244,148446
1036,620,1.284026,148526
1037,620,1.2544,148686
1037,621,-0.8447239,148776
1038,621,1.231524,148881
1039,621,1.270661,149011
1039,622,-0.8668165,149141
1040,622,1.210568,149246
1041,622,1.261387,149341
1042,622,1.290657,149446
1043,622,1.300311,149541
1043,623,-0.9045189,149626
1044,623,1.316839,149726
1045,623,1.328616,149836
1046,623,1.298455,149956
1046,623,0.04099834,150012
1046,624,-0.8629756,150087
1046,625,-0.8836792,150157
1047,625,1.268057,150292
1047,626,-0.8839517,150367
1048,626,1.307712,150477
1049,626,1.274715,150602
1050,626,1.251859,150732
1051,626,1.232462,150862
1052,626,1.27772,150982
1052,627,-0.8834069,151047
1053,627,1.189116,151182
1053,628,-0.9028844,151237
1053,629,-0.9832464,151297
1054,629,1.311926,151427
1054,630,-0.9229069,151482
1054,631,-0.7665412,151607
1055,631,1.32898,151697
1056,631,1.274715,151822
1056,632,-0.9432017,151882
1056,633,-0.863112,151942
1056,634,-0.9037017,152012
1056,635,-0.8848233,152107
1056,636,-0.7687204,152272
1056,637,-0.944019,152347
1057,637,1.305634,152487
1057,638,-0.9234517,152552
1057,639,-0.8639293,152627
1057,640,-0.8247015,152717
1058,640,1.299916,152837
1058,641,-0.7860188,152952
1059,641,1.246779,153062
1059,642,-0.863112,153122
1059,643,-0.9231793,153182
1060,643,1.272233,153347
1060,644,-0.9037017,153417
1061,644,1.269808,153587
1062,644,1.267258,153767
1062,645,-0.8470666,153902
1062,646,-0.8285152,154062
1062,647,-0.7860188,154177
1062,648,-0.824974,154272
1063,648,1.309255,154512
1063,649,-0.9429293,154567
1063,650,-0.9231793,154627
1063,651,-0.9645861,154712
1064,651,1.255201,154872
1064,652,-0.8666532,154997
1064,653,-0.8463584,155117
1064,654,-0.9239964,155192
1065,654,1.321723,155307
1065,655,-0.9245412,155392
1065,656,-0.8850414,155487
1065,657,-0.8068584,155617
1066,657,1.285083,155757
1066,658,-0.923724,155827
1067,658,1.28808,155962
1068,658,1.268057,156097
1068,659,-0.8252465,156197
1068,660,-0.7865636,156322
1068,661,-0.8628396,156377
1068,662,-0.8266084,156502
1068,663,-0.8460859,156617
1068,664,-0.9034293,156682
1068,665,-0.922471,156732
1068,666,-0.8639292,156807
1068,667,-0.9028844,156862
1068,668,-0.9028844,156917
1068,669,-0.8844964,157002
1069,669,1.245038,157142
1070,669,1.237547,157297
1070,670,-0.963769,157367
1070,671,-0.882862,157422
1070,672,-0.8142136,157542
1070,673,-0.8644741,157627
1070,674,-0.863112,157687
1071,674,1.206239,157867
1072,674,1.308593,157977
1072,675,-0.9229069,158032
1073,675,1.310553,158202
1074,675,1.324289,158387
1074,676,-0.9034293,158452
1074,677,-0.806586,158577
1075,677,1.29509,158792
1075,678,-0.8834068,158857
1075,679,-0.8444516,158942
1076,679,1.299916,159062
1076,680,-0.8257912,159172
1076,681,-0.8257912,159282
1076,682,-0.8844964,159367
1076,683,-0.8448874,159462
1076,684,-0.843362,159527
1076,685,-0.9420031,159567
1077,685,1.311311,159697
1078,685,1.238696,159847
1079,685,1.256652,160057
1079,686,-0.9429293,160112
1079,687,-0.8642016,160192
1079,688,-0.8633844,160257
1080,688,1.250843,160427
1080,689,-0.9057175,160537
1081,689,1.27702,160657
1082,689,1.30925,160792
1083,689,1.376171,160917
1083,690,-0.8842785,161002
1084,690,1.280393,161202
1084,691,-0.9045187,161287
1084,692,-0.8652912,161387
1084,693,-0.8633844,161452
1084,694,-0.9387069,161507
1085,694,1.291591,161612
1085,695,-0.9234516,161677
1085,696,-0.9629517,161732
1085,697,-0.7865636,161857
1086,697,1.282454,161972
1086,698,-0.8041344,162052
1087,698,1.297742,162172
1087,699,-0.8215688,162282
1087,700,-0.885477,162387
1087,701,-0.9829741,162442
1088,701,1.251841,162607
1089,701,1.294737,162732
1089,702,-0.7465189,162857
1090,702,1.296081,162982
1090,703,-0.9234517,163047
1091,703,1.305163,163157
1091,704,-0.8839516,163232
1091,705,-0.8649644,163327
1091,706,-0.9034292,163392
1092,706,1.270635,163497
1092,707,-0.8268808,163627
1092,708,-0.8636568,163697
1093,708,1.264027,163812
1093,709,-0.8082204,163967
1093,710,-0.806586,164092
1094,710,1.305105,164232
1094,711,-0.843362,164297
1094,712,-0.8244292,164382
1095,712,1.318786,164532
1095,713,-0.9231793,164592
1096,713,1.303267,164707
1096,714,-0.7865636,164832
1097,714,1.311927,164962
1097,715,-0.9034293,165027
1097,716,-0.7879256,165177
1097,717,-0.8268808,165307
1097,718,-0.9229068,165362
1098,718,1.237675,165482
1099,718,1.267496,165617
1100,718,1.292543,165722
1101,718,1.249183,165857
1102,718,1.274754,165957
1102,719,-0.8889912,166052
1103,719,1.31303,166217
1104,719,1.285612,166357
1105,719,1.262254,166502
1106,719,1.302477,166617
1106,720,-0.8839516,166692
1106,721,-0.827698,166837
1107,721,1.31068,166942
1107,722,-0.8842241,167022
1108,722,1.319233,167172
1108,723,-0.8266084,167297
1108,724,-0.8674703,167437
1108,725,-0.7862912,167557
1108,726,-0.9245412,167642
1109,726,1.235336,167767
1109,727,-0.8079479,167917
1109,728,-0.8760517,167997
1109,729,-0.8247016,168087
1109,730,-0.8439069,168162
1110,730,1.301431,168257
1111,730,1.231222,168387
1111,731,-0.9042465,168467
1112,731,1.258719,168617
1113,731,1.290683,168747
1114,731,1.263222,168862
1115,731,1.347348,169042
1115,732,-0.8446695,169132
1115,733,-0.9034293,169197
1116,733,1.281678,169312
1116,734,-0.838186,169432
1116,735,-0.903974,169507
1116,736,-0.9825382,169557
1117,736,1.274821,169717
1118,736,1.299179,169837
1119,736,1.241147,170032
1119,737,-0.9037017,170102
1119,738,-0.9051726,170202
1119,739,-0.8656182,170312
1119,740,-0.8847688,170402
1120,740,1.321723,170517
1120,741,-0.9028844,170572
1121,741,1.266126,170712
1121,742,-0.9039741,170787
1121,743,-0.8474479,170927
1122,743,1.311927,171057
1123,743,1.341745,171172
1123,744,-0.8455412,171277
1123,745,-0.9632241,171337
1123,746,-0.873736,171447
1123,747,-0.8441792,171527
1124,747,1.206553,171707
1125,747,1.267855,171882
1125,748,-0.944019,171957
1126,748,1.311927,172087
1127,748,1.281312,172232
1127,749,-0.9031569,172292
1128,749,1.327734,172402
1129,749,1.245567,172542
1130,749,1.29805,172697
1131,749,1.340169,172847
1132,749,1.281678,172962
1133,749,1.254693,173087
1134,749,1.299916,173207
1134,750,-0.9629517,173262
1134,751,-0.8839516,173337
1134,752,-0.8268808,173467
1135,752,1.292543,173572
1135,753,-0.9231793,173632
1136,753,1.262432,173747
1137,753,1.279893,173867
1138,753,1.356884,173967
1138,754,-0.826336,174087
1138,755,-0.8063136,174207
1138,756,-0.8063137,174327
1138,757,-0.8466853,174457
1138,758,-0.8885823,174617
1139,758,1.28514,174727
1139,759,-0.9037017,174797
1140,759,1.300312,174892
1140,759,0.1736095,175013
1141,759,1.499894,175268
1142,759,1.286149,175408
1142,760,-0.7457016,175518
1143,760,1.284562,175658
1143,761,-0.8262815,175778
1144,761,1.31091,175948
1144,762,-0.7668135,176078
1145,762,1.320612,176228
1145,763,-0.8647465,176318
1145,764,-0.8460315,176433
1145,765,-0.7473359,176573
1146,765,1.374827,176698
1146,766,-0.9429293,176753
1146,767,-0.8692412,176853
1146,768,-0.8455957,176963
1147,768,1.36523,177073
1148,768,1.326063,177253
1149,768,1.286018,177433
1150,768,1.328694,177568
1150,769,-0.7865636,177693
1150,770,-0.9829741,177748
1150,771,-0.885477,177853
1150,772,-0.8071307,177988
1150,773,-0.7681755,178143
1150,774,-0.8650188,178238
1150,775,-0.846086,178353
1150,776,-0.9629517,178408
1150,777,-0.747336,178548
1150,778,-0.806586,178673
1150,779,-0.8241568,178753
1150,780,-0.8648553,178848
1150,781,-0.8090376,179018
1150,782,-0.8454323,179123
1150,783,-0.9037017,179193
1150,784,-0.8063136,179313
1150,785,-0.8054965,179418
1150,786,-0.8063136,179538
1150,787,-0.8831344,179598
1150,788,-0.9234517,179663
1151,788,1.374933,179823
1151,789,-0.7665412,179948
1151,790,-0.9231793,180008
1152,790,1.351356,180138
1153,790,1.30407,180278
1154,790,1.35216,180613
1154,791,-0.8447241,180703
1154,792,-0.8854226,180808
1154,793,-0.8042703,180968
1155,793,1.30925,181103
1155,794,-0.7676309,181248
1155,795,-0.7888519,181418
1155,796,-0.7665412,181543
1155,797,-0.7892876,181718
1155,798,-0.785474,181823
1155,799,-0.8847688,181913
1156,799,1.308561,182088
1157,799,1.336804,182243
1158,799,1.268184,182418
1158,800,-0.7855285,182528
1159,800,1.224494,182668
1160,800,1.282277,182813
1160,801,-0.8060412,182928
1161,801,1.319687,183078
1162,801,1.328251,183253
1163,801,1.297184,183408
1163,802,-0.8212963,183513
1164,802,1.250134,183683
1165,802,1.24917,183858
1165,803,-0.7256792,183968
1165,804,-0.886948,184098
1165,805,-0.8864033,184218
1166,805,1.318786,184368
1166,806,-0.7909221,184573
1166,808,-1.923179,184633
1167,808,1.303291,184778
1167,809,-0.7665411,184903
1167,810,-0.7884704,185063
1167,811,-0.7903772,185258
1168,811,1.284562,185398
1168,812,-0.7873808,185538
1168,813,-0.9231792,185598
1169,813,1.35781,185718
1169,814,-0.8285152,185878
1170,814,1.294082,186003
1170,815,-0.924269,186083
1171,815,1.303291,186228
1172,815,1.435757,186703
1173,815,1.28808,186838
1174,815,1.329272,186973
1175,815,1.317636,187128
1175,816,-0.8051695,187228
1175,817,-0.9231793,187288
1175,818,-0.8831344,187348
1176,818,1.352696,187513
1177,818,1.296469,187723
1177,819,-0.7478808,187873
1177,820,-0.8661083,187988
1177,821,-0.8571188,188088
1177,822,-0.882862,188143
1177,823,-0.8266084,188268
1178,823,1.329259,188443
1178,824,-0.826336,188563
1179,824,1.382566,188678
1179,825,-0.8263359,188798
1179,826,-0.7083809,188958
1179,827,-0.9629517,189013
1180,827,1.32096,189128
1180,828,-0.8831344,189188
1180,829,-0.8079481,189338
1180,830,-0.9629517,189393
1180,831,-0.788198,189548
1180,832,-0.864474,189633
1180,833,-0.806586,189758
1180,834,-0.9446727,189848
1181,834,1.256296,190003
1181,835,-0.747336,190143
1182,835,1.306171,190283
1183,835,1.303416,190473
1183,836,-0.8441792,190553
1183,837,-0.9231793,190613
1183,838,-0.843362,190678
1183,839,-0.9019309,190793
1184,839,1.3323,190958
1184,840,-0.8439068,191033
1184,841,-0.8074032,191173
1185,841,1.295655,191333
1185,842,-0.8230672,191393
1185,843,-0.9437464,191463
1185,845,-1.963224,191523
1185,846,-0.9034293,191588
1185,847,-0.8268807,191718
1185,848,-0.8642015,191798
1185,849,-0.8842241,191878
1185,850,-0.8892636,191978
1186,850,1.269192,192153
1187,850,1.282001,192348
1187,851,-0.8663808,192468
1188,851,1.254007,192628
1189,851,1.334097,192788
1189,852,-0.8839517,192863
1190,852,1.30456,193048
1190,853,-0.9028845,193103
1190,854,-0.8474479,193243
1191,854,1.269192,193418
1192,854,1.337087,193538
1192,855,-0.9039741,193613
1192,856,-0.7881981,193768
1193,856,1.359942,194053
1194,856,1.322322,194198
1195,856,1.325657,194338
1196,856,1.333481,194463
1196,857,-0.8765964,194553
1196,858,-0.8267174,194683
1196,859,-0.8015464,194793
1196,860,-0.9432017,194853
1197,860,1.31399,195073
1197,861,-0.873736,195183
1197,862,-0.8271533,195318
1198,862,1.338808,195468
1198,863,-0.882862,195523
1198,864,-0.8839517,195598
1198,865,-0.7714444,195813
1198,866,-0.8847688,195903
1199,866,1.375336,196063
1199,867,-0.9028844,196118
1200,867,1.287519,196253
1201,867,1.317636,196408
1201,868,-0.827698,196553
1201,869,-0.8647465,196643
1201,870,-0.8671981,196778
1201,871,-0.8839517,196853
1201,872,-0.7267689,196983
1201,873,-0.9632241,197043
1202,873,1.304584,197183
1202,874,-0.9229069,197238
1203,874,1.270509,197408
1204,874,1.334888,197568
1204,875,-0.8049517,197663
1205,875,1.253923,197883
1205,876,-0.9039741,197958
1206,876,1.318406,198163
1206,877,-0.823612,198233
1206,878,-0.8633844,198298
1206,879,-0.8266084,198423
1207,879,1.305105,198563
1208,879,1.33449,198723
1208,880,-0.8666532,198848
1208,881,-0.7319443,199073
1208,882,-0.7871085,199208
1209,882,1.25561,199368
1210,882,1.290888,199538
1210,883,-0.7698099,199723
1210,884,-0.9432017,199783
1211,884,1.325185,199893
1212,884,1.306846,200003
1212,884,0.0234276,200014
1212,885,-0.8605241,200089
1212,886,-0.9031568,200149
1212,887,-0.9186845,200204
1212,888,-0.944019,200279
1212,889,-0.8441792,200359
1213,889,1.338301,200654
1214,889,1.348273,200829
1214,890,-0.8441793,200909
1214,891,-0.9034292,200974
1214,892,-0.9432017,201034
1214,893,-0.8864032,201154
1214,894,-0.8071308,201289
1215,894,1.316782,201444
1215,895,-0.7663777,201569
1215,896,-0.9237241,201639
1215,897,-0.8471211,201774
1215,898,-0.8268809,201904
1215,899,-0.7865635,202029
1215,900,-0.7873808,202169
1215,901,-0.9451085,202264
1215,902,-0.8639293,202339
1215,903,-0.8666532,202464
1215,904,-0.7876531,202609
1215,905,-0.9231793,202669
1216,905,1.318165,202874
1217,905,1.320438,203074
1217,906,-0.7876531,203219
1217,907,-0.9832465,203279
1217,908,-0.9434741,203344
1217,909,-0.7708996,203549
1217,910,-0.7284032,203709
1217,911,-0.7662687,203829
1218,911,1.277162,203984
1219,911,1.341526,204179
1219,912,-0.7905136,204304
1219,913,-0.7668135,204434
1219,914,-0.7654516,204539
1219,915,-0.9034293,204604
1220,915,1.281312,204749
1220,916,-0.8466308,204874
1221,916,1.313101,205099
1222,916,1.306982,205279
1222,917,-0.8076756,205424
1222,918,-0.8082203,205579
1222,919,-0.8655092,205684
1223,919,1.258098,205889
1223,920,-0.8063137,206009
1223,921,-0.7865635,206134
1223,922,-0.7659963,206249
1223,923,-0.6726943,206489
1224,923,1.347945,206664
1224,924,-0.9037015,206734
1224,925,-0.826336,206854
1224,926,-0.8650187,206949
1224,927,-0.7873808,207089
1224,928,-0.9234517,207154
1225,928,1.332921,207379
1225,929,-0.9434741,207444
1225,930,-0.8063136,207564
1225,931,-0.786836,207694
1225,932,-0.7703547,207889
1225,933,-0.9034293,207954
1225,934,-0.9231793,208014
1225,935,-0.9629517,208069
1225,936,-0.844724,208159
1225,937,-0.8913069,208224
1225,938,-0.803862,208299
1226,938,1.255262,208514
1226,939,-0.8661084,208629
1226,940,-0.8447241,208719
1227,940,1.276737,208874
1227,941,-0.8636568,208944
1227,942,-0.8831344,209004
1227,943,-0.9047367,209094
1227,944,-0.9077874,209239
1227,945,-0.8682877,209394
1227,946,-0.7733511,209644
1228,946,1.319233,209794
1228,947,-0.8463584,209914
1228,948,-0.8252465,210014
1228,949,-0.9044643,210099
1228,950,-0.8082204,210254
1228,951,-0.8642016,210334
1228,952,-0.7857464,210444
1228,953,-0.8655092,210549
1228,954,-0.7865636,210674
1228,955,-0.7884704,210834
1228,956,-0.7484256,210994
1228,957,-0.9028844,211049
1229,957,1.312031,211279
1230,957,1.354035,211499
1230,958,-0.806586,211624
1230,959,-0.884333,211709
1230,960,-0.9229069,211764
1230,961,-0.8463039,211884
1231,961,1.315269,212044
1231,962,-0.7862912,212164
1231,963,-0.8103995,212359
1231,964,-0.8252464,212459
1231,965,-0.826336,212579
1232,965,1.486054,213429
1232,966,-0.7335788,213684
1232,967,-0.7700824,213874
1233,967,1.279852,214159
1233,968,-0.7860732,214279
1234,968,1.319687,214429
1234,969,-0.9229068,214484
1234,970,-0.8071308,214619
1234,971,-0.8466308,214744
1234,972,-0.7489703,214914
1234,973,-0.9046278,215004
1234,974,-0.8076756,215149
1234,975,-0.7695376,215329
1234,976,-0.806586,215454
1234,977,-0.8666532,215579
1234,978,-0.7700823,215769
1235,978,1.33944,215969
1235,979,-0.8441792,216049
1235,980,-0.8074032,216189
1235,981,-0.78956,216369
1236,981,1.30059,216519
1236,982,-0.9231792,216579
1236,983,-0.8852591,216679
1236,984,-0.7262239,216799
1236,985,-0.863112,216859
1237,985,1.259602,217059
1237,986,-0.7687203,217224
1237,987,-0.8260636,217339
1237,988,-0.8227948,217394
1237,989,-0.7476084,217539
1237,990,-0.7881979,217694
1237,991,-0.9028844,217749
1237,992,-0.8644739,217834
1237,993,-0.7687205,217999
1237,994,-0.882862,218054
1237,995,-0.8271532,218189
1237,996,-0.8074576,218334
1237,997,-0.7898324,218519
1238,997,1.323438,218709
1238,998,-0.8093099,218884
1238,999,-0.8877652,219029
1238,1000,-0.7670861,219164
1238,1001,-0.8087652,219329
1238,1002,-0.823612,219399
1238,1003,-0.9347569,219454
1239,1003,1.302024,219649
1239,1004,-0.7892876,219824
1239,1005,-0.7901047,220014
1240,1005,1.327922,220189
1240,1006,-0.8831344,220249
1240,1007,-0.8257913,220359
1240,1008,-0.9621889,220404
1240,1009,-0.8479929,220554
1241,1009,1.283109,220744
1241,1010,-0.9242688,220824
1242,1010,1.336972,221034
1242,1011,-0.884224,221114
1242,1012,-0.7876532,221259
1242,1013,-0.7662687,221379
1243,1013,1.301962,221654
1243,1014,-0.8268808,221784
1243,1015,-0.707836,221934
1243,1016,-0.7662687,222054
1243,1017,-0.8633844,222119
1243,1018,-0.8244292,222204
1243,1019,-0.8082204,222359
1243,1020,-0.7873808,222499
1243,1021,-0.7864003,222624
1243,1022,-0.8639293,222699
1243,1023,-0.7492428,222874
1243,1024,-0.8633844,222939
1243,1025,-0.8210241,223039
1243,1026,-0.8244292,223124
1243,1027,-0.8971637,223224
1243,1028,-0.7879257,223374
1243,1029,-0.882862,223429
1243,1030,-0.9246502,223519
1243,1031,-0.811489,223734
1243,1032,-0.8642017,223814
1243,1033,-0.768448,223974
1243,1034,-0.748698,224139
1243,1035,-0.9634964,224204
1243,1036,-0.7909219,224409
1244,1036,1.362917,224599
1245,1036,1.359714,224799
1245,1037,-0.8836793,224869
1245,1038,-0.790786,224999
1245,1038,0.0191507,225015
1245,1039,-0.7693197,225175
1245,1040,-0.8644741,225260
1245,1041,-0.8266084,225385
1245,1042,-0.8455413,225490
1245,1043,-0.9029389,225550
1245,1044,-0.8636568,225620
1245,1045,-0.8667896,225675
1245,1046,-0.7679031,225825
1245,1047,-0.9042465,225905
1245,1048,-0.7111048,226115
1245,1049,-0.8466309,226240
1245,1050,-0.9045733,226330
1245,1051,-0.9429293,226385
1246,1051,1.278852,226590
1246,1052,-0.9039741,226665
1247,1052,1.286642,226845
1248,1052,1.314624,227065
1248,1053,-0.788198,227220
1248,1054,-0.8071308,227355
1248,1055,-0.8663809,227475
1248,1056,-0.9632241,227535
1249,1056,1.361402,227680
1249,1057,-0.69081,227885
1249,1058,-0.8642017,227965
1249,1059,-0.8834069,228030
1249,1060,-0.9821023,228070
1249,1061,-0.7476084,228215
1249,1062,-0.7860188,228330
1249,1063,-0.7879256,228480
1249,1064,-0.8260636,228595
1249,1065,-0.7313995,228810
1249,1066,-0.7871084,228945
1249,1067,-0.731127,229155
1249,1068,-0.8285152,229315
1249,1069,-0.8071308,229450
1249,1070,-0.7281308,229605
1249,1071,-0.7695374,229785
1249,1072,-0.7881979,229940
1249,1073,-0.6726944,230180
1249,1074,-0.7722615,230410
1249,1075,-0.7654516,230515
1249,1077,-1.827153,230650
1249,1078,-0.9632241,230710
1249,1079,-0.8106721,230910
1249,1080,-0.7676308,231055
1249,1081,-0.9429293,231110
1249,1082,-0.8642015,231190
1249,1083,-0.7300376,231380
1249,1084,-0.8831345,231440
1249,1085,-0.7892876,231615
1249,1086,-0.80931,231790
1249,1087,-0.9011136,231890
1250,1087,1.361358,232170
1250,1088,-0.7484257,232330
1250,1089,-0.7684479,232490
1250,1090,-0.8090376,232660
1250,1091,-0.8068584,232790
1250,1092,-0.9234516,232855
1250,1093,-0.7484255,233015
1250,1094,-0.8610688,233115
1251,1094,1.353349,233340
1251,1095,-0.7292204,233515
1252,1095,1.27326,233740
1252,1096,-0.8430896,233800
1252,1097,-0.8279704,233950
1252,1098,-0.7865636,234075
1253,1098,1.386783,234325
1253,1099,-0.8834068,234390
1253,1100,-0.8863488,234510
1253,1101,-0.7684481,234670
1253,1102,-0.9242688,234750
1253,1103,-0.6902652,234945
1254,1103,1.29647,235155
1254,1104,-0.9432017,235215
1254,1105,-0.8053329,235320
1254,1106,-0.8463583,235440
1254,1107,-0.9028845,235495
1254,1108,-0.825083,235595
1255,1108,1.340994,235790
1255,1109,-0.8266084,235915
1255,1110,-0.8279703,236065
1255,1111,-0.7478808,236215
1255,1112,-0.767086,236350
1255,1113,-0.8471756,236485
1256,1113,1.342277,236760
1256,1114,-0.9034293,236825
1257,1114,1.3142,237045
1258,1114,1.339709,237195
1258,1115,-0.8106719,237395
1259,1115,1.321504,237590
1259,1116,-0.8271532,237725
1259,1118,-1.730855,237930
1259,1119,-0.768448,238090
1259,1120,-0.8654001,238195
1260,1120,1.289233,238435
1261,1120,1.304909,238695
1261,1121,-0.9048457,238790
1261,1122,-0.8655636,238895
1261,1123,-0.846086,239010
1261,1124,-0.8853137,239110
1261,1125,-0.6875412,239255
1262,1125,1.346709,239435
1262,1126,-0.8271531,239570
1263,1126,1.321504,239765
1263,1127,-0.7470636,239900
1263,1128,-0.7119219,240125
1263,1129,-0.727586,240270
1263,1130,-0.8266084,240395
1263,1131,-0.9432017,240455
1263,1132,-0.8834069,240520
1263,1133,-0.8046792,240610
1263,1134,-0.8469032,240740
1263,1135,-0.9629517,240795
1263,1136,-0.7871084,240930
1263,1137,-0.9042464,241010
1263,1138,-0.9234517,241075
1263,1139,-0.8068583,241205
1264,1139,1.304266,241390
1264,1140,-0.8261726,241510
1264,1141,-0.8063136,241630
1264,1142,-0.8836793,241700
1264,1143,-0.8274257,241840
1264,1144,-0.9247047,241930
1264,1145,-0.9039741,242005
1265,1145,1.315112,242220
1265,1146,-0.8090375,242390
1265,1147,-0.8268808,242520
1265,1148,-0.8458136,242630
1265,1149,-0.8060411,242745
1265,1150,-0.7871084,242880
1266,1150,1.42055,243080
1266,1151,-0.7278584,243230
1266,1152,-0.9629517,243285
1266,1153,-0.9237241,243355
1266,1154,-0.9237241,243425
1266,1155,-0.7873808,243565
1266,1156,-0.7706271,243765
1266,1157,-0.7700823,243955
1266,1158,-0.9231793,244015
1266,1159,-0.823612,244085
1266,1160,-0.885586,244190
1266,1161,-0.7668136,244320
1266,1162,-0.7516943,244540
1266,1163,-0.75006,244730
1266,1164,-0.8076755,244875
1266,1165,-0.8661085,244990
1266,1166,-0.9229069,245045
1266,1167,-0.7689928,245215
1267,1167,1.809084,247005
1267,1168,-0.7286756,247170
1267,1169,-0.8639293,247245
1267,1170,-0.9646951,247335
1267,1171,-0.8268808,247465
1267,1172,-0.8497637,247575
1267,1173,-0.8101273,247765
1267,1174,-0.923724,247835
1267,1175,-0.8087651,248000
1267,1176,-0.8663808,248120
1267,1177,-0.827698,248265
1267,1178,-0.7616376,248450
1267,1179,-0.6142617,248720
1268,1179,1.353349,248945
1268,1180,-0.8068583,249075
1268,1181,-0.9028844,249130
1268,1182,-0.7903771,249325
1269,1182,1.457337,249785
1269,1183,-0.843362,249850
1269,1184,-0.9229069,249905
1269,1185,-0.8836792,249975
