Goals,Deaths,Reward,Step 
0,0,0,0
1,0,1.150566,65
1,1,-1.003281,130
2,1,1.127541,210
3,1,1.155449,275
4,1,1.197476,325
5,1,1.179041,380
6,1,1.095963,480
6,2,-1.003532,550
7,2,1.160652,615
8,2,1.155449,680
8,2,-5.044807E-05,681
9,2,1.120912,761
10,2,1.189531,816
11,2,1.125833,896
12,2,1.166462,956
13,2,1.143525,1026
14,2,1.137059,1101
14,3,-1.004945,1201
15,3,1.152968,1266
16,3,1.158009,1331
17,3,1.166462,1391
18,3,1.075658,1516
19,3,1.147982,1586
20,3,1.179041,1641
21,3,1.205808,1691
21,4,-1.003027,1751
22,4,1.098044,1851
22,5,-1.002775,1906
23,5,1.158009,1971
23,6,-1.002625,2026
24,6,1.230285,2071
25,6,1.090854,2176
25,7,-1.003784,2251
25,8,-1.004895,2351
26,8,1.169385,2411
26,9,-1.002827,2471
27,9,1.160654,2536
28,9,1.230285,2581
29,9,1.147982,2651
30,9,1.147982,2721
31,9,1.230285,2766
32,9,1.141393,2836
33,9,1.230286,2881
34,9,1.24798,2921
35,9,1.137059,2996
36,9,1.193301,3051
37,9,1.189531,3106
38,9,1.113358,3191
39,9,1.175542,3251
40,9,1.182408,3306
41,9,1.283946,3341
42,9,1.189531,3396
43,9,1.105095,3491
44,9,1.175542,3551
45,9,1.052649,3716
46,9,1.18953,3771
47,9,1.155449,3836
48,9,1.185902,3891
49,9,1.25439,3931
50,9,1.158009,3996
51,9,1.193302,4051
52,9,1.166462,4111
53,9,1.197475,4161
53,10,-1.003531,4231
54,10,1.261136,4271
55,10,1.189532,4326
55,11,-1.003027,4386
56,11,1.117662,4471
57,11,1.179042,4526
58,11,1.125833,4606
59,11,1.210241,4656
60,11,1.205809,4706
61,11,1.17241,4766
62,11,1.090855,4871
63,11,1.150566,4936
64,11,1.15801,5001
65,11,1.145721,5071
66,11,1.214866,5121
66,12,-1.003786,5196
67,12,1.275757,5236
68,12,1.143525,5306
69,12,1.24163,5351
70,12,1.152969,5416
71,12,1.235822,5461
72,12,1.131349,5536
73,12,1.147982,5606
74,12,1.080151,5726
74,13,-1.003533,5796
74,14,-1.003028,5856
74,15,-1.004037,5936
75,15,1.08879,6046
75,16,-1.003281,6111
76,16,1.125832,6191
77,16,1.11766,6276
78,16,1.230286,6321
79,16,1.110399,6411
79,17,-1.004793,6506
80,17,1.197475,6556
81,17,1.160653,6621
82,17,1.230286,6666
82,18,-1.003532,6736
83,18,1.061648,6881
84,18,1.201557,6931
84,19,-1.003029,6991
85,19,1.133201,7066
86,19,1.179041,7121
87,19,1.214867,7171
88,19,1.143523,7241
89,19,1.072805,7371
90,19,1.072179,7501
91,19,1.193302,7556
92,19,1.163638,7616
93,19,1.15801,7681
93,20,-1.003281,7746
94,20,1.17241,7806
95,20,1.111735,7896
96,20,1.172409,7956
97,20,1.141394,8026
97,21,-1.003281,8091
98,21,1.205809,8141
99,21,1.201557,8191
100,21,1.139323,8261
101,21,1.169385,8321
102,21,1.14572,8391
103,21,1.061649,8536
104,21,1.201556,8586
105,21,1.201557,8636
106,21,1.13135,8711
107,21,1.25439,8751
108,21,1.037022,8961
109,21,1.163637,9021
110,21,1.225,9066
111,21,1.160654,9131
111,22,-1.002575,9186
112,22,1.201557,9236
112,23,-1.002927,9296
112,24,-1.003028,9356
113,24,1.09274,9461
114,24,1.241629,9506
115,24,1.15801,9571
116,24,1.155448,9636
116,25,-1.006004,9756
116,26,-1.002826,9816
117,26,1.137059,9891
118,26,1.093711,9996
119,26,1.163638,10056
120,26,1.085358,10166
120,27,-1.006057,10286
121,27,1.25439,10326
122,27,1.201556,10376
123,27,1.152969,10441
124,27,1.18953,10496
124,28,-1.00429,10581
125,28,1.185902,10636
126,28,1.185902,10691
127,28,1.1933,10746
128,28,1.275757,10786
129,28,1.037479,10996
129,29,-1.003533,11066
130,29,1.201557,11116
130,30,-1.003279,11181
131,30,1.201557,11231
131,31,-1.003784,11306
132,31,1.201557,11356
133,31,1.268249,11396
134,31,1.063105,11541
135,31,1.189532,11596
135,32,-1.004744,11691
135,33,-1.002573,11746
136,33,1.155448,11811
136,34,-1.00328,11876
137,34,1.038916,12081
138,34,1.210241,12131
139,34,1.133201,12206
140,34,1.147982,12276
140,35,-1.002775,12331
140,36,-1.003533,12401
141,36,1.230285,12446
141,37,-1.003783,12521
141,38,-1.003432,12591
142,38,1.225,12636
142,39,-1.004339,12726
142,40,-1.00217,12771
143,40,1.235822,12816
143,41,-1.003028,12876
144,41,1.076335,13001
145,41,1.074992,13126
146,41,1.160653,13191
147,41,1.057112,13346
148,41,1.179041,13401
149,41,1.21995,13446
149,42,-1.004037,13526
149,43,-1.003028,13586
150,43,1.099121,13686
151,43,1.158008,13751
152,43,1.219949,13796
152,44,-1.004037,13876
152,46,-2.00328,13941
153,46,1.189532,13996
154,46,1.201556,14046
155,46,1.185902,14101
155,47,-1.003534,14171
156,47,1.235823,14216
156,48,-1.002875,14276
157,48,1.063603,14421
158,48,1.175542,14481
158,49,-1.005298,14586
159,49,1.093709,14691
160,49,1.182408,14746
161,49,1.24163,14791
162,49,1.139323,14861
162,50,-1.004037,14941
163,50,1.145721,15011
164,50,1.201555,15061
165,50,1.077978,15181
166,50,1.163638,15241
167,50,1.179042,15296
168,50,1.07566,15421
168,51,-1.003532,15491
168,52,-1.002726,15546
169,52,1.068944,15681
170,52,1.163637,15741
171,52,1.096992,15841
172,52,1.189531,15896
173,52,1.210241,15946
173,53,-1.006307,16071
174,53,1.155448,16136
175,53,1.147982,16206
175,54,-1.003784,16281
176,54,1.160653,16346
177,54,1.193302,16401
178,54,1.169385,16461
179,54,1.070363,16591
180,54,1.24163,16636
181,54,1.060923,16786
181,55,-1.004037,16866
181,56,-1.003532,16936
182,56,1.160653,17001
183,56,1.150566,17066
184,56,1.193302,17121
185,56,1.114757,17206
186,56,1.185902,17261
187,56,1.166462,17321
188,56,1.139324,17391
188,57,-1.007316,17536
189,57,1.13135,17611
190,57,1.205809,17661
191,57,1.241629,17706
192,57,1.182408,17761
192,58,-1.002976,17821
192,59,-1.011857,18056
193,59,1.098046,18156
194,59,1.214867,18206
195,59,1.085358,18316
196,59,1.175543,18376
197,59,1.034561,18596
198,59,1.035194,18816
199,59,1.197476,18866
200,59,1.129548,18941
201,59,1.24163,18986
202,59,1.129548,19061
203,59,1.182408,19116
204,59,1.185902,19171
204,60,-1.00328,19236
205,60,1.185902,19291
205,61,-1.008175,19456
206,61,1.210241,19506
207,61,1.105095,19601
208,61,1.044719,19786
208,62,-1.003786,19861
208,63,-1.003381,19931
209,63,1.169385,19991
210,63,1.15801,20056
211,63,1.15545,20121
212,63,1.172409,20181
212,64,-1.003281,20246
213,64,1.163638,20306
213,65,-1.00429,20391
214,65,1.107817,20481
215,65,1.145721,20551
216,65,1.166462,20611
217,65,1.119167,20696
218,65,1.182408,20751
219,65,1.14572,20821
220,65,1.214867,20871
221,65,1.127541,20951
222,65,1.11766,21036
222,66,-1.004037,21116
223,66,1.150566,21181
223,67,-1.003027,21241
224,67,1.15801,21306
224,68,-1.003785,21381
225,68,1.129547,21456
226,68,1.241629,21501
227,68,1.25439,21541
228,68,1.14572,21611
229,68,1.160654,21676
230,68,1.163638,21736
231,68,1.101588,21831
232,68,1.143525,21901
233,68,1.135104,21976
234,68,1.225,22021
235,68,1.193301,22076
236,68,1.122543,22156
237,68,1.088787,22266
238,68,1.143525,22336
239,68,1.205808,22386
240,68,1.147982,22456
240,70,-2.00328,22521
241,70,1.205809,22571
242,70,1.225,22616
243,70,1.127541,22696
243,71,-1.00429,22781
243,72,-1.00449,22871
243,73,-1.002674,22926
244,73,1.137059,23001
245,73,1.160654,23066
246,73,1.268249,23106
247,73,1.147981,23176
248,73,1.067261,23311
248,74,-1.005602,23426
249,74,1.166462,23486
250,74,1.145721,23556
251,74,1.150566,23621
252,74,1.197474,23671
253,74,1.095962,23771
253,75,-1.002776,23826
253,76,-1.002625,23881
253,77,-1.003784,23956
254,77,1.166462,24016
255,77,1.048641,24191
256,77,1.175542,24251
257,77,1.189531,24306
258,77,1.137059,24381
259,77,1.185902,24436
260,77,1.143526,24506
261,77,1.092741,24611
261,78,-1.004039,24691
262,78,1.179042,24746
262,79,-1.003533,24816
262,79,-0.009637058,25007
262,80,-1.0167,25147
263,80,1.147984,25217
264,80,1.071567,25347
264,81,-1.003783,25422
265,81,1.074339,25547
265,82,-1.004288,25632
266,82,1.090857,25737
266,83,-1.010493,25947
266,84,-1.004036,26027
266,85,-1.004742,26122
267,85,1.098048,26222
267,86,-1.003531,26292
267,87,-1.003027,26352
268,87,1.068947,26487
268,88,-1.009837,26682
269,88,1.098048,26782
269,89,-1.005297,26887
269,90,-1.004792,26982
269,91,-1.003531,27052
270,91,1.063108,27197
270,92,-1.002976,27257
270,93,-1.004288,27342
270,94,-1.003027,27402
271,94,1.042519,27597
271,95,-1.003229,27662
271,96,-1.005549,27772
271,97,-1.0056,27887
271,98,-1.003783,27962
272,98,1.107819,28052
272,99,-1.003279,28117
272,100,-1.004793,28212
273,100,1.035883,28427
273,101,-1.003784,28502
274,101,1.141396,28572
275,101,1.032065,28802
276,101,1.105098,28897
276,102,-1.007113,29042
276,103,-1.007769,29197
277,103,1.073694,29322
277,104,-1.008828,29497
277,105,-1.003531,29567
278,105,1.054821,29727
279,105,1.139326,29797
280,105,1.070365,29927
281,105,1.127543,30007
281,106,-1.003531,30077
281,107,-1.002623,30132
282,107,1.06593,30272
282,108,-1.003531,30342
282,109,-1.004036,30422
282,110,-1.002976,30482
282,111,-1.00681,30617
282,112,-1.002371,30667
282,113,-1.007567,30817
282,114,-1.004036,30897
282,115,-1.003027,30957
282,116,-1.003531,31027
282,117,-1.003784,31102
282,118,-1.007063,31242
282,119,-1.003178,31307
282,120,-1.007063,31447
282,121,-1.002926,31507
282,122,-1.007315,31652
282,123,-1.006054,31772
282,124,-1.007063,31912
282,125,-1.002724,31967
283,125,1.135105,32042
283,126,-1.003279,32107
284,126,1.07798,32227
285,126,1.094955,32327
286,126,1.08536,32437
287,126,1.087043,32547
288,126,1.120964,32627
289,126,1.102734,32722
289,127,-1.006256,32847
289,128,-1.003531,32917
289,129,-1.003229,32982
289,130,-1.002573,33037
289,131,-1.006306,33162
289,132,-1.007567,33312
290,132,1.110402,33402
290,133,-1.005045,33502
291,133,1.099122,33602
291,134,-1.003531,33672
291,135,-1.010594,33882
292,135,1.054428,34042
292,136,-1.010695,34257
293,136,1.076339,34382
293,137,-1.005045,34482
294,137,1.094955,34582
294,138,-1.005045,34682
294,139,-1.003027,34742
295,139,1.098048,34842
295,140,-1.003531,34912
296,140,1.07728,35032
296,141,-1.007567,35182
296,142,-1.003783,35257
296,143,-1.003784,35332
297,143,1.109096,35422
297,145,-2.003279,35487
297,146,-1.00454,35577
297,147,-1.003531,35647
297,148,-1.004389,35737
297,149,-1.003531,35807
298,149,1.133203,35882
298,150,-1.003279,35947
299,150,1.124169,36027
299,151,-1.003531,36097
300,151,1.139326,36167
301,151,1.141396,36237
301,152,-1.002573,36292
301,153,-1.005045,36392
301,154,-1.003279,36457
301,155,-1.006256,36582
301,156,-1.005953,36702
301,157,-1.003279,36767
302,157,1.05754,36922
302,158,-1.00454,37012
302,159,-1.006911,37152
302,160,-1.004288,37237
303,160,1.100471,37332
303,161,-1.003531,37402
304,161,1.109096,37492
304,162,-1.004389,37582
304,163,-1.00681,37717
305,163,1.065401,37857
305,164,-1.005801,37972
305,165,-1.005247,38077
306,165,1.065401,38217
306,166,-1.003027,38277
306,168,-2.002976,38337
306,169,-1.008072,38497
307,169,1.072182,38627
307,170,-1.009686,38822
308,170,1.064366,38962
308,171,-1.005701,39077
308,172,-1.003279,39142
308,173,-1.004036,39222
308,174,-1.003531,39292
308,175,-1.006558,39422
309,175,1.145723,39492
309,176,-1.007063,39632
309,177,-1.003027,39692
310,177,1.043046,39882
311,177,1.07728,40002
312,177,1.116194,40087
312,178,-1.003834,40167
313,178,1.07798,40287
313,179,-1.003531,40357
313,181,-2.002926,40417
314,181,1.111739,40507
314,182,-1.008627,40682
315,182,1.139326,40752
315,184,-2.002926,40812
316,184,1.12955,40887
316,185,-1.002421,40937
316,186,-1.004036,41017
316,187,-1.003279,41082
317,187,1.038439,41287
317,188,-1.003279,41352
318,188,1.099122,41452
319,188,1.069525,41587
319,189,-1.004288,41672
319,190,-1.003279,41737
319,191,-1.004036,41817
320,191,1.08879,41927
321,191,1.107819,42017
322,191,1.106571,42107
322,192,-1.003027,42167
323,192,1.087043,42277
323,193,-1.003279,42342
323,194,-1.003531,42412
324,194,1.043891,42602
324,195,-1.003279,42667
324,196,-1.003128,42732
325,196,1.078692,42852
325,197,-1.002825,42912
326,197,1.073694,43037
326,198,-1.003531,43107
327,198,1.093713,43212
328,198,1.160655,43277
328,199,-1.003531,43347
328,200,-1.003531,43417
328,201,-1.003279,43482
329,201,1.063607,43627
329,202,-1.003531,43697
329,203,-1.003279,43762
329,204,-1.003784,43837
329,205,-1.003531,43907
329,206,-1.00681,44042
329,207,-1.003027,44102
329,208,-1.003531,44172
329,210,-2.006811,44307
330,210,1.07798,44427
331,210,1.124169,44507
331,211,-1.006558,44637
332,211,1.125834,44717
332,212,-1.003784,44792
333,212,1.046475,44972
333,213,-1.003279,45037
333,214,-1.00454,45127
333,215,-1.003279,45192
334,215,1.125834,45272
334,216,-1.00454,45362
335,216,1.122546,45442
336,216,1.145723,45512
336,217,-1.003279,45577
337,217,1.029909,45817
337,218,-1.004036,45897
338,218,1.093713,46002
339,218,1.117663,46087
339,219,-1.003027,46147
339,220,-1.005852,46267
339,221,-1.003531,46337
339,222,-1.009081,46517
340,222,1.110402,46607
340,223,-1.003279,46672
340,224,-1.00898,46852
341,224,1.038439,47057
342,224,1.109096,47147
342,225,-1.005347,47257
342,226,-1.003531,47327
342,227,-1.006155,47452
342,228,-1.003279,47517
343,228,1.099122,47617
344,228,1.111739,47707
345,228,1.105098,47802
345,229,-1.002875,47862
345,230,-1.003784,47937
346,230,1.086194,48047
346,231,-1.019423,48432
346,232,-1.003027,48492
347,232,1.119169,48577
348,232,1.137062,48652
348,233,-1.011099,48872
348,234,-1.003027,48932
349,234,1.08536,49042
350,234,1.035198,49262
350,235,-1.003531,49332
350,236,-1.003784,49407
350,237,-1.00454,49497
351,237,1.113359,49582
351,238,-1.003279,49647
352,238,1.093713,49752
352,239,-1.004036,49832
352,240,-1.003531,49902
352,241,-1.004288,49987
352,241,-0.001059409,50008
352,242,-1.007365,50133
353,242,1.07728,50253
354,242,1.101591,50348
354,243,-1.004742,50443
355,243,1.083484,50558
355,244,-1.003531,50628
356,244,1.05797,50783
357,244,1.0591,50933
357,245,-1.017405,51278
357,246,-1.003531,51348
358,246,1.061651,51493
358,247,-1.003279,51558
358,248,-1.003027,51618
358,249,-1.009081,51798
358,250,-1.00681,51933
358,251,-1.004036,52013
358,252,-1.003027,52073
359,252,1.137062,52148
359,253,-1.003027,52208
360,253,1.035198,52428
360,255,-2.004036,52508
361,255,1.131352,52583
361,256,-1.00454,52673
361,257,-1.003279,52738
361,258,-1.006054,52858
361,259,-1.003279,52923
361,260,-1.003027,52983
362,260,1.075661,53108
363,260,1.106571,53198
363,261,-1.004288,53283
364,261,1.110402,53373
365,261,1.080153,53493
365,262,-1.005045,53593
365,263,-1.010342,53798
366,263,1.052652,53963
366,264,-1.00681,54098
367,264,1.119169,54183
367,265,-1.005095,54288
368,265,1.100471,54383
368,266,-1.009837,54578
368,267,-1.00681,54713
368,268,-1.007063,54853
368,269,-1.004288,54938
368,270,-1.006054,55058
368,271,-1.006205,55183
369,271,1.081155,55298
369,272,-1.003783,55373
369,273,-1.009585,55563
369,274,-1.021188,55983
370,274,1.100471,56078
370,275,-1.004288,56163
371,275,1.084289,56278
372,275,1.096996,56378
372,276,-1.003279,56443
373,276,1.053405,56608
373,277,-1.004036,56688
374,277,1.094955,56788
374,278,-1.003531,56858
374,279,-1.002976,56918
375,279,1.02451,57183
376,279,1.070365,57313
376,280,-1.00222,57358
377,280,1.090857,57463
378,280,1.09179,57568
378,281,-1.007063,57708
379,281,1.133203,57783
379,282,-1.008072,57943
379,283,-1.003531,58013
380,283,1.063607,58158
380,284,-1.00681,58293
380,285,-1.005045,58393
380,286,-1.00681,58528
380,287,-1.003784,58603
381,287,1.065401,58743
381,288,-1.003784,58818
381,289,-1.002976,58878
381,290,-1.003027,58938
382,290,1.09179,59043
382,291,-1.004793,59138
382,292,-1.00681,59273
382,293,-1.003531,59343
383,293,1.155451,59408
383,294,-1.005196,59513
383,295,-1.006306,59638
384,295,1.087043,59748
385,295,1.079416,59868
386,295,1.093713,59973
387,295,1.102734,60068
387,296,-1.004036,60148
387,297,-1.007315,60293
387,298,-1.004692,60388
388,298,1.102734,60483
388,299,-1.007365,60633
388,300,-1.005045,60733
389,300,1.079416,60853
389,301,-1.003279,60918
389,302,-1.00681,61053
389,303,-1.008324,61218
389,304,-1.004288,61303
389,305,-1.006104,61428
389,306,-1.011199,61653
390,306,1.087043,61763
390,307,-1.006306,61888
390,308,-1.003279,61953
390,309,-1.004288,62038
390,310,-1.009837,62233
391,310,1.055623,62393
391,311,-1.00333,62463
391,312,-1.011603,62693
391,313,-1.003279,62758
391,314,-1.004036,62838
391,315,-1.005347,62948
391,317,-2.003279,63013
391,318,-1.01009,63213
392,318,1.137062,63288
393,318,1.087043,63398
393,319,-1.009333,63583
393,320,-1.003279,63648
394,320,1.063108,63793
395,320,1.068377,63928
395,321,-1.005146,64033
395,322,-1.002371,64083
395,323,-1.014125,64363
396,323,1.066467,64503
397,323,1.100471,64598
398,323,1.071567,64728
398,324,-1.003027,64788
399,324,1.03795,64998
400,324,1.133203,65073
400,325,-1.004036,65153
401,325,1.087909,65263
401,326,-1.002724,65318
401,327,-1.003279,65383
401,328,-1.003279,65448
401,329,-1.005549,65558
401,330,-1.003027,65618
401,331,-1.005801,65733
401,332,-1.003783,65808
401,333,-1.003027,65868
402,333,1.05754,66023
403,333,1.100471,66118
404,333,1.064366,66258
404,334,-1.020936,66673
404,335,-1.003531,66743
404,336,-1.007819,66898
404,337,-1.002472,66948
405,337,1.068947,67083
406,337,1.113359,67168
406,338,-1.003784,67243
407,338,0.9992187,67698
407,339,-1.003784,67773
408,339,1.078692,67893
408,340,-1.003027,67953
408,341,-1.005095,68058
409,341,1.095965,68158
410,341,1.047738,68338
410,343,-2.002926,68398
411,343,1.050247,68568
411,344,-1.007063,68708
412,344,1.135105,68783
412,345,-1.003531,68853
413,345,1.116194,68938
413,346,-1.00454,69028
413,347,-1.007063,69168
413,348,-1.005953,69288
413,349,-1.005448,69398
414,349,1.100471,69493
414,350,-1.006407,69623
414,351,-1.003279,69688
415,351,1.11476,69773
415,352,-1.003784,69848
415,353,-1.004036,69928
415,354,-1.003784,70003
415,355,-1.003783,70078
415,356,-1.00565,70193
415,357,-1.004792,70288
415,358,-1.003279,70353
415,359,-1.002674,70408
416,359,1.053405,70573
417,359,1.046785,70753
417,360,-1.007012,70893
418,360,1.16364,70953
419,360,1.048314,71128
419,361,-1.008879,71308
420,361,1.063108,71453
421,361,1.135105,71528
421,362,-1.005549,71638
422,362,1.092742,71743
422,363,-1.008072,71903
423,363,1.031875,72133
424,363,1.094955,72233
424,364,-1.007315,72378
424,365,-1.004288,72463
425,365,1.037025,72673
425,366,-1.008677,72848
425,367,-1.005398,72958
425,368,-1.021945,73393
425,369,-1.003279,73458
425,370,-1.004439,73548
425,371,-1.002774,73603
426,371,1.067264,73738
426,372,-1.009837,73933
426,373,-1.003783,74008
427,373,1.083484,74123
428,373,1.098048,74223
428,374,-1.006911,74363
428,375,-1.00903,74543
429,375,1.073694,74668
430,375,1.094955,74768
430,376,-1.003784,74843
431,376,1.090857,74948
431,377,-1.002976,75008
431,377,-5.044807E-05,75009
432,377,1.057065,75164
432,378,-1.005347,75274
432,379,-1.003279,75339
432,380,-1.003027,75399
433,380,1.072182,75529
433,381,-1.008324,75694
433,382,-1.007063,75834
433,383,-1.007315,75979
433,384,-1.003027,76039
433,385,-1.009837,76234
434,385,1.05522,76394
434,386,-1.004792,76489
434,387,-1.006558,76619
434,388,-1.003027,76679
434,389,-1.004792,76774
435,389,1.047738,76954
435,390,-1.003784,77029
436,390,1.078692,77149
436,391,-1.009484,77339
436,392,-1.007819,77494
436,393,-1.004793,77589
436,394,-1.003128,77654
436,395,-1.005247,77759
436,397,-2.003784,77834
436,398,-1.003784,77909
436,399,-1.002472,77959
436,400,-1.018414,78324
437,400,1.078692,78444
437,401,-1.003531,78514
438,401,1.070961,78644
438,402,-1.003531,78714
438,403,-1.003784,78789
438,404,-1.003531,78859
438,405,-1.007618,79014
438,406,-1.005701,79129
439,406,1.099122,79229
440,406,1.074995,79354
441,406,1.064366,79494
442,406,1.092742,79599
442,407,-1.008324,79764
442,408,-1.003531,79834
442,409,-1.003531,79904
443,409,1.025946,80164
443,410,-1.003784,80239
443,411,-1.003027,80299
443,412,-1.004036,80379
443,413,-1.003531,80449
443,414,-1.013369,80714
444,414,1.090857,80819
445,414,1.119169,80904
445,415,-1.003582,80979
445,416,-1.003784,81054
445,417,-1.00681,81189
445,418,-1.003784,81264
446,418,1.08536,81374
446,419,-1.007567,81524
446,420,-1.003027,81584
447,420,1.028624,81829
447,421,-1.003531,81899
447,422,-1.010039,82099
448,422,0.9794098,82794
449,422,1.096996,82894
449,423,-1.012864,83149
450,423,1.049311,83324
451,423,1.141396,83394
452,423,1.137062,83469
453,423,1.057116,83624
453,425,-2.013874,83899
453,426,-1.006911,84039
453,427,-1.003531,84109
453,428,-1.009837,84304
453,429,-1.007567,84454
454,429,1.084289,84569
454,430,-1.029765,85159
455,430,1.034984,85379
455,431,-1.004036,85459
456,431,1.040162,85659
456,432,-1.003027,85719
456,433,-1.031026,86334
456,434,-1.014378,86619
456,435,-1.004288,86704
456,436,-1.008828,86879
456,437,-1.004036,86959
456,438,-1.004792,87054
457,438,1.155451,87119
458,438,1.105098,87214
459,438,1.037715,87424
460,438,1.0591,87574
460,439,-1.008072,87734
460,440,-1.013924,88014
460,441,-1.007819,88169
461,441,1.087043,88279
461,442,-1.007567,88429
461,443,-1.004288,88514
461,444,-1.003279,88579
462,444,1.081155,88694
462,445,-1.003531,88764
462,446,-1.004036,88844
462,447,-1.015387,89149
463,447,1.06593,89289
463,449,-2.002926,89349
463,450,-1.002573,89404
464,450,1.068377,89539
465,450,1.055623,89699
465,451,-1.005398,89809
465,452,-1.009989,90009
465,453,-1.035819,90719
465,454,-1.003027,90779
465,455,-1.002472,90829
465,456,-1.003784,90904
465,457,-1.003531,90974
465,458,-1.008223,91139
466,458,1.072182,91269
466,459,-1.011099,91489
467,459,1.11476,91574
467,459,-0.4255864,100010
467,460,-1.417389,100165
468,460,1.115606,100260
468,461,-0.9953015,100405
468,462,-0.9952701,100470
468,463,-0.9930158,100530
469,463,1.070047,100690
469,464,-0.9987355,100785
469,465,-0.9922747,100870
469,466,-1.001025,100930
469,467,-0.9960269,101010
469,468,-1.002049,101130
469,470,-1.993716,101190
469,471,-0.9962792,101275
469,472,-0.9955225,101345
469,473,-0.9948667,101405
469,474,-0.9920224,101485
469,475,-0.9905403,101615
469,476,-0.9974204,101805
470,476,1.098207,101915
470,477,-0.9990225,101975
470,478,-0.9984642,102145
470,479,-0.9985808,102355
470,480,-1.000315,102520
470,481,-0.9960896,102760
470,482,-0.9955383,102870
470,483,-0.9948319,102970
470,484,-1.001529,103040
470,485,-0.9961657,103095
470,486,-0.9957747,103170
470,487,-1.003279,103235
470,488,-1.000268,103280
471,488,1.088352,103405
471,489,-0.9955225,103475
471,490,-1.003784,103550
471,491,-1.002034,103630
471,492,-0.9945292,103720
471,493,-1.000772,103775
471,494,-0.9977769,103850
471,495,-0.9942926,103975
472,495,1.066995,104150
472,496,-0.9950336,104250
472,497,-0.9973039,104395
472,497,-0.4967407,114400
473,497,1.047896,114615
474,497,1.061115,114795
474,498,-0.9927948,114930
474,499,-0.9973385,115040
474,500,-0.9957209,115235
474,502,-2.000974,115295
475,502,1.087008,115420
476,502,1.066442,115580
476,503,-1.002065,115740
476,504,-1.001999,115860
476,504,-0.4456417,125011
476,505,-1.450199,125141
476,506,-0.9967994,125276
476,507,-0.9975246,125346
476,508,-0.996027,125426
476,509,-0.9970673,125606
476,510,-0.9985494,125736
476,511,-1.00454,125826
476,512,-0.9980292,125906
476,513,-0.9950494,126046
476,514,-0.9970517,126186
476,515,-1.001545,126296
476,516,-1.004587,126506
476,517,-1.003912,126786
476,517,-0.4967407,136791
476,518,-0.9972726,136856
476,519,-0.9997791,136931
476,520,-0.9935203,137001
476,521,-0.9930157,137061
476,522,-0.9971873,137166
476,523,-0.9975404,137276
476,524,-0.9991896,137381
476,525,-1.001529,137451
476,526,-0.9975247,137521
476,527,-1.008907,137896
476,528,-0.9988016,138031
476,529,-0.9955225,138101
476,530,-1.001756,138241
476,531,-0.9972725,138306
476,532,-0.9990225,138366
476,533,-1.002065,138526
476,534,-1.000823,138586
476,535,-0.995018,138646
476,537,-1.994917,138706
476,538,-1.000031,138786
476,539,-0.9935203,138856
476,540,-0.9947972,138991
476,541,-1.004146,139351
476,542,-0.9947971,139486
476,543,-1.061625,140906
476,544,-0.9930158,140966
476,545,-1.001277,141031
476,546,-0.9945292,141121
476,547,-1.001277,141186
477,547,1.136562,141266
477,548,-0.9955791,141356
477,549,-1.001277,141421
477,550,-1.001308,141566
477,551,-1.012186,142006
477,552,-0.999527,142076
477,553,-0.9972724,142141
477,554,-1.001576,142331
477,555,-0.9975247,142401
477,556,-0.997036,142501
477,557,-0.995286,142606
477,558,-0.9975246,142676
477,559,-1.003042,142776
477,560,-0.9992244,142841
477,561,-0.9981458,142966
477,562,-0.9990225,143026
477,563,-1.008639,143356
477,564,-0.9947972,143491
477,565,-1.004603,143741
477,566,-0.9977202,143801
477,567,-1.001072,143981
477,568,-0.9937724,144056
477,569,-1.005596,144286
477,570,-1.001292,144391
477,571,-1.001277,144456
477,572,-0.9994766,144526
477,573,-0.9983823,144616
477,574,-0.9988016,144751
477,575,-0.9962792,144836
477,576,-0.9972726,144901
477,577,-0.999527,144971
477,578,-0.997777,145046
477,579,-1.001056,145186
477,580,-1.001529,145256
477,581,-0.9960269,145336
477,582,-1.001324,145521
477,583,-1.004367,145806
477,584,-0.9987859,145901
477,585,-1.00156,146051
477,586,-0.997777,146126
477,587,-0.9923251,146216
477,588,-0.9990226,146276
477,589,-0.9990225,146336
477,590,-0.995018,146396
477,591,-1.036607,147201
478,591,1.089011,147326
478,592,-0.998953,147466
478,593,-1.001277,147531
479,593,1.069553,147686
479,594,-0.9959069,147846
479,595,-0.9939395,147966
479,596,-0.9940247,148046
479,597,-0.999527,148116
479,598,-1.003846,148351
479,599,-0.9994766,148421
479,600,-1.004855,148676
479,601,-1.001781,148751
479,602,-1.002531,149081
480,602,1.092359,149206
481,602,1.068444,149366
481,603,-1.001529,149436
481,604,-0.9955224,149506
481,605,-0.9895157,149576
481,606,-0.9980605,149736
481,607,-1.004102,149861
481,607,0.004796247,150012
481,608,-0.98628,150232
481,609,-0.9992748,150297
481,610,-1.004657,150432
481,611,-1.000551,150562
481,613,-2.000031,150642
481,614,-1.000551,150772
481,614,-0.4927356,160777
481,615,-0.9993374,161002
481,616,-0.9975874,161232
481,617,-0.9935201,161302
481,618,-0.9922746,161387
481,619,-0.9975247,161457
481,620,-0.9997793,161532
481,621,-1.010641,161862
482,621,1.07556,162017
482,622,-0.997824,162212
482,623,-0.9902724,162297
482,624,-1.001844,162532
482,625,-0.9970359,162632
482,626,-1.001308,162777
482,627,-1.002349,163022
482,628,-0.9977927,163137
482,629,-0.9935201,163207
482,630,-0.99749,163317
482,630,-0.4947381,173322
482,631,-0.9932836,173427
482,632,-1.001371,173732
482,633,-1.02278,174382
482,634,-0.9970202,174442
482,635,-0.9982972,174567
482,636,-0.9950651,174747
482,637,-0.9947814,174842
482,638,-0.9973038,174987
482,638,0.0006905899,175013
482,639,-0.9925932,175118
482,640,-1.001529,175188
483,640,1.048107,175428
483,641,-0.9957747,175503
483,642,-0.9935359,175613
483,643,-0.9975247,175683
483,644,-0.9939047,175843
483,645,-0.9935672,176033
483,646,-0.9967837,176128
483,647,-0.9935201,176198
484,647,1.047896,176413
484,648,-0.9967837,176508
484,649,-0.9922904,176633
484,650,-0.9972724,176698
484,651,-0.9883016,176863
484,652,-0.998398,176993
484,653,-1.004556,177123
484,654,-1.003042,177223
484,655,-0.9865202,177313
484,656,-0.9957747,177388
484,657,-0.9973038,177533
484,658,-0.999795,177648
484,659,-0.9998105,177803
484,660,-1.001277,177868
485,660,1.076944,178018
485,661,-0.9957747,178093
485,662,-0.9957903,178208
485,663,-0.9910449,178348
485,663,-0.4907331,188353
485,664,-0.9980291,188433
485,665,-0.9963105,188598
485,666,-1.004319,188763
485,667,-0.9932837,188868
485,668,-1.001781,188943
485,668,-0.4887305,198948
485,669,-0.9877657,199023
485,670,-0.998297,199148
485,671,-0.9927791,199243
485,672,-0.9900202,199323
485,673,-0.9887905,199458
485,674,-0.9900202,199538
485,675,-0.9949328,199638
485,676,-1.002081,199838
485,677,-1.001056,199978
485,677,0.006192832,200014
485,678,-0.9893297,200084
485,679,-0.9925269,200174
485,680,-0.9972726,200239
485,681,-0.9997791,200314
485,682,-0.9952703,200379
485,683,-1.006306,200504
485,684,-1.002554,200634
485,685,-0.9945953,200769
485,686,-0.9979945,200889
485,687,-1.001277,200954
485,688,-0.9980605,201114
485,689,-0.997824,201309
485,690,-0.9970202,201369
485,691,-0.9983128,201534
485,692,-0.9955382,201644
485,693,-0.9952703,201709
485,694,-0.9915179,201779
485,695,-1.0008,202034
485,696,-0.9887904,202169
485,697,-0.9975247,202239
485,698,-1.002065,202399
485,699,-1.003563,202549
485,700,-0.9955224,202619
485,701,-0.9970202,202679
485,702,-0.9977769,202754
485,703,-0.9955225,202824
485,704,-1.001879,203024
485,705,-0.9932836,203129
485,706,-0.9928453,203269
485,707,-0.9977769,203344
485,708,-1.00506,203484
485,709,-0.9935673,203674
485,710,-0.9867881,203809
485,711,-1.007331,203994
485,712,-1.001781,204069
485,713,-1.002317,204234
485,714,-1.001529,204304
485,715,-0.9972882,204409
485,716,-0.9975246,204479
485,717,-0.9932679,204544
485,718,-0.9880649,204744
485,719,-1.010925,205159
485,719,-0.4947381,215164
485,720,-0.9998106,215319
485,721,-1.000132,215404
485,722,-1.001277,215469
485,723,-1.000501,215599
485,724,-0.9970707,215664
485,725,-1.001024,215724
485,726,-0.9932836,215829
485,727,-0.9980293,215909
485,728,-0.9993374,216134
485,729,-0.9920539,216294
485,730,-1.002034,216374
485,731,-0.9957747,216449
485,732,-0.9955381,216559
485,733,-1.000652,216694
485,734,-0.9925706,217024
485,735,-0.994277,217109
485,736,-1.010152,217469
485,737,-1.001226,217534
485,738,-0.9912813,217639
485,739,-0.9955539,217789
485,740,-0.9972725,217854
485,741,-0.9930158,217914
485,742,-1.001343,218024
485,743,-0.9969351,218124
485,744,-0.9985337,218214
485,745,-0.9912658,218279
485,746,-0.989027,218379
485,747,-1.002317,218544
485,748,-1.001472,218599
485,749,-1.001277,218664
485,750,-0.9962792,218749
485,751,-0.9845493,218919
485,752,-1.004304,219044
485,753,-0.9998105,219199
485,754,-1.000072,219259
485,755,-1.001056,219399
485,756,-0.9910448,219539
485,757,-0.9917701,219614
485,758,-0.9992747,219679
485,760,-2.001781,219754
485,761,-1.006652,220124
485,761,-0.2287057,225015
485,762,-1.230265,225165
485,763,-1.002286,225250
485,764,-0.9907926,225385
485,764,-0.4887305,235390
485,766,-1.999527,235460
485,767,-0.9987859,235555
485,768,-0.992527,235645
485,769,-0.9962949,235770
485,770,-1.000955,235910
485,771,-0.9983632,236080
485,772,-0.9975247,236150
485,773,-0.9952703,236215
485,774,-0.9972882,236320
485,775,-1.001529,236390
485,776,-1.002251,236515
485,777,-0.9940404,236635
485,778,-0.991786,236750
485,779,-0.9981614,236915
485,780,-0.9958062,237070
485,781,-0.9912658,237135
485,782,-0.9949172,237195
485,783,-0.9995427,237305
485,784,-0.9997948,237420
485,785,-1.000331,237625
485,786,-0.9984642,237795
485,787,-1.009632,238105
485,788,-0.9957714,238300
485,789,-0.9925582,238470
485,790,-0.9998801,238550
485,791,-1.002065,238710
485,792,-0.9972882,238815
485,793,-0.9907926,238950
485,794,-1.002916,239365
485,795,-0.9975908,239480
485,796,-0.9920382,239600
485,797,-0.9971212,239665
485,798,-0.9937724,239740
485,799,-0.995018,239800
485,801,-1.995841,239920
485,802,-0.9978397,240155
485,803,-0.9990381,240255
485,804,-1.000047,240375
485,805,-0.9975248,240445
485,806,-0.9972221,240510
485,807,-0.9962948,240635
485,808,-0.9948823,240735
485,809,-0.9960427,240855
485,810,-0.9963261,241060
485,811,-1.000031,241140
485,812,-0.9922748,241225
485,813,-1.000536,241315
485,814,-0.9953017,241460
485,815,-1.006221,241625
485,816,-0.9937725,241700
485,817,-0.9930157,241760
485,818,-0.9973038,241905
485,819,-0.9976413,242020
485,821,-1.999527,242090
485,822,-1.000419,242140
485,823,-1.002034,242220
485,824,-1.002011,242500
485,825,-1.008573,242790
485,826,-1.001781,242865
485,827,-1.000031,242945
485,828,-0.9895158,243015
485,829,-1.000598,243265
485,830,-0.9918172,243460
485,831,-0.9940248,243540
485,832,-0.999527,243610
485,833,-1.001475,243800
485,834,-0.9938385,243920
485,835,-1.001292,244025
485,836,-0.9910292,244125
485,837,-0.9917702,244200
485,838,-0.9965315,244290
485,839,-0.9952702,244355
485,840,-1.001025,244415
485,841,-1.000571,244470
485,842,-0.9972881,244575
485,843,-0.9993061,244720
485,844,-0.9995427,244830
485,845,-0.9952702,244895
485,846,-1.003178,244960
485,847,-0.9957746,245035
485,848,-1.001277,245100
485,849,-0.9980293,245180
485,850,-0.9962948,245305
485,851,-1.002033,245385
485,852,-0.9967836,245480
485,853,-0.9982972,245605
485,854,-0.9940247,245685
485,855,-1.002503,245815
485,856,-0.9920381,245935
485,857,-0.9992366,246160
485,858,-1.00104,246260
485,859,-0.9988363,246360
485,860,-0.9922905,246485
485,861,-0.9957904,246600
485,862,-0.9887747,246695
485,863,-0.9945291,246785
485,864,-0.9952703,246850
485,865,-0.9976413,246965
485,866,-1.002364,247250
485,867,-0.9970707,247315
485,868,-0.9958373,247550
485,869,-0.9950841,247655
485,870,-0.9940562,247815
485,871,-0.9950336,247915
485,872,-0.9945292,248005
485,873,-0.9992747,248070
485,874,-1.004036,248150
485,875,-0.9975246,248220
485,876,-0.9997793,248295
485,877,-0.9905246,248385
485,878,-0.9980291,248465
485,879,-0.9925584,248635
485,880,-0.9985493,248765
485,881,-1.002286,248850
485,883,-2.003532,248920
485,884,-1.002853,249175
485,885,-0.9993756,249245
486,885,1.05701,249500
486,886,-0.9862837,249625
