Goals,Deaths,Reward,Step 
0,0,0,0
1,0,1.268061,40
2,0,1.230054,85
2,1,-1.003299,145
3,1,1.210012,195
3,2,-1.002739,245
4,2,1.15029,310
5,2,1.107426,400
6,2,1.082185,515
7,2,1.172147,575
8,2,1.125467,655
8,2,-5.448073E-05,656
9,2,1.141029,726
10,2,1.18566,781
11,2,1.138998,851
11,3,-1.002732,901
12,3,1.210019,951
13,3,1.197246,1001
13,4,-1.003836,1071
14,4,1.235621,1116
15,4,1.152679,1181
16,4,1.150275,1246
16,5,-1.002724,1296
17,5,1.210019,1346
18,5,1.101177,1441
19,5,1.163383,1501
20,5,1.17528,1561
21,5,1.058919,1711
22,5,1.254216,1751
22,6,-1.003836,1821
23,6,1.069803,1951
24,6,1.115829,2036
25,6,1.082185,2151
26,6,1.068936,2286
26,7,-1.00656,2406
27,7,1.197246,2456
28,7,1.182174,2511
29,7,1.169115,2571
29,8,-1.002739,2621
30,8,1.178799,2676
30,9,-1.004668,2761
30,10,-1.002732,2811
30,11,-1.004933,2901
30,12,-1.003564,2966
30,13,-1.003284,3026
31,13,1.163368,3086
32,13,1.11729,3171
32,14,-1.002747,3221
32,15,-1.003564,3286
32,16,-1.006575,3406
33,16,1.125467,3486
34,16,1.082975,3601
34,17,-1.003026,3656
35,17,1.122179,3736
35,18,-1.00712,3866
36,18,1.205579,3916
37,18,1.260949,3956
38,18,1.078186,4076
38,19,-1.002194,4116
38,20,-1.002739,4166
39,20,1.1662,4226
39,21,-1.005765,4331
40,21,1.118796,4416
41,21,1.172155,4476
42,21,1.152686,4541
43,21,1.106178,4631
44,21,1.368698,4661
45,21,1.205564,4711
46,21,1.20132,4761
47,21,1.157712,4826
48,21,1.193059,4881
49,21,1.132878,4956
50,21,1.163368,5016
50,22,-1.003851,5086
51,22,1.166193,5146
52,22,1.155159,5211
52,23,-1.001914,5246
53,23,1.224799,5291
54,23,1.182166,5346
54,24,-1.003019,5401
55,24,1.210012,5451
56,24,1.118796,5536
57,24,1.134773,5611
58,24,1.076758,5731
59,24,1.178792,5786
60,24,1.032517,6011
61,24,1.147679,6081
62,24,1.090403,6186
62,25,-1.003829,6256
63,25,1.182151,6311
64,25,1.201328,6361
65,25,1.067234,6496
66,25,1.18566,6551
67,25,1.160378,6616
68,25,1.152679,6681
68,26,-1.002459,6726
69,26,1.214637,6776
69,27,-1.002732,6826
70,27,1.163383,6886
70,28,-1.005206,6981
71,28,1.152671,7046
71,29,-1.003549,7111
71,30,-1.00765,7251
72,30,1.111338,7341
73,30,1.157727,7406
74,30,1.205564,7456
74,31,-1.004403,7536
75,31,1.094514,7636
75,32,-1.003284,7696
75,33,-1.004374,7776
75,34,-1.004101,7851
76,34,1.152664,7916
77,34,1.247798,7956
78,34,1.089473,8061
79,34,1.205572,8111
80,34,1.084879,8221
80,35,-1.002459,8266
81,35,1.163368,8326
82,35,1.219741,8371
83,35,1.160371,8436
84,35,1.247798,8476
84,36,-1.005736,8581
85,36,1.115821,8666
86,36,1.210012,8716
87,36,1.254208,8756
88,36,1.089488,8861
89,36,1.157727,8926
89,37,-1.003564,8991
90,37,1.150275,9056
91,37,1.118796,9141
91,38,-1.003549,9206
92,38,1.0531,9371
93,38,1.214638,9421
94,38,1.07316,9546
95,38,1.219748,9591
96,38,1.122201,9671
97,38,1.114387,9756
98,38,1.120604,9836
99,38,1.084886,9946
100,38,1.100057,10041
101,38,1.083795,10156
101,39,-1.002747,10206
102,39,1.247798,10246
103,39,1.166208,10306
104,39,1.131027,10381
105,39,1.118781,10466
106,39,1.114394,10551
107,39,1.331669,10581
108,39,1.160363,10646
108,40,-1.001922,10681
108,41,-1.003034,10736
108,42,-1.001922,10771
109,42,1.115813,10856
109,43,-1.003579,10921
109,44,-1.002194,10961
110,44,1.182159,11016
110,45,-1.003564,11081
111,45,1.205572,11131
112,45,1.219748,11176
112,46,-1.003549,11241
112,47,-1.003276,11301
113,47,1.230076,11346
114,47,1.189281,11401
115,47,1.292181,11436
116,47,1.224806,11481
117,47,1.123794,11561
118,47,1.355479,11591
119,47,1.084901,11701
119,48,-1.004116,11776
120,48,1.182174,11831
121,48,1.100042,11926
122,48,1.076758,12046
123,48,1.076766,12166
123,49,-1.003564,12231
124,49,1.283777,12266
124,50,-1.002754,12316
125,50,1.197246,12366
126,50,1.150282,12431
127,50,1.205579,12481
128,50,1.125489,12561
129,50,1.169115,12621
130,50,1.178799,12676
131,50,1.166193,12736
132,50,1.210019,12786
132,51,-1.004108,12861
133,51,1.046037,13041
133,52,-1.003004,13096
134,52,1.087427,13206
135,52,1.166185,13266
135,53,-1.003821,13336
136,53,1.114387,13421
137,53,1.17214,13481
137,54,-1.002452,13526
137,55,-1.004918,13616
137,56,-1.003844,13686
138,56,1.046007,13866
139,56,1.157712,13931
140,56,1.178807,13986
141,56,1.260956,14026
142,56,1.160371,14091
143,56,1.205579,14141
144,56,1.155151,14206
144,57,-1.002732,14256
145,57,1.175272,14316
145,58,-1.005463,14416
146,58,1.205564,14466
146,59,-1.003564,14531
147,59,1.114387,14616
148,59,1.111338,14706
149,59,1.110009,14796
149,60,-1.002467,14841
150,60,1.247791,14881
151,60,1.182151,14936
151,61,-1.007945,15081
152,61,1.078895,15201
152,62,-1.004373,15281
153,62,1.163383,15341
153,63,-1.002467,15386
154,63,1.155166,15451
155,63,1.072238,15581
155,64,-1.004366,15661
156,64,1.247783,15701
157,64,1.086577,15811
157,65,-1.004668,15896
157,66,-1.003269,15956
158,66,1.110002,16046
158,67,-1.007937,16191
158,68,-1.00709,16321
159,68,1.075789,16446
160,68,1.102329,16541
161,68,1.141091,16611
162,68,1.157712,16676
162,69,-1.003829,16746
163,69,1.053085,16911
164,69,1.355479,16941
164,70,-1.006303,17056
164,71,-1.003011,17111
164,72,-1.002474,17156
165,72,1.134758,17231
166,72,1.084879,17341
167,72,1.230084,17386
168,72,1.061522,17531
169,72,1.101155,17626
170,72,1.101177,17721
170,73,-1.002724,17771
170,74,-1.002467,17816
170,75,-1.002452,17861
170,76,-1.002747,17911
171,76,1.143223,17981
172,76,1.224791,18026
173,76,1.1662,18086
174,76,1.141084,18156
175,76,1.219741,18201
175,77,-1.004109,18276
176,77,1.254194,18316
177,77,1.157719,18381
177,78,-1.002194,18421
177,79,-1.003851,18491
178,79,1.301093,18526
178,80,-1.011191,18731
179,80,1.178792,18786
179,81,-1.006553,18906
179,82,-1.003019,18961
180,82,1.102314,19056
181,82,1.193044,19111
182,82,1.169123,19171
183,82,1.102306,19266
184,82,1.136729,19341
185,82,1.182159,19396
186,82,1.097615,19496
187,82,1.152679,19561
188,82,1.268068,19601
189,82,1.053746,19761
190,82,1.178799,19816
191,82,1.160371,19881
192,82,1.214652,19931
192,83,-1.003564,19996
193,83,1.074446,20121
194,83,1.224799,20166
195,83,1.224791,20211
196,83,1.21463,20261
196,84,-1.002489,20306
197,84,1.301101,20341
197,85,-1.00656,20461
198,85,1.283777,20496
199,85,1.139028,20566
200,85,1.260949,20606
201,85,1.082185,20721
201,86,-1.002194,20761
202,86,1.210019,20811
203,86,1.268061,20851
204,86,1.157712,20916
204,87,-1.004918,21006
205,87,1.210012,21056
206,87,1.275568,21096
207,87,1.0822,21211
208,87,1.08654,21321
208,88,-1.001634,21351
209,88,1.160371,21416
210,88,1.111338,21506
211,88,1.072245,21636
211,89,-1.003829,21706
212,89,1.247783,21746
213,89,1.166185,21806
214,89,1.182151,21861
215,89,1.160378,21926
215,90,-1.003004,21981
216,90,1.084879,22091
216,91,-1.003556,22156
217,91,1.093252,22261
217,92,-1.006553,22381
217,93,-1.006288,22496
218,93,1.15029,22561
219,93,1.260956,22601
220,93,1.172125,22661
221,93,1.058897,22811
222,93,1.109994,22901
222,94,-1.003299,22961
222,95,-1.004653,23046
223,95,1.143215,23116
224,95,1.131012,23191
225,95,1.086577,23301
226,95,1.166208,23361
227,95,1.117283,23446
228,95,1.139013,23516
229,95,1.106163,23606
230,95,1.152686,23671
231,95,1.163368,23731
231,96,-1.004131,23806
232,96,1.103482,23901
233,96,1.178799,23956
233,97,-1.003276,24016
233,98,-1.001634,24046
234,98,1.268061,24086
235,98,1.125482,24166
235,99,-1.002754,24216
236,99,1.123809,24296
237,99,1.320644,24331
237,100,-1.004101,24406
238,100,1.081401,24521
239,100,1.084886,24631
240,100,1.201335,24681
240,101,-1.004941,24771
240,102,-1.004101,24846
241,102,1.067242,24981
241,102,-0.001425522,25007
242,102,1.089008,25112
242,103,-1.006538,25232
243,103,1.084916,25342
244,103,1.059855,25492
244,104,-1.002452,25537
244,105,-1.005448,25637
245,105,1.100088,25732
246,105,1.10352,25827
247,105,1.087465,25937
247,106,-1.003814,26007
248,106,1.129247,26082
248,107,-1.004631,26167
248,108,-1.001907,26202
248,109,-1.00572,26307
248,110,-1.003541,26372
248,111,-1.002452,26417
249,111,1.178822,26472
250,111,1.038092,26677
251,111,1.072283,26807
252,111,1.063022,26952
252,112,-1.002996,27007
252,113,-1.005176,27102
253,113,1.076796,27222
253,114,-1.003269,27282
254,114,1.074491,27407
255,114,1.04146,27602
256,114,1.114417,27687
256,115,-1.004903,27777
256,116,-1.002724,27827
256,117,-1.002724,27877
257,117,1.077496,27997
258,117,1.055386,28157
259,117,1.095562,28257
260,117,1.169145,28317
260,118,-1.006265,28432
260,119,-1.002996,28487
260,120,-1.008989,28652
260,121,-1.004631,28737
260,122,-1.002996,28792
261,122,1.160393,28857
261,123,-1.004358,28937
261,124,-1.007355,29072
261,125,-1.004631,29157
261,126,-1.002996,29212
261,127,-1.003269,29272
261,128,-1.003541,29337
262,128,1.072283,29467
262,129,-1.002452,29512
262,130,-1.002996,29567
262,131,-1.002724,29617
263,131,1.106208,29707
264,131,1.104715,29802
264,132,-1.007627,29942
265,132,1.050979,30112
266,132,1.090433,30217
267,132,1.073835,30342
267,133,-1.005448,30442
268,133,1.083825,30557
268,134,-1.003814,30627
268,135,-1.004631,30712
269,135,1.073835,30837
269,136,-1.002724,30887
269,137,-1.002179,30927
270,137,1.056491,31082
270,138,-1.005448,31182
270,139,-1.007082,31312
271,139,1.089518,31417
271,140,-1.003541,31482
271,141,-1.003541,31547
271,142,-1.003541,31612
271,143,-1.001907,31647
272,143,1.114417,31732
272,144,-1.005448,31832
272,145,-1.00572,31937
272,146,-1.006538,32057
272,147,-1.004086,32132
273,147,1.027636,32377
273,148,-1.007627,32517
273,149,-1.003269,32577
273,150,-1.009262,32747
273,151,-1.007627,32887
273,152,-1.009262,33057
273,153,-1.002452,33102
273,154,-1.007627,33242
273,155,-1.0079,33387
273,156,-1.005993,33497
273,157,-1.006265,33612
274,157,1.071658,33742
274,158,-1.003541,33807
274,159,-1.002724,33857
274,160,-1.004631,33942
274,161,-1.002724,33992
275,161,1.110039,34082
275,162,-1.005993,34192
275,163,-1.002452,34237
275,164,-1.00572,34342
276,164,1.065365,34482
277,164,1.056072,34637
278,164,1.106208,34727
279,164,1.093289,34832
280,164,1.129247,34907
280,165,-1.003814,34977
281,165,1.080691,35092
281,166,-1.001907,35127
282,166,1.065902,35267
283,166,1.066719,35402
283,167,-1.005448,35502
283,168,-1.003269,35562
283,169,-1.004903,35652
284,169,1.078208,35772
285,169,1.120641,35852
286,169,1.122224,35932
287,169,1.059855,36082
287,170,-1.004631,36167
288,170,1.123847,36247
289,170,1.077496,36367
290,170,1.034097,36587
290,171,-1.002996,36642
291,171,1.114417,36727
291,172,-1.004086,36802
292,172,1.127221,36882
292,173,-1.008989,37047
293,173,1.047937,37222
293,174,-1.004631,37307
294,174,1.150305,37372
294,175,-1.003814,37442
294,176,-1.002452,37487
295,176,1.071043,37617
295,177,-1.002452,37662
295,178,-1.004358,37742
295,179,-1.005448,37842
296,179,1.058942,37992
296,180,-1.010896,38192
296,181,-1.006265,38307
296,182,-1.003814,38377
296,183,-1.006538,38497
297,183,1.053123,38662
297,184,-1.002996,38717
297,185,-1.00572,38822
297,186,-1.002452,38867
297,187,-1.007082,38997
298,187,1.063022,39142
299,187,1.089518,39247
300,187,1.069841,39377
300,188,-1.005448,39477
301,188,1.057781,39632
302,188,1.101207,39727
302,189,-1.003269,39787
303,189,1.039609,39987
304,189,1.026702,40237
305,189,1.04119,40432
305,190,-1.005448,40532
305,191,-1.005993,40642
306,191,1.074491,40767
306,192,-1.005993,40877
306,193,-1.006538,40997
307,193,1.094552,41097
307,194,-1.002452,41142
308,194,1.102351,41237
308,195,-1.00681,41362
308,196,-1.002996,41417
308,197,-1.0079,41562
308,198,-1.005176,41657
308,199,-1.004631,41742
308,200,-1.00572,41847
309,200,1.10352,41942
310,200,1.048605,42117
310,201,-1.003541,42182
311,201,1.120641,42262
311,202,-1.005993,42372
311,203,-1.001907,42407
311,204,-1.00572,42512
312,204,1.087465,42622
313,204,1.073835,42747
314,204,1.06203,42892
314,205,-1.006538,43012
314,206,-1.003541,43077
315,206,1.080691,43192
315,207,-1.005176,43287
315,208,-1.005176,43382
315,209,-1.004631,43467
315,210,-1.003269,43527
315,211,-1.00572,43632
315,212,-1.007082,43762
316,212,1.068981,43897
316,213,-1.001907,43932
317,213,1.050619,44102
318,213,1.115851,44187
319,213,1.04517,44372
319,214,-1.003541,44437
320,214,1.068403,44572
320,215,-1.003814,44642
320,216,-1.005176,44737
320,217,-1.004086,44812
320,218,-1.005448,44912
320,219,-1.005176,45007
321,219,1.028591,45247
322,219,1.102351,45342
322,220,-1.002179,45382
322,221,-1.005448,45482
323,221,1.129247,45557
323,222,-1.0079,45702
323,223,-1.007082,45832
324,223,1.079669,45952
324,224,-1.007627,46092
325,224,1.11732,46177
325,225,-1.006265,46292
325,226,-1.005448,46392
325,227,-1.005448,46492
326,227,1.120641,46572
327,227,1.111376,46662
327,228,-1.004358,46742
328,228,1.131049,46817
328,229,-1.004903,46907
328,230,-1.004358,46987
328,231,-1.005993,47097
328,232,-1.004086,47172
329,232,1.057345,47327
330,232,1.102351,47422
331,232,1.143245,47492
331,233,-1.004631,47577
332,233,1.096593,47677
332,234,-1.00572,47782
332,235,-1.002996,47837
333,235,1.131049,47912
333,236,-1.003541,47977
333,237,-1.004358,48057
334,237,1.097645,48157
335,237,1.101207,48252
336,237,1.01335,48577
336,238,-1.003541,48642
336,239,-1.006538,48762
336,240,-1.002452,48807
336,241,-1.004631,48892
336,242,-1.002724,48942
336,243,-1.009807,49122
336,244,-1.005176,49217
337,244,1.035457,49432
337,245,-1.003541,49497
337,246,-1.002996,49552
337,247,-1.002996,49607
337,248,-1.003269,49667
338,248,1.077496,49787
338,249,-1.003541,49852
338,249,-0.008498976,50008
338,250,-1.012313,50078
339,250,1.075157,50203
339,251,-1.003814,50273
339,252,-1.003269,50333
339,253,-1.004903,50423
340,253,1.10352,50518
341,253,1.057345,50673
342,253,1.031717,50903
343,253,1.089518,51008
343,254,-1.004631,51093
344,254,1.071658,51223
345,254,1.114417,51308
346,254,1.1329,51383
347,254,1.071043,51513
347,255,-1.011986,51733
347,256,-1.00572,51838
347,257,-1.002724,51888
347,258,-1.003541,51953
347,259,-1.005448,52053
347,260,-1.003269,52113
348,260,1.071043,52243
348,261,-1.008445,52398
348,262,-1.003269,52458
348,263,-1.003814,52528
349,263,1.073835,52653
349,264,-1.006538,52773
349,265,-1.002996,52828
349,266,-1.003269,52888
350,266,1.100088,52983
351,266,1.088347,53093
352,266,1.113016,53178
353,266,1.113016,53263
353,267,-1.001907,53298
353,268,-1.003269,53358
354,268,1.048269,53533
355,268,1.104715,53628
355,269,-1.001907,53663
355,270,-1.001907,53698
355,271,-1.006265,53813
356,271,1.091367,53918
356,272,-1.002996,53973
357,272,1.054574,54133
358,272,1.114417,54218
358,273,-1.002452,54263
359,273,1.075157,54388
359,274,-1.002452,54433
360,274,1.110039,54523
360,275,-1.008172,54673
361,275,1.062523,54818
362,275,1.067833,54953
362,276,-1.002724,55003
363,276,1.096593,55103
363,277,-1.003269,55163
364,277,1.11732,55248
365,277,1.189311,55303
365,278,-1.002996,55358
365,279,-1.005993,55468
366,279,1.084916,55578
366,280,-1.00572,55683
366,281,-1.002996,55738
367,281,1.11732,55823
367,282,-1.005448,55923
367,283,-1.006265,56038
368,283,1.141114,56108
368,284,-1.005448,56208
368,285,-1.002179,56248
368,286,-1.003814,56318
368,287,-1.006265,56433
368,288,-1.005448,56533
369,288,1.067833,56668
370,288,1.110039,56758
371,288,1.096593,56858
372,288,1.125512,56938
373,288,1.134803,57013
374,288,1.108733,57103
375,288,1.068403,57238
376,288,1.067833,57373
376,289,-1.002996,57428
376,290,-1.004903,57518
377,290,1.071658,57648
377,291,-1.004086,57723
378,291,1.08223,57838
378,292,-1.005176,57933
379,292,1.075835,58058
379,293,-1.004631,58143
379,294,-1.005448,58243
379,295,-1.002996,58298
380,295,1.118826,58383
381,295,1.063801,58523
381,296,-1.00572,58628
382,296,1.068403,58763
383,296,1.127221,58843
383,297,-1.004358,58923
383,298,-1.003814,58993
384,298,1.100088,59088
385,298,1.072283,59218
385,299,-1.00572,59323
386,299,1.061066,59468
387,299,1.120641,59548
387,300,-1.004086,59623
388,300,1.098719,59723
389,300,1.114417,59808
389,301,-1.004631,59893
389,302,-1.0079,60038
389,303,-1.003814,60108
390,303,1.136759,60183
391,303,1.118826,60268
392,303,1.076796,60388
393,303,1.097645,60488
394,303,1.093289,60593
394,304,-1.004086,60668
394,305,-1.004086,60743
394,306,-1.002724,60793
395,306,1.075835,60918
396,306,1.122224,60998
397,306,1.076796,61118
397,307,-1.002452,61163
398,307,1.10352,61258
399,307,1.091367,61363
400,307,1.092319,61468
400,308,-1.002452,61513
400,309,-1.001907,61548
401,309,1.118826,61633
402,309,1.106208,61723
402,310,-1.003269,61783
402,311,-1.003814,61853
403,311,1.077496,61973
404,311,1.091367,62078
405,311,1.125512,62158
406,311,1.067833,62293
406,312,-1.004358,62373
407,312,1.096593,62473
408,312,1.096593,62573
409,312,1.04517,62758
410,312,1.102351,62853
410,313,-1.00572,62958
411,313,1.150305,63023
412,313,1.095562,63123
412,314,-1.002996,63178
412,315,-1.004086,63253
413,315,1.065365,63393
414,315,1.110039,63483
415,315,1.04119,63678
415,316,-1.004086,63753
416,316,1.04517,63938
416,317,-1.007355,64073
416,318,-1.008445,64228
417,318,1.062523,64373
418,318,1.095562,64473
418,319,-1.003814,64543
419,319,1.095562,64643
420,319,1.122224,64723
420,320,-1.003814,64793
420,321,-1.002996,64848
420,322,-1.004631,64933
421,322,1.114417,65018
422,322,1.098719,65118
423,322,1.040658,65313
424,322,1.064837,65453
424,323,-1.00572,65558
425,323,1.11732,65643
425,324,-1.003814,65713
426,324,1.07319,65838
427,324,1.102351,65933
427,325,-1.003269,65993
428,325,1.129247,66068
428,326,-1.002996,66123
429,326,1.090433,66228
430,326,1.110039,66318
430,327,-1.003541,66383
430,328,-1.002724,66433
430,329,-1.006538,66553
430,330,-1.002724,66603
430,331,-1.002996,66658
431,331,1.090433,66763
432,331,1.123847,66843
433,331,1.14544,66913
433,332,-1.00681,67038
434,332,1.068403,67173
435,332,1.087465,67283
436,332,1.08223,67398
437,332,1.143245,67468
438,332,1.069841,67598
439,332,1.123847,67678
440,332,1.134803,67753
440,333,-1.004358,67833
441,333,1.062523,67978
442,333,1.092319,68083
443,333,1.081454,68198
444,333,1.050262,68368
445,333,1.0866,68478
445,334,-1.004631,68563
446,334,1.08575,68673
446,335,-1.002996,68728
447,335,1.127221,68808
448,335,1.08223,68923
449,335,1.107456,69013
450,335,1.073835,69138
450,336,-1.003541,69203
450,337,-1.002452,69248
450,338,-1.004358,69328
450,339,-1.003541,69393
451,339,1.095562,69493
451,340,-1.003814,69563
451,341,-1.004631,69648
451,342,-1.003814,69718
451,343,-1.003814,69788
452,343,1.123847,69868
452,344,-1.002724,69918
452,345,-1.001907,69953
453,345,1.114417,70038
454,345,1.107456,70128
455,345,1.097645,70228
456,345,1.182189,70283
456,346,-1.003269,70343
456,347,-1.002724,70393
456,348,-1.004358,70473
456,349,-1.0079,70618
456,350,-1.003814,70688
456,351,-1.004631,70773
457,351,1.098719,70873
458,351,1.059395,71023
458,352,-1.004086,71098
459,352,1.087465,71208
460,352,1.113016,71293
461,352,1.066719,71428
462,352,1.141114,71498
462,353,-1.004358,71578
462,354,-1.003269,71638
463,354,1.104715,71733
463,355,-1.010079,71918
463,356,-1.003269,71978
463,357,-1.003814,72048
463,358,-1.002996,72103
464,358,1.107456,72193
465,358,1.108733,72283
465,359,-1.003541,72348
465,360,-1.00681,72473
466,360,1.111376,72563
466,361,-1.00681,72688
466,362,-1.002996,72743
467,362,1.061545,72888
468,362,1.089518,72993
469,362,1.152709,73058
470,362,1.139044,73128
470,363,-1.003269,73188
470,364,-1.006265,73303
470,365,-1.00572,73408
471,365,1.090433,73513
472,365,1.160393,73578
473,365,1.141114,73648
473,366,-1.002179,73688
474,366,1.100088,73783
475,366,1.129247,73858
476,366,1.080691,73973
476,367,-1.003541,74038
476,368,-1.005176,74133
476,369,-1.004358,74213
477,369,1.076796,74333
477,370,-1.003269,74393
477,371,-1.004086,74468
477,372,-1.006265,74583
477,373,-1.003541,74648
478,373,1.075835,74773
479,373,1.14544,74843
480,373,1.051617,75008
480,373,-5.448073E-05,75009
481,373,1.115797,75094
482,373,1.084916,75204
483,373,1.081454,75319
483,374,-1.002996,75374
484,374,1.051617,75539
485,374,1.065365,75679
486,374,1.10352,75774
487,374,1.122224,75854
487,375,-1.004086,75929
488,375,1.107456,76019
489,375,1.122224,76099
490,375,1.0866,76209
490,376,-1.003269,76269
491,376,1.054977,76429
492,376,1.089518,76534
493,376,1.023441,76799
494,376,1.078932,76919
495,376,1.074491,77044
495,377,-1.002996,77099
496,377,1.0866,77209
496,378,-1.003814,77279
497,378,1.071043,77409
498,378,1.076796,77529
498,379,-1.008989,77694
499,379,1.143245,77764
499,380,-1.005993,77874
499,381,-1.003269,77934
500,381,1.094552,78034
501,381,1.150305,78099
502,381,1.114417,78184
502,382,-1.005176,78279
503,382,1.118826,78364
504,382,1.096593,78464
505,382,1.106208,78554
506,382,1.125512,78634
506,383,-1.004631,78719
506,384,-1.00572,78824
506,385,-1.002724,78874
507,385,1.069841,79004
508,385,1.118826,79089
508,386,-1.002996,79144
509,386,1.059855,79294
510,386,1.068403,79429
510,387,-1.003541,79494
510,388,-1.005176,79589
511,388,1.107456,79679
511,389,-1.003814,79749
511,390,-1.005176,79844
512,390,1.094552,79944
513,390,1.150305,80009
514,390,1.0866,80119
515,390,1.07319,80244
515,391,-1.003269,80304
516,391,1.10352,80399
516,392,-1.003269,80459
516,393,-1.004086,80534
516,394,-1.003269,80594
517,394,1.074491,80719
518,394,1.093289,80824
519,394,1.078932,80944
520,394,1.092319,81049
521,394,1.055386,81209
522,394,1.110039,81299
523,394,1.100088,81394
523,395,-1.002996,81449
524,395,1.139044,81519
524,396,-1.003541,81584
524,397,-1.007082,81714
525,397,1.131049,81789
526,397,1.058495,81939
526,398,-1.003541,82004
526,399,-1.00681,82129
526,400,-1.00572,82234
526,401,-1.004358,82314
527,401,1.1329,82389
527,402,-1.004631,82474
527,403,-1.003269,82534
528,403,1.059395,82684
529,403,1.053783,82844
530,403,1.129247,82919
531,403,1.11732,83004
531,404,-1.007355,83139
532,404,1.11732,83224
532,405,-1.003269,83284
532,406,-1.003269,83344
533,406,1.073835,83469
533,407,-1.004903,83559
533,408,-1.005176,83654
533,409,-1.00572,83759
534,409,1.074491,83884
535,409,1.08302,83999
536,409,1.076796,84119
537,409,1.069841,84249
538,409,1.107456,84339
539,409,1.088347,84449
540,409,1.068981,84584
541,409,1.061545,84729
542,409,1.068981,84864
543,409,1.104715,84959
543,410,-1.003269,85019
544,410,1.141114,85089
544,411,-1.003814,85159
544,412,-1.004358,85239
544,413,-1.003814,85309
545,413,1.141114,85379
545,414,-1.004086,85454
545,415,-1.005448,85554
545,416,-1.003269,85614
546,416,1.110039,85704
546,417,-1.003269,85764
546,418,-1.003269,85824
546,419,-1.003269,85884
546,420,-1.003541,85949
547,420,1.0866,86059
547,421,-1.003541,86124
548,421,1.081454,86239
548,422,-1.002996,86294
549,422,1.0866,86404
550,422,1.1329,86479
550,423,-1.004086,86554
551,423,1.147702,86624
551,424,-1.003269,86684
551,425,-1.00572,86789
551,426,-1.004903,86879
551,427,-1.010079,87064
552,427,1.125512,87144
552,428,-1.006265,87259
553,428,1.093289,87364
554,428,1.087465,87474
555,428,1.058942,87624
556,428,1.066719,87759
557,428,1.025478,88014
557,429,-1.003814,88084
557,430,-1.004358,88164
558,430,1.178822,88219
559,430,1.0866,88329
559,431,-1.005448,88429
559,432,-1.004086,88504
560,432,1.155189,88569
561,432,1.127221,88649
562,432,1.043412,88839
562,433,-1.005993,88949
562,434,-1.003814,89019
562,435,-1.006265,89134
562,436,-1.002996,89189
562,437,-1.002996,89244
563,437,1.048605,89419
564,437,1.075835,89544
564,438,-1.005176,89639
565,438,1.056915,89794
565,439,-1.003269,89854
565,440,-1.002452,89899
566,440,1.087465,90009
567,440,1.056915,90164
568,440,1.077496,90284
569,440,1.115851,90369
570,440,1.090433,90474
571,440,1.113016,90559
571,441,-1.003269,90619
572,441,1.095562,90719
572,442,-1.002452,90764
573,442,1.097645,90864
574,442,1.078208,90984
575,442,1.123847,91064
576,442,1.076796,91184
577,442,1.093289,91289
577,443,-1.004631,91374
578,443,1.152709,91439
579,443,1.093289,91544
580,443,1.101207,91639
581,443,1.061066,91784
582,443,1.090433,91889
583,443,1.147702,91959
584,443,1.073835,92084
584,444,-1.003541,92149
585,444,1.129247,92224
586,444,1.129247,92299
587,444,1.123847,92379
588,444,1.087465,92489
589,444,1.108733,92579
589,445,-1.004903,92669
589,446,-1.003541,92734
589,447,-1.002179,92774
590,447,1.127221,92854
591,447,1.127221,92934
592,447,1.089518,93039
592,448,-1.002452,93084
592,449,-1.002724,93134
593,449,1.069841,93264
594,449,1.08223,93379
595,449,1.095562,93479
596,449,1.078932,93599
597,449,1.123847,93679
598,449,1.072283,93809
598,450,-1.005448,93909
598,451,-1.001907,93944
599,451,1.131049,94019
600,451,1.134803,94094
600,452,-1.003814,94164
601,452,1.070437,94294
601,453,-1.003269,94354
602,453,1.098719,94454
603,453,1.147702,94524
603,454,-1.004086,94599
604,454,1.096593,94699
604,455,-1.002452,94744
604,456,-1.003541,94809
604,457,-1.003269,94869
605,457,1.081454,94984
606,457,1.065902,95124
606,458,-1.004631,95209
607,458,1.057345,95364
608,458,1.0866,95474
608,459,-1.002996,95529
609,459,1.143245,95599
609,460,-1.003541,95664
610,460,1.113016,95749
611,460,1.078208,95869
612,460,1.075157,95994
613,460,1.084916,96104
614,460,1.090433,96209
614,461,-1.002452,96254
615,461,1.102351,96349
615,462,-1.004358,96429
616,462,1.07319,96554
616,463,-1.00572,96659
617,463,1.100088,96754
618,463,1.120641,96834
619,463,1.143245,96904
620,463,1.097645,97004
621,463,1.08575,97114
621,464,-1.002996,97169
621,465,-1.004086,97244
622,465,1.10352,97339
622,466,-1.002452,97384
623,466,1.058942,97534
624,466,1.147702,97604
624,467,-1.003269,97664
624,468,-1.002996,97719
625,468,1.102351,97814
626,468,1.08302,97929
626,469,-1.003814,97999
626,470,-1.003541,98064
627,470,1.087465,98174
628,470,1.102351,98269
629,470,1.118826,98354
630,470,1.057345,98509
631,470,1.110039,98599
631,471,-1.002724,98649
631,472,-1.005993,98759
632,472,1.088347,98869
633,472,1.111376,98959
633,473,-1.007355,99094
633,474,-1.001907,99129
633,475,-1.002724,99179
634,475,1.150305,99244
635,475,1.044566,99429
635,476,-1.004086,99504
636,476,1.089518,99609
637,476,1.166223,99669
637,477,-1.007355,99804
637,478,-1.004086,99879
638,478,1.118826,99964
638,478,-0.002506113,100010
638,479,-0.9070249,100095
639,479,1.246365,100185
640,479,1.260267,100280
641,479,1.265118,100390
642,479,1.217653,100510
642,480,-0.926993,100640
642,481,-0.9234517,100705
643,481,1.317544,100790
643,482,-0.8877652,100935
644,482,1.236014,101060
644,483,-0.9448361,101150
645,483,1.197502,101305
646,483,1.289742,101410
647,483,1.215991,101535
648,483,1.199552,101685
649,483,1.180456,101835
650,483,1.235719,101935
651,483,1.231837,102065
652,483,1.230616,102195
653,483,1.203959,102310
653,484,-0.8853137,102410
653,485,-0.9261758,102525
653,486,-0.9451085,102620
654,486,1.253392,102745
654,487,-0.9239964,102820
654,488,-0.8663808,102940
654,489,-0.8490825,103110
655,489,1.249697,103215
656,489,1.235336,103340
656,490,-0.9039741,103415
656,491,-0.9245412,103500
656,492,-0.9248137,103590
656,493,-0.9239965,103665
657,493,1.316075,103750
658,493,1.311251,103825
659,493,1.226575,104005
659,494,-0.8899445,104190
660,494,1.209138,104325
660,495,-0.961862,104360
661,495,1.165001,104545
662,495,1.228139,104720
663,495,1.221611,104835
664,495,1.220848,104950
665,495,1.215314,105075
665,496,-0.9237241,105145
666,496,1.211199,105275
666,497,-0.8842241,105355
666,498,-0.88831,105510
667,498,1.241633,105625
668,498,1.195414,105840
668,499,-0.865836,105950
668,500,-0.9626793,106000
669,500,1.264894,106095
669,501,-0.9037017,106165
669,502,-0.9231792,106225
670,502,1.281409,106320
670,503,-0.8452688,106420
670,504,-0.9234517,106485
670,505,-0.9629517,106540
671,505,1.198652,106690
671,506,-1.001907,106725
671,507,-0.9031569,106785
671,508,-0.8831344,106845
672,508,1.192143,107010
672,509,-0.9245412,107095
673,509,1.223202,107240
673,510,-0.8674706,107380
673,511,-0.9632241,107440
674,511,1.264026,107555
674,512,-0.922362,107600
675,512,1.241267,107745
675,513,-0.8669257,107875
675,514,-0.9429293,107930
675,515,-0.885586,108035
676,515,1.261656,108150
676,516,-0.9245412,108235
676,517,-0.9034292,108300
677,517,1.268057,108435
677,518,-0.9459258,108545
678,518,1.200304,108745
678,519,-0.9031568,108805
678,520,-0.9429293,108860
679,520,1.247644,108970
680,520,1.26253,109065
680,521,-0.885586,109170
681,521,1.206734,109280
681,522,-0.9050637,109375
681,523,-0.9634964,109440
682,523,1.279188,109590
682,524,-0.9432017,109650
683,524,1.23151,109740
684,524,1.347926,109810
685,524,1.190571,109940
685,525,-0.8639292,110015
685,526,-0.8238844,110090
685,527,-0.9031569,110150
686,527,1.23675,110250
687,527,1.231524,110355
688,527,1.193324,110480
688,528,-0.9039739,110555
688,529,-0.8888548,110720
689,529,1.323766,110815
690,529,1.24241,110930
690,530,-0.9248137,111020
691,530,1.213962,111180
691,531,-0.8035896,111250
692,531,1.204154,111435
692,532,-0.8682877,111590
693,532,1.297869,111690
694,532,1.2775,111775
695,532,1.244004,111890
696,532,1.256036,112015
696,533,-0.8639292,112090
696,534,-0.9028845,112145
697,534,1.266387,112235
697,535,-0.8247016,112325
697,536,-0.8861308,112440
698,536,1.260267,112535
699,536,1.273414,112660
699,537,-0.9220896,112700
700,537,1.296817,112800
701,537,1.344093,112880
702,537,1.288571,112990
703,537,1.302426,113070
703,538,-0.9226345,113120
703,539,-0.8639292,113195
704,539,1.23675,113295
705,539,1.256772,113395
706,539,1.234014,113520
706,540,-0.8839517,113595
707,540,1.217653,113715
708,540,1.265952,113825
708,541,-0.9434741,113890
708,542,-0.8842241,113970
709,542,1.212918,114135
710,542,1.28514,114245
711,542,1.284916,114340
712,542,1.235336,114465
712,543,-0.9248136,114555
712,544,-0.9624069,114600
713,544,1.280289,114695
714,544,1.238961,114780
714,545,-0.884224,114860
715,545,1.235719,114960
716,545,1.274754,115060
716,546,-0.9237241,115130
717,546,1.253469,115235
717,547,-0.846086,115350
717,548,-0.8441793,115430
718,548,1.270635,115535
719,548,1.265118,115645
719,549,-0.9231793,115705
720,549,1.222486,115800
721,549,1.220848,115915
721,550,-0.942112,115955
721,551,-0.9020672,115995
722,551,1.263222,116110
723,551,1.284916,116205
723,552,-0.8471756,116340
723,553,-0.8441792,116420
723,554,-0.9031568,116480
723,555,-0.9634965,116545
723,556,-0.8430896,116605
724,556,1.289742,116710
725,556,1.233446,116815
726,556,1.264894,116910
726,557,-0.8666532,117035
726,558,-0.8260636,117150
726,559,-0.9234517,117215
726,560,-0.8474481,117355
727,560,1.261387,117450
728,560,1.271555,117540
729,560,1.199067,117660
730,560,1.261656,117775
731,560,1.290657,117880
731,561,-0.9843361,117960
732,561,1.268912,118050
732,562,-0.8271533,118185
733,562,1.202187,118330
734,562,1.304938,118425
735,562,1.253173,118510
736,562,1.304071,118625
736,563,-0.8633844,118690
736,564,-0.9821569,118730
736,565,-0.9229069,118785
737,565,1.266943,118920
738,565,1.287658,119010
738,566,-0.8663809,119130
739,566,1.260079,119280
739,567,-0.9242689,119360
739,568,-0.905336,119460
740,568,1.218365,119580
740,569,-0.8636568,119650
741,569,1.284562,119790
742,569,1.225073,119900
743,569,1.257698,120020
744,569,1.237675,120140
744,570,-0.9050637,120235
745,570,1.262381,120315
746,570,1.255741,120415
747,570,1.276059,120540
748,570,1.215991,120665
749,570,1.251533,120755
750,570,1.23467,120880
751,570,1.260893,120995
752,570,1.263699,121090
753,570,1.241268,121235
753,571,-0.9434741,121300
754,571,1.20856,121435
755,571,1.288079,121570
756,571,1.248526,121680
757,571,1.226757,121790
758,571,1.239849,121910
758,572,-0.844724,122000
759,572,1.34247,122080
759,573,-0.9031568,122140
759,574,-0.9042464,122220
760,574,1.237675,122340
761,574,1.238387,122460
761,575,-0.8844965,122545
762,575,1.247613,122635
762,576,-0.8864033,122755
763,576,1.228504,122865
764,576,1.257824,122965
765,576,1.244517,123105
765,577,-0.9231791,123165
765,578,-0.8836792,123235
765,579,-0.8652911,123335
766,579,1.285083,123475
767,579,1.302575,123570
768,579,1.260893,123685
769,579,1.252498,123790
769,580,-0.8636568,123860
770,580,1.261387,123955
771,580,1.186037,124095
771,581,-0.9226345,124145
771,582,-0.9434741,124210
772,582,1.241364,124305
772,583,-0.8244293,124390
773,583,1.191792,124520
773,584,-0.9629517,124575
773,585,-0.8647464,124665
773,586,-0.8866756,124790
773,587,-0.8449965,124885
773,588,-0.8663808,125005
773,588,-0.0003268844,125011
774,588,1.295726,125096
775,588,1.233369,125221
776,588,1.250639,125351
777,588,1.211199,125481
777,589,-0.9061533,125596
777,590,-0.9047913,125686
777,591,-0.9629517,125741
777,592,-0.8460861,125856
778,592,1.27892,125956
778,593,-0.8452688,126056
779,593,1.265118,126166
780,593,1.269719,126271
780,594,-0.8844964,126356
780,595,-0.8068584,126486
781,595,1.258898,126586
782,595,1.313536,126691
783,595,1.223177,126806
783,596,-0.9624069,126851
783,597,-0.8428172,126906
784,597,1.250613,127011
785,597,1.292543,127116
785,598,-0.8872205,127251
786,598,1.249697,127356
787,598,1.278432,127476
787,599,-0.8834068,127541
788,599,1.264026,127656
789,599,1.296053,127741
789,600,-0.9229068,127796
789,601,-0.8850412,127891
789,602,-0.8847689,127981
790,602,1.252498,128086
791,602,1.345758,128166
792,602,1.255741,128266
793,602,1.267667,128376
794,602,1.255741,128476
795,602,1.208116,128651
796,602,1.320866,128731
796,603,-0.9632241,128791
797,603,1.221342,128886
797,604,-0.8836793,128956
797,605,-0.8831344,129016
798,605,1.215991,129141
799,605,1.2432,129256
800,605,1.297869,129356
801,605,1.2432,129471
802,605,1.205885,129581
803,605,1.288935,129671
803,606,-0.8041344,129751
804,606,1.365006,129846
805,606,1.291228,129921
805,607,-0.8471756,130056
805,608,-0.9632241,130116
805,609,-0.8839517,130191
805,610,-0.9037017,130261
806,610,1.274754,130361
807,610,1.238876,130461
808,610,1.139485,130611
809,610,1.323766,130706
810,610,1.22916,130841
811,610,1.285691,130921
812,610,1.327703,131011
812,611,-0.9245414,131096
813,611,1.200012,131246
813,612,-0.9231792,131306
813,613,-0.8831344,131366
814,613,1.231524,131471
815,613,1.296053,131556
815,614,-0.8642016,131636
815,615,-0.9231792,131696
815,616,-0.9045188,131781
816,616,1.253392,131906
817,616,1.275764,132006
817,617,-0.9058809,132116
818,617,1.276794,132216
819,617,1.192143,132381
819,618,-0.9050636,132476
819,619,-0.8866756,132601
819,620,-0.9432017,132661
819,621,-0.8661084,132776
820,621,1.1812,132921
820,622,-0.8444515,133006
820,623,-0.8666532,133131
820,624,-0.9042464,133211
821,624,1.242358,133291
822,624,1.315808,133391
822,625,-0.9031568,133451
822,626,-0.8844966,133536
823,626,1.280567,133686
824,626,1.17552,133846
824,627,-0.9031568,133906
825,627,1.236273,134061
826,627,1.238387,134181
827,627,1.248604,134316
827,628,-0.8836792,134386
828,628,1.276794,134486
829,628,1.244871,134581
830,628,1.257698,134701
830,629,-0.8847688,134791
831,629,1.276794,134891
832,629,1.25841,135011
832,630,-0.9434741,135076
832,631,-0.8861308,135191
833,631,1.211815,135321
833,632,-0.9237241,135391
833,633,-0.9624069,135436
834,633,1.327445,135516
835,633,1.271555,135606
835,634,-0.9434741,135671
836,634,1.211815,135801
836,635,-0.844724,135891
837,635,1.248604,136026
838,635,1.204993,136166
839,635,1.265589,136306
839,636,-0.863112,136366
840,636,1.27252,136471
841,636,1.223982,136586
842,636,1.248526,136696
843,636,1.297869,136796
843,637,-0.944019,136871
843,638,-0.9031569,136931
844,638,1.28514,137041
844,639,-0.8836792,137111
844,640,-0.9220896,137151
845,640,1.337567,137236
845,641,-0.8636568,137306
846,641,1.225907,137416
847,641,1.300843,137496
848,641,1.285691,137576
848,642,-0.9250861,137671
849,642,1.256997,137791
850,642,1.196229,137946
850,643,-0.9231793,138006
850,644,-0.8836792,138076
851,644,1.264027,138191
852,644,1.227622,138301
852,645,-0.8836792,138371
853,645,1.260798,138451
854,645,1.300311,138546
854,646,-0.8471756,138681
855,646,1.253392,138806
856,646,1.266801,138916
857,646,1.280915,139031
857,647,-0.8839516,139106
858,647,1.193324,139231
858,648,-0.8271533,139366
859,648,1.23059,139471
860,648,1.219089,139591
861,648,1.23002,139721
862,648,1.216727,139821
862,649,-0.9058809,139931
863,649,1.293218,140016
863,650,-0.8853136,140116
864,650,1.320334,140211
864,651,-0.9028844,140266
864,652,-0.8463584,140386
865,652,1.259871,140506
866,652,1.264026,140621
866,653,-0.9275376,140761
867,653,1.320334,140856
867,654,-0.9426569,140906
868,654,1.267667,141016
869,654,1.277846,141116
870,654,1.257698,141236
871,654,1.270635,141341
872,654,1.271555,141431
872,655,-0.9239965,141506
872,656,-0.8241568,141586
873,656,1.254731,141686
873,657,-0.8834068,141751
873,658,-0.8861309,141866
874,658,1.231837,141996
874,659,-0.9047914,142086
874,660,-0.9239965,142161
875,660,1.225073,142271
876,660,1.273196,142356
877,660,1.257698,142476
878,660,1.31068,142581
879,660,1.282403,142661
880,660,1.293218,142746
881,660,1.198343,142866
882,660,1.211199,142996
882,661,-0.8441792,143076
883,661,1.321316,143146
883,662,-0.8436344,143216
884,662,1.264026,143331
885,662,1.215314,143456
885,663,-0.863112,143516
886,663,1.230616,143646
887,663,1.256772,143746
888,663,1.274754,143846
889,663,1.251841,144011
889,664,-0.9239965,144086
890,664,1.283722,144181
891,664,1.253469,144286
892,664,1.294737,144411
893,664,1.337567,144496
893,665,-0.8836792,144566
894,665,1.263222,144681
894,666,-0.9231793,144741
894,667,-0.8238844,144816
895,667,1.287518,144951
895,668,-0.9231792,145011
896,668,1.309449,145086
896,669,-0.942112,145126
896,670,-0.8834069,145191
897,670,1.186854,145326
897,671,-0.9629517,145381
898,671,1.187577,145491
899,671,1.291228,145566
899,672,-0.8633844,145631
900,672,1.271569,145736
900,673,-0.8842239,145816
900,674,-0.922362,145861
901,674,1.242232,146006
901,675,-0.9237241,146076
902,675,1.290241,146166
903,675,1.313102,146241
904,675,1.281409,146336
905,675,1.276794,146436
905,676,-0.9626793,146486
905,677,-0.8444515,146571
906,677,1.24241,146686
906,678,-0.8455412,146791
907,678,1.261387,146886
907,679,-0.8839517,146961
908,679,1.232476,147066
908,680,-0.9034292,147131
909,680,1.251859,147261
909,681,-0.844724,147351
910,681,1.28641,147441
911,681,1.245095,147551
911,682,-0.8682878,147706
911,683,-0.9028844,147761
912,683,1.357589,147846
912,684,-0.9026121,147896
913,684,1.269719,148001
913,685,-0.8874928,148141
913,686,-0.9050636,148236
913,687,-0.8850413,148331
914,687,1.251546,148436
915,687,1.260798,148516
915,688,-0.8049516,148611
916,688,1.244517,148751
917,688,1.253392,148876
918,688,1.226081,149016
919,688,1.279893,149136
919,689,-0.9045188,149221
919,690,-0.8044068,149306
920,690,1.251244,149436
921,690,1.245929,149546
922,690,1.193324,149671
923,690,1.302575,149766
923,691,-0.9042464,149846
924,691,1.282403,149926
924,691,0.139476,150012
924,692,-0.7499235,150187
924,693,-0.8238844,150262
924,694,-0.8460859,150377
925,694,1.299179,150497
926,694,1.278027,150652
926,695,-0.8836792,150722
927,695,1.311613,150827
927,696,-0.863112,150887
928,696,1.232462,151017
928,697,-0.9253586,151117
928,698,-0.882862,151172
929,698,1.216251,151327
929,699,-0.9231793,151387
929,700,-0.8439068,151462
929,701,-0.8839516,151537
929,702,-0.9821569,151577
930,702,1.266801,151687
931,702,1.270509,151857
932,702,1.328616,151967
932,703,-0.9234517,152032
932,704,-0.8076757,152177
932,705,-0.8661084,152292
933,705,1.265118,152402
934,705,1.283244,152517
934,706,-0.9034293,152582
935,706,1.262432,152697
935,707,-0.9047912,152787
936,707,1.271882,152917
937,707,1.246921,153052
937,708,-0.7852016,153152
938,708,1.281409,153247
938,709,-0.8071309,153382
939,709,1.209125,153557
940,709,1.343789,153652
940,710,-0.8825896,153702
941,710,1.213347,153827
942,710,1.25841,153947
943,710,1.260079,154097
943,711,-0.8844964,154182
943,712,-0.9028844,154237
944,712,1.35612,154322
945,712,1.280915,154437
945,713,-0.8252463,154537
946,713,1.209125,154712
946,714,-0.8244292,154797
947,714,1.330286,154887
947,715,-0.9231793,154947
948,715,1.311613,155052
948,716,-0.9239964,155127
949,716,1.277591,155282
950,716,1.331636,155387
950,717,-0.8244292,155472
951,717,1.232462,155602
952,717,1.299916,155722
952,718,-0.8466309,155847
952,719,-0.8041344,155927
952,720,-0.8842241,156007
953,720,1.261769,156152
953,721,-0.8447239,156242
954,721,1.279893,156362
955,721,1.20799,156497
956,721,1.234015,156622
956,722,-0.865836,156732
957,722,1.291904,156862
958,722,1.254037,156987
959,722,1.36091,157067
959,723,-0.8241568,157147
959,724,-0.9042464,157227
960,724,1.296817,157327
961,724,1.326019,157437
962,724,1.273491,157542
963,724,1.282454,157657
964,724,1.316839,157757
964,725,-0.9229068,157812
964,726,-0.8044068,157897
964,727,-0.9220896,157937
965,727,1.255201,158097
966,727,1.317765,158217
966,728,-0.8839517,158292
967,728,1.260079,158442
968,728,1.188426,158617
969,728,1.240057,158767
969,729,-0.8836792,158837
969,730,-0.8455412,158942
970,730,1.308957,159032
970,731,-0.8642017,159112
970,732,-0.8652912,159212
970,733,-0.8644741,159297
971,733,1.250042,159427
971,734,-0.8257912,159537
972,734,1.340356,159632
972,735,-0.8271531,159767
973,735,1.210594,159897
973,736,-0.8046792,159987
974,736,1.275764,160087
975,736,1.239848,160207
976,736,1.253392,160332
977,736,1.253392,160457
977,737,-0.8463584,160577
978,737,1.248605,160712
978,738,-0.8449965,160807
978,739,-0.8260636,160922
979,739,1.39169,161012
980,739,1.279189,161162
980,740,-0.9034292,161227
980,741,-0.9037017,161297
981,741,1.278432,161417
982,741,1.270635,161522
982,742,-0.882862,161577
982,743,-0.9039741,161652
983,743,1.265952,161762
983,744,-0.9637689,161832
984,744,1.337914,161932
984,745,-0.8255188,162037
984,746,-0.9432017,162097
985,746,1.250639,162227
986,746,1.231818,162392
987,746,1.218365,162512
987,747,-0.8452687,162612
988,747,1.25841,162732
989,747,1.278741,162882
990,747,1.283245,162997
991,747,1.299916,163117
992,747,1.303267,163232
993,747,1.292529,163362
993,748,-0.7638172,163437
994,748,1.271882,163567
995,748,1.217094,163722
995,749,-0.9829741,163777
995,750,-0.806586,163902
995,751,-0.8836793,163972
995,752,-0.8041344,164052
996,752,1.299916,164172
997,752,1.329787,164277
997,753,-0.9031569,164337
998,753,1.276059,164462
999,753,1.357936,164562
999,754,-0.8249739,164657
1000,754,1.311311,164787
1001,754,1.264539,164927
1002,754,1.270065,165057
1003,754,1.289742,165162
1004,754,1.298943,165262
1004,755,-0.8864032,165382
1005,755,1.276059,165507
1005,756,-0.843362,165572
1005,757,-0.9239964,165647
1006,757,1.273414,165772
1006,758,-0.7838396,165847
1007,758,1.268548,165957
1008,758,1.306432,166047
1009,758,1.280102,166197
1009,759,-0.8639292,166272
1010,759,1.245567,166412
1011,759,1.281791,166557
1012,759,1.286824,166667
1012,760,-0.8441792,166747
1013,760,1.257824,166847
1014,760,1.335831,166947
1015,760,1.249183,167082
1016,760,1.236975,167202
1017,760,1.252484,167332
1018,760,1.248605,167467
1019,760,1.225545,167607
1019,761,-0.8836792,167677
1020,761,1.302477,167792
1021,761,1.296817,167892
1022,761,1.296081,168017
1023,761,1.319201,168137
1024,761,1.283245,168252
1025,761,1.26129,168397
1026,761,1.269205,168532
1026,762,-0.8033172,168597
1027,762,1.272521,168702
1028,762,1.274754,168802
1028,763,-0.9039741,168877
1028,764,-0.8447239,168967
1029,764,1.244003,169107
1029,765,-0.744612,169197
1030,765,1.335831,169297
1030,766,-0.806586,169422
1031,766,1.285612,169562
1032,766,1.331636,169667
1033,766,1.281678,169782
1033,767,-0.8439069,169857
1033,768,-0.824974,169952
1033,769,-0.8063135,170072
1034,769,1.287689,170182
1035,769,1.360379,170277
1036,769,1.311613,170382
1037,769,1.282769,170527
1038,769,1.328616,170637
1039,769,1.280915,170752
1039,770,-0.882862,170807
1039,771,-0.8241568,170887
1040,771,1.24241,171002
1040,772,-0.8639292,171077
1041,772,1.353285,171162
1042,772,1.22221,171307
1043,772,1.283245,171422
1043,773,-0.8625672,171472
1043,774,-0.9031568,171532
1043,775,-0.9231793,171592
1043,776,-0.8049516,171687
1044,776,1.250639,171817
1045,776,1.348638,171927
1045,777,-0.8268808,172057
1046,777,1.336126,172182
1046,778,-0.8441792,172262
1047,778,1.340356,172357
1048,778,1.291289,172487
1048,779,-0.8633844,172552
1049,779,1.309764,172657
1050,779,1.376142,172742
1050,780,-0.8063137,172862
1051,780,1.252484,172992
1051,781,-0.8655637,173097
1052,781,1.278432,173217
1052,782,-0.9242688,173297
1052,783,-0.9034293,173362
1053,783,1.270635,173467
1054,783,1.296817,173567
1054,784,-0.8650189,173662
1054,785,-0.8831345,173722
1055,785,1.288571,173832
1055,786,-0.8874929,173972
1055,787,-0.8628396,174027
1055,788,-0.8247016,174117
1056,788,1.324094,174232
1057,788,1.263222,174347
1057,789,-0.9229069,174402
1057,790,-0.9229068,174457
1057,791,-0.7862912,174577
1058,791,1.276059,174702
1058,792,-0.9034292,174767
1059,792,1.254731,174867
1059,793,-0.9028845,174922
1059,794,-0.8628396,174977
1059,794,0.08213276,175013
1059,795,-0.6638412,175128
1059,796,-0.7846568,175218
1059,797,-0.8436344,175288
1059,798,-0.9229068,175343
1059,799,-0.882862,175398
1059,800,-0.8046792,175488
1060,800,1.350154,175618
1061,800,1.278027,175773
1062,800,1.271882,175903
1063,800,1.254037,176028
1064,800,1.361768,176143
1064,801,-0.8249739,176238
1064,802,-0.7462463,176358
1065,802,1.338499,176478
1065,803,-0.8252464,176578
1066,803,1.379032,176678
1067,803,1.283269,176823
1067,804,-0.8633844,176888
1068,804,1.296081,177013
1068,805,-0.7860188,177128
1068,806,-0.7854739,177233
1068,807,-0.843362,177298
1069,807,1.331949,177428
1069,808,-0.745974,177543
1070,808,1.282769,177688
1071,808,1.319938,177808
1071,809,-0.7860188,177923
1072,809,1.308593,178033
1073,809,1.35261,178138
1073,810,-0.7668136,178268
1073,811,-0.8046792,178358
1073,812,-0.8834068,178423
1074,812,1.351658,178528
1074,813,-0.7860188,178643
1074,814,-0.8057687,178753
1075,814,1.298455,178873
1075,815,-0.7854739,178978
1076,815,1.316103,179103
1077,815,1.272507,179233
1077,816,-0.764362,179318
1078,816,1.404183,179433
1079,816,1.296081,179558
1080,816,1.370747,179663
1080,817,-0.806586,179788
1081,817,1.297042,179908
1082,817,1.320612,180058
1083,817,1.302477,180173
1084,817,1.361768,180288
1084,818,-0.803862,180363
1085,818,1.284048,180503
1085,819,-0.9028844,180558
1085,820,-0.9229069,180613
1085,821,-0.8449964,180708
1085,822,-0.7862912,180828
1085,823,-0.7860187,180943
1085,824,-0.8449963,181038
1086,824,1.282277,181183
1087,824,1.310706,181313
1087,825,-0.844724,181403
1087,826,-0.9037017,181473
1087,827,-0.7465188,181598
1087,828,-0.8471756,181733
1087,829,-0.8271531,181868
1088,829,1.326193,182008
1088,830,-0.8639293,182083
1088,831,-0.863112,182143
1089,831,1.300938,182258
1090,831,1.287518,182393
1090,832,-0.786836,182523
1091,832,1.271267,182653
1091,833,-0.8639292,182728
1092,833,1.32096,182843
1092,834,-0.7662687,182963
1093,834,1.373603,183068
1093,835,-0.8252463,183168
1093,836,-0.8449965,183263
1093,837,-0.826336,183383
1094,837,1.355853,183483
1095,837,1.281459,183678
1095,838,-0.8233396,183743
1096,838,1.325185,183853
1097,838,1.36866,183963
1098,838,1.31476,184088
1098,839,-0.844724,184178
1098,840,-0.8449963,184273
1098,841,-0.8661084,184388
1099,841,1.296759,184543
1099,842,-0.8650188,184638
1100,842,1.323289,184753
1100,843,-0.7467912,184883
1101,843,1.369831,184988
1102,843,1.286149,185128
1103,843,1.321723,185243
1103,844,-0.7467912,185373
1104,844,1.293437,185498
1104,845,-0.843362,185563
1104,846,-0.7862912,185683
1105,846,1.36866,185793
1106,846,1.297042,185913
1106,847,-0.8238844,185988
1107,847,1.339961,186108
1107,848,-0.7676308,186253
1107,849,-0.8834068,186318
1107,850,-0.8834068,186383
1107,851,-0.7871084,186518
1107,852,-0.7262239,186638
1108,852,1.271226,186808
1109,852,1.237547,186963
1110,852,1.308672,187098
1111,852,1.299179,187218
1112,852,1.405275,187328
1113,852,1.297042,187448
1113,853,-0.7062017,187568
1114,853,1.301335,187713
1114,854,-0.7868359,187843
1114,855,-0.8247015,187933
1114,856,-0.843362,187998
1114,857,-0.8633844,188063
1114,858,-0.8255188,188168
1115,858,1.321723,188283
1116,858,1.373603,188388
1116,859,-0.7868359,188518
1116,860,-0.7459739,188633
1116,861,-0.8060411,188748
1116,862,-0.8241568,188828
1117,862,1.282277,188973
1118,862,1.319201,189093
1118,863,-0.8071308,189228
1118,864,-0.8060412,189343
1118,865,-0.8639292,189418
1119,865,1.316103,189543
1120,865,1.285083,189683
1121,865,1.308672,189818
1122,865,1.294082,189943
1122,866,-0.7659965,190058
1122,867,-0.8071308,190193
1123,867,1.325657,190333
1124,867,1.326193,190473
1124,868,-0.7673584,190613
1125,868,1.311613,190718
1126,868,1.331949,190848
1126,869,-0.8436344,190918
1127,869,1.319201,191038
1128,869,1.347756,191148
1129,869,1.341745,191263
1129,870,-0.8266084,191388
1129,871,-0.9220896,191428
1130,871,1.263246,191573
1130,872,-0.744612,191663
1131,872,1.321723,191778
1132,872,1.348638,191888
1132,873,-0.8063136,192008
1133,873,1.299211,192158
1133,874,-0.726224,192278
1134,874,1.308672,192413
1134,875,-0.7662687,192533
1135,875,1.284049,192648
1136,875,1.291904,192778
1137,875,1.317065,192898
1137,876,-0.8244292,192983
1137,877,-0.882862,193038
1137,878,-0.7659963,193153
1138,878,1.325657,193293
1139,878,1.301701,193408
1139,879,-0.843362,193473
1139,880,-0.8233396,193538
1139,881,-0.8636568,193608
1140,881,1.326193,193748
1141,881,1.286824,193858
1142,881,1.328694,193993
1142,882,-0.8633844,194058
1142,883,-0.726224,194178
1143,883,1.309764,194283
1144,883,1.338499,194403
1144,884,-0.8044068,194488
1145,884,1.257698,194608
1146,884,1.269205,194743
1147,884,1.279157,194863
1148,884,1.359246,194983
1149,884,1.311927,195113
1149,885,-0.8244292,195198
1150,885,1.34515,195338
1150,886,-0.7484256,195498
1150,887,-0.8241568,195578
1150,888,-0.7676308,195723
1150,889,-0.8241568,195803
1150,890,-0.8052239,195903
1151,890,1.317765,196023
1151,891,-0.784112,196103
1152,891,1.323289,196218
1153,891,1.233985,196378
1153,892,-0.8241568,196458
1154,892,1.339224,196578
1154,893,-0.8831344,196638
1155,893,1.363334,196753
1156,893,1.330132,196883
1156,894,-0.7884704,197043
1157,894,1.279893,197163
1158,894,1.344116,197278
1158,895,-0.7884704,197438
1158,896,-0.844724,197528
1159,896,1.289228,197663
1160,896,1.290087,197793
1160,897,-0.882862,197848
1161,897,1.31476,197973
1162,897,1.319938,198093
1162,898,-0.8636568,198163
1162,899,-0.803862,198238
1162,900,-0.8252463,198338
1163,900,1.312565,198443
1163,901,-0.8249739,198538
1164,901,1.339961,198658
1164,902,-0.7852016,198758
1165,902,1.295404,198883
1166,902,1.339224,199003
1166,903,-0.8628396,199058
1166,904,-0.863112,199118
1166,905,-0.8241568,199198
1166,906,-0.7871083,199333
1167,906,1.286966,199468
1167,907,-0.8444517,199553
1167,908,-0.844724,199643
1168,908,1.311613,199748
1168,909,-0.843362,199813
1169,909,1.331949,199943
1169,909,0.1362887,200014
1169,910,-0.6299801,200134
1170,910,1.362544,200249
1170,911,-0.8241568,200329
1171,911,1.359246,200449
1171,912,-0.7854739,200554
1171,913,-0.8030448,200614
1171,914,-0.9234516,200679
1172,914,1.373526,200804
1173,914,1.351971,200934
1173,915,-0.7665411,201059
1173,916,-0.863112,201119
1173,917,-0.7854739,201224
1173,918,-0.8227948,201279
1173,919,-0.8447239,201369
1173,920,-0.8628396,201424
1173,921,-0.7053844,201529
1174,921,1.370177,201659
1174,922,-0.6859068,201774
1175,922,1.329272,201909
1175,923,-0.7462463,202029
1176,923,1.353504,202154
1177,923,1.276318,202309
1178,923,1.385252,202419
1179,923,1.393548,202544
1179,924,-0.7256792,202654
1180,924,1.374171,202779
1181,924,1.347033,202914
1182,924,1.334126,203039
1182,925,-0.7462463,203159
1182,926,-0.7835672,203229
1183,926,1.392016,203359
1183,927,-0.7059292,203474
1184,927,1.334782,203599
1184,928,-0.764362,203684
1185,928,1.427846,203794
1186,928,1.318072,203949
1186,929,-0.7860187,204064
1187,929,1.376171,204189
1188,929,1.326193,204329
1189,929,1.301335,204474
1189,930,-0.7668136,204604
1189,931,-0.8233396,204669
1189,932,-0.9037017,204739
1189,933,-0.8631121,204799
1189,934,-0.8249739,204894
1190,934,1.384161,205009
1190,935,-0.8428172,205064
1191,935,1.409876,205169
1191,936,-0.843362,205234
1191,937,-0.882862,205289
1191,938,-0.8428172,205344
1192,938,1.333481,205469
1192,939,-0.8441792,205549
1192,940,-0.8642015,205629
1192,941,-0.7854739,205734
1192,942,-0.803862,205809
1193,942,1.417177,205929
1193,943,-0.7862911,206049
1194,943,1.359983,206169
1195,943,1.397854,206289
1196,943,1.317065,206409
1197,943,1.369317,206544
1198,943,1.338499,206664
1199,943,1.386936,206774
1199,944,-0.823612,206844
1200,944,1.301335,206989
1200,945,-0.726224,207109
1201,945,1.380005,207229
1201,946,-0.9031569,207289
1202,946,1.413571,207414
1203,946,1.356148,207539
1204,946,1.368739,207674
1204,947,-0.8233396,207739
1204,948,-0.7062016,207859
1204,949,-0.7062016,207979
1205,949,1.302792,208124
1206,949,1.364651,208264
1206,950,-0.7462463,208384
1207,950,1.407824,208494
1207,951,-0.7646344,208584
1207,952,-0.882862,208639
1207,953,-0.7062016,208759
1208,953,1.335449,208884
1208,954,-0.823612,208954
1208,955,-0.8233396,209019
1209,955,1.364138,209134
1210,955,1.366913,209244
1211,955,1.350751,209374
1212,955,1.323314,209519
1212,956,-0.7264964,209644
1212,957,-0.8241568,209724
1213,957,1.395516,209849
1214,957,1.424206,209964
1214,958,-0.7270411,210099
1214,959,-0.8247015,210189
1214,960,-0.8439068,210264
1215,960,1.423401,210379
1216,960,1.321503,210574
1216,961,-0.8063135,210694
1216,962,-0.8430896,210754
1217,962,1.416215,210879
1217,963,-0.8033172,210944
1217,964,-0.7849292,211039
1217,965,-0.7662688,211159
1217,966,-0.8230672,211219
1217,967,-0.8639292,211294
1217,968,-0.8436344,211364
1218,968,1.370773,211494
1218,969,-0.8027724,211549
1218,970,-0.7267689,211679
1219,970,1.368169,211814
1219,971,-0.8057688,211924
1220,971,1.336126,212049
1221,971,1.351971,212179
1221,972,-0.8238844,212254
1222,972,1.397154,212374
1222,973,-0.7254068,212479
1222,974,-0.9031569,212539
1222,975,-0.8238844,212614
1222,976,-0.8057687,212724
1222,977,-0.8049516,212819
1222,978,-0.7262239,212939
1223,978,1.361402,213084
1224,978,1.381027,213199
1225,978,1.318072,213354
1225,979,-0.8041344,213434
1226,979,1.373526,213559
1226,980,-0.8060411,213674
1226,981,-0.823612,213744
1227,981,1.354149,213869
1228,981,1.362544,213984
1228,982,-0.8046792,214074
1229,982,1.405275,214184
1230,982,1.378544,214304
1231,982,1.378544,214424
1232,982,1.388192,214559
1232,983,-0.8054963,214664
1233,983,1.345679,214804
1234,983,1.340169,214954
1234,984,-0.8227948,215009
1235,984,1.379269,215129
1235,985,-0.7259516,215244
1236,985,1.333481,215369
1237,985,1.35781,215489
1238,985,1.308672,215624
1238,986,-0.8825896,215674
1238,987,-0.882862,215729
1238,988,-0.8428172,215784
1238,989,-0.8633844,215849
1238,990,-0.7632724,215914
1238,991,-0.7462463,216034
1239,991,1.396193,216159
1239,992,-0.7651792,216259
1239,993,-0.8035896,216329
1239,994,-0.8230672,216389
1240,994,1.38179,216504
1240,995,-0.9220896,216544
1240,996,-0.7059292,216659
1241,996,1.38179,216774
1242,996,1.354805,216899
1242,997,-0.8033172,216964
1242,998,-0.8633844,217029
1243,998,1.346042,217139
1244,998,1.349295,217274
1245,998,1.4327,217379
1246,998,1.337087,217499
1246,999,-0.8633844,217564
1246,1000,-0.8241568,217644
1246,1001,-0.8041344,217724
1246,1002,-0.7838396,217799
1246,1003,-0.7830224,217859
1246,1004,-0.7835672,217929
1246,1005,-0.7843844,218014
1246,1006,-0.8633844,218079
1246,1007,-0.7871083,218214
1247,1007,1.317765,218334
1248,1007,1.393548,218459
1249,1007,1.357109,218579
1250,1007,1.378544,218699
1251,1007,1.355471,218824
1252,1007,1.379269,218944
1253,1007,1.383357,219059
1253,1008,-0.744612,219149
1254,1008,1.423401,219264
1255,1008,1.377132,219384
1256,1008,1.352596,219514
1256,1009,-0.863112,219574
1257,1009,1.42005,219694
1258,1009,1.324094,219809
1258,1010,-0.764362,219894
1259,1010,1.354149,220019
1259,1011,-0.8628396,220074
1260,1011,1.368739,220209
1260,1012,-0.823612,220279
1260,1013,-0.6658844,220394
1260,1014,-0.8628396,220449
1260,1015,-0.744612,220539
1260,1016,-0.7835672,220609
1260,1017,-0.6661568,220729
1261,1017,1.354149,220854
1262,1017,1.405275,220964
1262,1018,-0.9031569,221024
1262,1019,-0.8636568,221094
1263,1019,1.40105,221209
1263,1020,-0.8030448,221269
1264,1020,1.359246,221389
1265,1020,1.397154,221509
1265,1021,-0.7062016,221629
1265,1022,-0.7638172,221704
1265,1023,-0.7862911,221824
1265,1024,-0.8441792,221904
1266,1024,1.379269,222024
1266,1025,-0.7659964,222139
1266,1026,-0.7640896,222219
1266,1027,-0.7852015,222319
1267,1027,1.384161,222434
1267,1028,-0.8441792,222514
1267,1029,-0.8233396,222579
1267,1030,-0.7640896,222659
1268,1030,1.380005,222779
1269,1030,1.374866,222879
1269,1031,-0.843362,222944
1270,1031,1.392641,223074
1270,1032,-0.8430896,223134
1271,1032,1.397154,223254
1271,1033,-0.7259516,223369
1271,1034,-0.8035896,223439
1271,1035,-0.7262239,223559
1271,1036,-0.863112,223619
1272,1036,1.41491,223719
1272,1037,-0.8233396,223784
1272,1038,-0.8244292,223869
1273,1038,1.386261,224009
1273,1039,-0.8030448,224069
1274,1039,1.302477,224184
1275,1039,1.362544,224299
1276,1039,1.361005,224414
1277,1039,1.401813,224529
1277,1040,-0.7835672,224599
1278,1040,1.278741,224749
1278,1041,-0.8244292,224834
1279,1041,1.358522,224954
1279,1042,-0.8191172,225015
1279,1042,-0.8191172,225015
1280,1042,1.414872,225140
1280,1043,-0.6069068,225275
1280,1044,-0.7838396,225350
1280,1045,-0.8035896,225420
1281,1045,1.432061,225550
1282,1045,1.426305,225690
1282,1046,-0.8030448,225750
1283,1046,1.355471,225875
1284,1046,1.458634,225995
1285,1046,1.409362,226130
1285,1047,-0.6864516,226255
1286,1047,1.424206,226370
1286,1048,-0.6867239,226500
1286,1049,-0.70375,226575
1286,1050,-0.7435224,226645
1286,1051,-0.8027724,226700
1286,1052,-0.7240448,226780
1287,1052,1.406283,226920
1287,1053,-0.8227948,226975
1287,1054,-0.7635448,227045
1287,1055,-0.8227948,227100
1287,1056,-0.705112,227200
1287,1057,-0.7437948,227275
1287,1058,-0.8035896,227345
1287,1059,-0.6464068,227470
1288,1059,1.465285,227610
1289,1059,1.476283,227735
1290,1059,1.395516,227860
1290,1060,-0.7835672,227930
1290,1061,-0.7838396,228005
1290,1062,-0.7437948,228080
1290,1063,-0.7638172,228155
1290,1064,-0.8030448,228215
1290,1065,-0.6647948,228310
1290,1066,-0.7062016,228430
1291,1066,1.452083,228560
1291,1068,-1.606525,228690
1292,1068,1.416215,228815
1293,1068,1.422611,228930
1293,1069,-0.8030448,228990
1293,1070,-0.7062016,229110
1294,1070,1.365173,229250
1295,1070,1.415538,229375
1296,1070,1.410818,229505
1297,1070,1.438611,229625
1298,1070,1.417177,229745
1298,1071,-0.7040224,229825
1299,1071,1.436238,229950
1300,1071,1.394849,230075
1301,1071,1.377132,230195
1301,1072,-0.8033172,230260
1302,1072,1.457922,230380
1303,1072,1.38934,230515
1304,1072,1.442634,230630
1305,1072,1.448259,230765
1305,1073,-0.8033172,230830
1306,1073,1.461117,230945
1307,1073,1.414872,231070
1307,1074,-0.6869963,231205
1308,1074,1.391401,231335
1308,1075,-0.6867239,231465
1308,1077,-1.626657,231595
1309,1077,1.43556,231720
1310,1077,1.46188,231835
1310,1078,-0.7448844,231930
1311,1078,1.380214,232080
1311,1079,-0.7264963,232205
1311,1080,-0.7632724,232270
1312,1080,1.367608,232405
1312,1081,-0.6867239,232535
1313,1081,1.43084,232665
1314,1081,1.351356,232795
1314,1082,-0.7646344,232885
1314,1083,-0.8035896,232955
1314,1084,-0.665612,233065
1314,1085,-0.784112,233145
1314,1086,-0.78275,233200
1314,1087,-0.863112,233260
1314,1088,-0.7635448,233330
1315,1088,1.414872,233455
1316,1088,1.388192,233590
1317,1088,1.46425,233705
1318,1088,1.394194,233830
1319,1088,1.413571,233955
1320,1088,1.390199,234085
1320,1089,-0.784112,234165
1320,1090,-0.7059292,234280
1321,1090,1.349295,234415
1322,1090,1.367055,234550
1322,1091,-0.7638172,234625
1322,1092,-0.6658844,234740
1323,1092,1.410222,234870
1323,1093,-0.7435224,234940
1323,1094,-0.78275,234995
1324,1094,1.341859,235140
1324,1095,-0.7640896,235220
1325,1095,1.409362,235355
1325,1096,-0.6255672,235465
1325,1097,-0.7832948,235530
1325,1098,-0.7635448,235600
1326,1098,1.390199,235730
1327,1098,1.366238,235870
1328,1098,1.455583,235995
1329,1098,1.398567,236115
1329,1099,-0.8227948,236170
1329,1100,-0.5860672,236290
1330,1100,1.426305,236430
1331,1100,1.38416,236570
1332,1100,1.417177,236690
1332,1101,-0.8027724,236745
1333,1101,1.460095,236865
1334,1101,1.378139,237020
1335,1101,1.407653,237155
1336,1101,1.434238,237280
1336,1102,-0.78275,237335
1336,1103,-0.823612,237405
1337,1103,1.478656,237525
1338,1103,1.431446,237655
1339,1103,1.427122,237790
1339,1104,-0.6848172,237885
1340,1104,1.43084,238015
1340,1105,-0.6466792,238145
1341,1105,1.451468,238275
1341,1106,-0.744612,238365
1342,1106,1.410818,238495
1342,1107,-0.8030448,238555
1343,1107,1.440747,238705
1343,1108,-0.7635448,238775
1343,1109,-0.8027724,238830
1343,1110,-0.7237724,238905
1343,1111,-0.7451568,239005
1343,1112,-0.8030448,239065
1343,1113,-0.8030448,239125
1344,1113,1.4071,239260
1345,1113,1.342837,239405
1345,1114,-0.6861792,239525
1345,1115,-0.8227948,239580
1345,1116,-0.8230672,239640
1346,1116,1.344115,239780
1346,1117,-0.7245896,239870
1346,1118,-0.7059292,239985
1347,1118,1.413571,240110
1348,1118,1.415538,240235
1349,1118,1.43084,240365
1350,1118,1.412664,240495
1350,1119,-0.7638172,240570
1351,1119,1.336385,240725
1352,1119,1.482678,240840
1352,1120,-0.7267687,240970
1353,1120,1.437899,241090
1354,1120,1.374171,241215
1354,1121,-0.7832948,241280
1355,1121,1.43556,241405
1355,1122,-0.6856344,241515
1356,1122,1.361881,241660
1356,1123,-0.7830224,241720
1357,1123,1.501162,241835
1357,1124,-0.7830224,241895
1358,1124,1.363358,242040
1359,1124,1.394955,242200
1360,1124,1.438611,242320
1360,1125,-0.8227948,242375
1360,1126,-0.8428172,242430
1361,1126,1.411423,242560
1361,1127,-0.74325,242625
1362,1127,1.444741,242765
1362,1128,-0.8030448,242825
1362,1129,-0.744612,242915
1363,1129,1.388761,243050
1364,1129,1.448259,243185
1365,1129,1.409362,243320
1365,1130,-0.7830224,243380
1366,1130,1.409362,243515
1366,1131,-0.8428172,243570
1367,1131,1.373526,243695
1367,1132,-0.7830224,243755
1368,1132,1.437899,243875
1368,1133,-0.7062016,243995
1369,1133,1.406283,244135
1369,1134,-0.6856344,244245
1369,1135,-0.6469516,244380
1370,1135,1.394849,244505
1371,1135,1.441857,244620
1372,1135,1.414216,244745
1372,1136,-0.7632724,244810
1373,1136,1.436238,244935
1374,1136,1.367608,245070
1375,1136,1.433593,245195
1375,1137,-0.8428172,245250
1375,1138,-0.8233396,245315
1375,1139,-0.8027724,245370
1376,1139,1.393548,245495
1377,1139,1.445262,245635
1378,1139,1.385724,245775
1379,1139,1.482678,245890
1380,1139,1.452708,246020
1381,1139,1.43084,246150
1382,1139,1.377832,246270
1382,1140,-0.7437948,246345
1383,1140,1.376171,246470
1384,1140,1.4071,246605
1385,1140,1.440073,246725
1386,1140,1.394849,246850
1386,1141,-0.8233396,246915
1387,1141,1.395516,247040
1388,1141,1.371994,247170
1389,1141,1.404182,247310
1389,1142,-0.6661568,247430
1390,1142,1.414872,247555
1391,1142,1.361881,247700
1392,1142,1.394849,247825
1393,1142,1.385724,247965
1394,1142,1.411423,248095
1395,1142,1.409362,248230
1396,1142,1.422926,248375
1396,1143,-0.6861792,248495
1397,1143,1.432061,248625
1398,1143,1.477944,248745
1398,1144,-0.8230672,248805
1399,1144,1.38416,248945
1400,1144,1.412039,249075
1401,1144,1.413571,249200
1401,1145,-0.7635448,249270
1402,1145,1.342344,249415
1402,1146,-0.78275,249470
1403,1146,1.440073,249590
1404,1146,1.457221,249710
1404,1147,-0.6252948,249815
1405,1147,1.391401,249945
