Goals,Deaths,Reward,Step 
0,0,0,0
1,0,1.106568,90
2,0,1.088787,200
2,1,-1.002424,250
3,1,1.182409,305
4,1,1.096992,405
4,2,-1.00212,450
5,2,1.261137,490
5,3,-1.003786,565
6,3,1.074991,690
7,3,1.214867,740
7,3,-5.044807E-05,741
7,4,-1.002826,796
7,5,-1.003784,871
8,5,1.141393,941
9,5,1.14572,1011
9,6,-1.010395,1221
10,6,1.131349,1296
11,6,1.197475,1346
12,6,1.139324,1416
12,7,-1.002272,1461
13,7,1.1039,1556
14,7,1.182408,1611
14,8,-1.003533,1681
15,8,1.197475,1731
15,9,-1.006812,1866
16,9,1.201557,1916
16,10,-1.003786,1991
17,10,1.254391,2031
18,10,1.160652,2096
19,10,1.070361,2226
20,10,1.087904,2336
20,11,-1.002777,2391
21,11,1.175541,2451
21,12,-1.003028,2511
22,12,1.139323,2581
23,12,1.163637,2641
23,13,-1.00454,2731
24,13,1.111736,2821
24,14,-1.003281,2886
24,15,-1.003531,2956
25,15,1.254389,2996
25,16,-1.00631,3121
26,16,1.163638,3181
26,17,-1.002777,3236
26,18,-1.003535,3306
27,18,1.122543,3386
28,18,1.065397,3526
28,19,-1.003027,3586
29,19,1.185901,3641
30,19,1.230285,3686
31,19,1.210242,3736
32,19,1.158008,3801
33,19,1.152968,3866
33,20,-1.001968,3906
34,20,1.205808,3956
34,21,-1.002625,4011
34,22,-1.004088,4096
34,23,-1.001918,4136
35,23,1.247979,4176
36,23,1.182407,4231
37,23,1.275756,4271
38,23,1.241629,4316
38,24,-1.003028,4376
39,24,1.090853,4481
39,25,-1.004037,4561
40,25,1.141392,4631
40,26,-1.003028,4691
41,26,1.201555,4741
42,26,1.210239,4791
43,26,1.201558,4841
43,27,-1.005249,4946
43,28,-1.008023,5106
44,28,1.131348,5181
45,28,1.201557,5231
46,28,1.04531,5416
47,28,1.117658,5501
48,28,1.050591,5671
49,28,1.139324,5741
49,29,-1.004443,5831
49,30,-1.002775,5886
49,31,-1.003533,5956
50,31,1.083482,6071
51,31,1.18953,6126
52,31,1.189529,6181
52,32,-1.006561,6311
53,32,1.081151,6426
54,32,1.098043,6526
54,33,-1.002322,6576
55,33,1.122543,6656
56,33,1.139323,6726
57,33,1.139324,6796
58,33,1.099119,6896
59,33,1.160653,6961
59,34,-1.003431,7031
60,34,1.189531,7086
60,35,-1.003281,7151
61,35,1.141394,7221
62,35,1.105095,7316
63,35,1.074335,7441
63,36,-1.002069,7486
64,36,1.169385,7546
65,36,1.210241,7596
66,36,1.175542,7656
67,36,1.189531,7711
68,36,1.320813,7746
69,36,1.063605,7891
69,37,-1.002775,7946
69,38,-1.001566,7981
70,38,1.214867,8031
71,38,1.175542,8091
72,38,1.185902,8146
73,38,1.169384,8206
73,39,-1.004187,8291
74,39,1.060459,8441
75,39,1.048971,8616
75,40,-1.006258,8741
75,41,-1.001565,8776
75,42,-1.003786,8851
76,42,1.182407,8906
77,42,1.210241,8956
78,42,1.077277,9076
79,42,1.087906,9186
80,42,1.109093,9276
81,42,1.079413,9396
82,42,1.07369,9521
82,43,-1.007672,9676
83,43,1.160652,9741
83,44,-1.003531,9811
84,44,1.225,9856
85,44,1.135102,9931
86,44,1.085357,10041
87,44,1.185902,10096
88,44,1.095962,10196
88,45,-1.003028,10256
89,45,1.182408,10311
89,46,-1.003029,10371
90,46,1.088787,10481
91,46,1.283946,10516
91,47,-1.003533,10586
92,47,1.125831,10666
93,47,1.122543,10746
93,48,-1.00656,10876
93,49,-1.002725,10931
93,50,-1.002777,10986
94,50,1.110399,11076
95,50,1.133201,11151
96,50,1.24163,11196
97,50,1.158009,11261
98,50,1.107816,11351
99,50,1.141392,11421
99,51,-1.005348,11531
99,52,-1.005298,11636
100,52,1.301262,11671
100,53,-1.002625,11726
101,53,1.086192,11836
102,53,1.094952,11936
103,53,1.201558,11986
104,53,1.182408,12041
105,53,1.13135,12116
106,53,1.163637,12176
107,53,1.119165,12261
107,54,-1.003282,12326
108,54,1.193302,12381
109,54,1.054817,12541
109,55,-1.006056,12661
110,55,1.163638,12721
111,55,1.241629,12766
111,57,-2.003786,12841
112,57,1.310731,12876
112,58,-1.002777,12931
112,59,-1.003281,12996
113,59,1.137059,13071
114,59,1.1332,13146
115,59,1.197476,13196
116,59,1.053785,13361
117,59,1.074336,13486
117,60,-1.004038,13566
118,60,1.137059,13641
119,60,1.197475,13691
119,61,-1.00222,13736
120,61,1.09371,13841
120,62,-1.003028,13901
121,62,1.189532,13956
122,62,1.08269,14071
123,62,1.185902,14126
123,64,-2.00303,14186
124,64,1.152969,14251
125,64,1.119166,14336
126,64,1.179041,14391
127,64,1.059096,14541
127,65,-1.005804,14656
127,66,-1.003784,14731
128,66,1.182407,14786
129,66,1.059096,14936
130,66,1.25439,14976
130,67,-1.005804,15091
130,68,-1.002778,15146
131,68,1.152969,15211
132,68,1.150564,15276
133,68,1.175543,15336
134,68,1.219951,15381
134,69,-1.003784,15456
135,69,1.219949,15501
135,71,-2.006562,15631
135,72,-1.001818,15671
135,73,-1.003785,15746
136,73,1.29235,15781
136,74,-1.003281,15846
136,75,-1.003029,15906
137,75,1.17554,15966
138,75,1.166463,16026
139,75,1.09274,16131
140,75,1.100468,16226
141,75,1.07869,16346
142,75,1.122544,16426
142,76,-1.00631,16551
143,76,1.14572,16621
144,76,1.18953,16676
145,76,1.101587,16771
146,76,1.197475,16821
147,76,1.083481,16936
148,76,1.105094,17031
149,76,1.172409,17091
150,76,1.120962,17171
150,77,-1.003281,17236
151,77,1.241629,17281
152,77,1.201557,17331
153,77,1.082691,17446
154,77,1.15801,17511
155,77,1.135102,17586
156,77,1.107815,17676
157,77,1.094952,17776
157,78,-1.003836,17856
158,78,1.079413,17976
159,78,1.158008,18041
160,78,1.158009,18106
161,78,1.152967,18171
162,78,1.129547,18246
163,78,1.084286,18361
164,78,1.068375,18496
165,78,1.201555,18546
166,78,1.02787,18796
167,78,1.179041,18851
167,79,-1.005299,18956
168,79,1.067261,19091
169,79,1.033895,19316
170,79,1.116191,19401
170,80,-1.003029,19461
170,81,-1.002979,19521
171,81,1.185902,19576
172,81,1.07499,19701
172,82,-1.003331,19771
173,82,1.283946,19806
174,82,1.193302,19861
175,82,1.210241,19911
176,82,1.179041,19966
177,82,1.175542,20026
178,82,1.084284,20141
179,82,1.182408,20196
180,82,1.083481,20311
181,82,1.099119,20411
181,83,-1.001615,20446
181,84,-1.002775,20501
182,84,1.077977,20621
183,84,1.066462,20761
184,84,1.175542,20821
185,84,1.065399,20961
186,84,1.166462,21021
187,84,1.214867,21071
187,85,-1.00328,21136
188,85,1.214866,21186
188,86,-1.007924,21346
189,86,1.078689,21466
190,86,1.137058,21541
190,87,-1.004037,21621
191,87,1.106566,21711
191,88,-1.002473,21761
192,88,1.14572,21831
193,88,1.169384,21891
194,88,1.147981,21961
194,89,-1.002778,22016
194,90,-1.010091,22216
194,91,-1.00313,22281
194,92,-1.003533,22351
194,93,-1.005046,22451
195,93,1.129547,22526
195,94,-1.003788,22601
196,94,1.129547,22676
197,94,1.090855,22781
198,94,1.197475,22831
199,94,1.241629,22876
200,94,1.070362,23006
200,95,-1.002927,23066
201,95,1.254389,23106
202,95,1.182407,23161
202,96,-1.003382,23231
202,97,-1.002068,23276
202,98,-1.003786,23351
202,99,-1.004292,23436
203,99,1.099119,23536
204,99,1.087042,23646
205,99,1.21995,23691
206,99,1.12754,23771
207,99,1.12583,23851
207,100,-1.009337,24036
208,100,1.090854,24141
209,100,1.292349,24176
210,100,1.152969,24241
211,100,1.152969,24306
211,101,-1.002725,24361
212,101,1.107816,24451
212,102,-1.003532,24521
212,103,-1.002776,24576
212,104,-1.003534,24646
212,105,-1.003028,24706
213,105,1.137059,24781
213,106,-1.007267,24926
213,107,-1.00328,24991
213,107,-0.0008080712,25007
214,107,1.091934,25112
214,108,-1.005953,25232
215,108,1.100471,25327
215,109,-1.006306,25452
215,110,-1.003884,25532
216,110,1.145723,25602
217,110,1.143528,25672
218,110,1.119169,25757
219,110,1.090857,25862
219,112,-2.005802,25977
220,112,1.045312,26162
220,113,-1.005902,26282
221,113,1.06046,26432
222,113,1.089941,26537
223,113,1.092742,26642
224,113,1.084289,26757
224,114,-1.004036,26837
225,114,1.133203,26912
225,115,-1.002371,26962
225,116,-1.001917,27002
226,116,1.072182,27132
227,116,1.081918,27247
227,117,-1.005095,27352
227,118,-1.003531,27422
228,118,1.0591,27572
229,118,1.068947,27707
229,119,-1.005902,27827
229,120,-1.005801,27942
230,120,1.092742,28047
230,121,-1.009585,28237
230,122,-1.007567,28387
230,123,-1.004389,28477
231,123,1.063607,28622
231,124,-1.006054,28742
232,124,1.158011,28807
232,125,-1.002775,28862
233,125,1.058406,29017
233,126,-1.005953,29137
233,127,-1.003783,29212
234,127,1.125834,29292
235,127,1.082694,29407
235,128,-1.007819,29562
236,128,1.066467,29702
236,129,-1.008021,29862
236,130,-1.002825,29922
237,130,1.074339,30047
237,131,-1.002775,30102
237,132,-1.00681,30237
238,132,1.124169,30317
239,132,1.045612,30502
239,133,-1.003027,30562
239,134,-1.006861,30702
239,135,-1.008677,30877
239,136,-1.003027,30937
239,137,-1.002775,30992
240,137,1.073694,31117
240,138,-1.003279,31182
240,139,-1.003531,31252
241,139,1.119169,31337
241,140,-1.003027,31397
242,140,1.107819,31487
242,141,-1.003279,31552
242,142,-1.009081,31732
242,143,-1.002775,31787
242,144,-1.004742,31882
242,145,-1.00681,32017
242,146,-1.003279,32082
243,146,1.061651,32227
243,147,-1.002674,32282
244,147,1.038439,32487
244,148,-1.003279,32552
245,148,1.133203,32627
245,149,-1.005297,32732
246,149,1.056031,32892
247,149,1.056697,33047
247,150,-1.007063,33187
247,152,-2.003027,33247
248,152,1.152971,33312
248,154,-2.003027,33372
249,154,1.109096,33462
249,155,-1.003279,33527
249,156,-1.008475,33697
250,156,1.058406,33852
251,156,1.069525,33987
251,157,-1.006054,34107
251,158,-1.003279,34172
252,158,1.05797,34327
253,158,1.080153,34447
254,158,1.042519,34642
255,158,1.084289,34757
255,159,-1.010947,34977
255,160,-1.008324,35142
255,161,-1.007315,35287
256,161,1.160655,35352
257,161,1.076339,35477
257,162,-1.003531,35547
258,162,1.086194,35657
258,163,-1.001867,35697
259,163,1.072807,35827
259,164,-1.004591,35922
259,165,-1.003531,35992
260,165,1.05754,36147
260,166,-1.002472,36197
261,166,1.068377,36332
262,166,1.109096,36422
262,167,-1.003027,36482
263,167,1.081918,36597
264,167,1.131352,36672
264,168,-1.003279,36737
264,169,-1.002522,36787
264,170,-1.002169,36832
265,170,1.137062,36907
265,171,-1.002674,36962
265,172,-1.003784,37037
265,173,-1.006054,37157
265,174,-1.006306,37282
265,175,-1.002119,37327
266,175,1.071567,37457
267,175,1.117663,37542
267,176,-1.006306,37667
267,177,-1.006558,37797
268,177,1.059547,37947
269,177,1.065401,38087
270,177,1.054821,38247
270,178,-1.003027,38307
270,179,-1.002775,38362
271,179,1.099122,38462
272,179,1.116194,38547
273,179,1.062129,38692
274,179,1.084289,38807
275,179,1.062129,38952
276,179,1.098048,39052
277,179,1.096996,39152
277,180,-1.004036,39232
278,180,1.131352,39307
278,181,-1.007365,39457
279,181,1.078692,39577
279,182,-1.00227,39622
279,183,-1.007365,39772
279,184,-1.005247,39877
279,185,-1.003279,39942
279,186,-1.007063,40082
279,187,-1.007113,40227
279,188,-1.002421,40277
279,189,-1.002775,40332
280,189,1.079416,40452
280,190,-1.001917,40492
280,191,-1.004238,40577
280,192,-1.005347,40687
281,192,1.055623,40847
281,193,-1.006306,40972
282,193,1.048975,41147
282,194,-1.006558,41277
283,194,1.062615,41422
284,194,1.090857,41527
285,194,1.122546,41607
286,194,1.07728,41727
286,195,-1.003279,41792
286,196,-1.004692,41887
286,197,-1.003279,41952
287,197,1.103903,42047
288,197,1.083484,42162
288,198,-1.005095,42267
288,199,-1.003784,42342
289,199,1.03991,42542
289,200,-1.003279,42607
290,200,1.087043,42717
290,201,-1.005247,42822
291,201,1.059547,42972
292,201,1.06488,43112
293,201,1.119169,43197
293,202,-1.004692,43292
293,203,-1.003531,43362
294,203,1.067816,43497
294,204,-1.004944,43597
295,204,1.12955,43672
296,204,1.057116,43827
296,205,-1.00227,43872
296,206,-1.003027,43932
296,207,-1.003582,44007
297,207,1.083484,44122
297,208,-1.002775,44177
298,208,1.101591,44272
299,208,1.11476,44357
299,209,-1.003531,44427
300,209,1.083484,44542
301,209,1.096996,44642
302,209,1.062615,44787
303,209,1.099122,44887
303,210,-1.003783,44962
303,211,-1.006306,45087
303,212,-1.005297,45192
304,212,1.069525,45327
304,213,-1.005902,45447
305,213,1.066467,45587
306,213,1.072807,45717
306,214,-1.002825,45777
307,214,1.102734,45872
308,214,1.042246,46067
308,215,-1.00222,46112
309,215,1.090857,46217
309,216,-1.002775,46272
310,216,1.11476,46357
310,217,-1.002472,46407
310,218,-1.004641,46502
311,218,1.09179,46607
311,219,-1.006306,46732
312,219,1.042519,46927
313,219,1.098048,47027
313,220,-1.002018,47067
314,220,1.147984,47137
315,220,1.062129,47282
316,220,1.107819,47372
317,220,1.110402,47462
317,221,-1.003784,47537
317,222,-1.005701,47652
318,222,1.095965,47752
318,223,-1.004137,47837
318,224,-1.004036,47917
318,225,-1.00222,47962
318,226,-1.007466,48112
318,227,-1.003531,48182
318,228,-1.003027,48242
319,228,1.131352,48317
319,229,-1.009081,48497
319,230,-1.001362,48527
319,231,-1.003279,48592
319,232,-1.009081,48772
319,233,-1.004591,48867
320,233,1.09179,48972
320,234,-1.009081,49152
321,234,1.049311,49327
322,234,1.139326,49397
322,235,-1.004036,49477
323,235,1.158011,49542
323,236,-1.002775,49597
324,236,1.042246,49792
325,236,1.155451,49857
326,236,1.08536,49967
326,236,-0.002068371,50008
326,238,-2.008122,50128
327,238,1.087909,50238
328,238,1.082694,50353
328,239,-1.00787,50513
328,240,-1.003784,50588
328,241,-1.00454,50678
328,242,-1.002775,50733
328,243,-1.002775,50788
328,244,-1.006155,50913
328,245,-1.003784,50988
328,246,-1.003531,51058
328,247,-1.003027,51118
328,248,-1.003784,51193
329,248,1.090857,51298
329,249,-1.003027,51358
329,250,-1.002472,51408
330,250,1.090857,51513
330,251,-1.002775,51568
330,252,-1.008273,51733
330,253,-1.005448,51843
331,253,1.124169,51923
331,254,-1.002775,51978
331,255,-1.002371,52028
332,255,1.084289,52143
333,255,1.078692,52263
334,255,1.065401,52403
334,256,-1.005146,52508
334,257,-1.005398,52618
334,258,-1.005751,52733
335,258,1.087043,52843
336,258,1.06,52993
337,258,1.098048,53093
337,259,-1.006558,53223
337,260,-1.002472,53273
338,260,1.100471,53368
338,261,-1.006054,53488
339,261,1.116194,53573
339,262,-1.005801,53688
340,262,1.05522,53848
341,262,1.120964,53928
342,262,1.087909,54038
343,262,1.113359,54123
343,263,-1.003531,54193
343,264,-1.002775,54248
344,264,1.106571,54338
345,264,1.116194,54423
345,265,-1.003027,54483
345,267,-2.003279,54548
346,267,1.067264,54683
347,267,1.150567,54748
347,268,-1.007567,54898
347,269,-1.005448,55008
347,270,-1.002775,55063
347,271,-1.005549,55173
348,271,1.050595,55343
348,272,-1.003027,55403
348,273,-1.003027,55463
348,274,-1.002775,55518
349,274,1.067816,55653
350,274,1.053405,55818
350,275,-1.005701,55933
351,275,1.08879,56043
351,276,-1.00454,56133
352,276,1.040162,56333
352,277,-1.007819,56488
353,277,1.100471,56583
354,277,1.053788,56748
355,277,1.079416,56868
355,278,-1.006003,56988
355,279,-1.006306,57113
356,279,1.09179,57218
356,280,-1.006558,57348
356,281,-1.005398,57458
357,281,1.092742,57563
358,281,1.053026,57728
359,281,1.125834,57808
359,282,-1.006054,57928
359,283,-1.003784,58003
360,283,1.068947,58138
360,284,-1.006558,58268
360,285,-1.003027,58328
361,285,1.065401,58468
362,285,1.090857,58573
362,286,-1.005549,58683
362,287,-1.003279,58748
363,287,1.145723,58818
364,287,1.081155,58933
365,287,1.07798,59053
365,288,-1.010342,59258
366,288,1.150567,59323
366,289,-1.006054,59443
366,290,-1.005448,59553
367,290,1.081918,59668
367,291,-1.003279,59733
367,292,-1.002775,59788
367,293,-1.00454,59878
368,293,1.067816,60013
368,294,-1.004036,60093
369,294,1.087043,60203
369,295,-1.010745,60418
369,296,-1.009837,60613
370,296,1.094955,60713
371,296,1.080153,60833
371,297,-1.004742,60928
372,297,1.079416,61048
372,298,-1.00454,61138
372,299,-1.004692,61233
372,300,-1.00222,61278
372,301,-1.003279,61343
372,302,-1.004036,61423
372,303,-1.008677,61598
372,304,-1.006306,61723
373,304,1.060926,61873
373,305,-1.007769,62028
374,305,1.087909,62138
375,305,1.070961,62268
375,306,-1.003027,62328
375,307,-1.002674,62383
376,307,1.100471,62478
376,308,-1.003531,62548
376,309,-1.006054,62668
376,310,-1.002371,62718
377,310,1.155451,62783
377,311,-1.002371,62833
377,312,-1.004994,62933
377,313,-1.003783,63008
378,313,1.066467,63148
378,314,-1.004288,63233
379,314,1.055623,63393
380,314,1.139326,63463
380,315,-1.005247,63568
381,315,1.078692,63688
381,316,-1.006861,63828
382,316,1.122546,63908
382,317,-1.01009,64108
383,317,1.068377,64243
383,318,-1.006558,64373
384,318,1.048975,64548
384,319,-1.004641,64643
385,319,1.084289,64758
386,319,1.08536,64868
387,319,1.11476,64953
387,320,-1.004742,65048
388,320,1.11476,65133
389,320,1.103903,65228
389,321,-1.005095,65333
390,321,1.018199,65633
391,321,1.131352,65708
391,322,-1.002522,65758
392,322,1.047099,65938
393,322,1.040162,66138
394,322,1.053788,66303
394,323,-1.003027,66363
394,324,-1.00565,66478
395,324,1.046475,66658
395,325,-1.005801,66773
395,326,-1.005953,66893
396,326,1.095965,66993
396,327,-1.006558,67123
396,328,-1.006306,67248
396,329,-1.004036,67328
397,329,1.133203,67403
397,330,-1.006054,67523
397,331,-1.005297,67628
398,331,1.092742,67733
398,332,-1.003784,67808
398,333,-1.005398,67918
398,334,-1.003531,67988
398,335,-1.002775,68043
399,335,1.127543,68123
399,336,-1.003531,68193
399,337,-1.004238,68278
400,337,1.032065,68508
400,338,-1.007315,68653
400,339,-1.004238,68738
400,340,-1.002775,68793
400,341,-1.002775,68848
400,342,-1.00454,68938
400,343,-1.006306,69063
401,343,1.090857,69168
401,344,-1.002775,69223
402,344,1.11476,69308
403,344,1.092742,69413
404,344,1.120964,69493
405,344,1.068947,69628
405,345,-1.002724,69683
406,345,1.051304,69853
406,346,-1.006558,69983
406,347,-1.005196,70088
407,347,1.053026,70253
408,347,1.094955,70353
409,347,1.06,70503
409,348,-1.002774,70558
409,349,-1.008475,70728
409,350,-1.002068,70773
410,350,1.099122,70873
411,350,1.095965,70973
412,350,1.105098,71068
413,350,1.125834,71148
413,351,-1.002421,71198
414,351,1.087043,71308
414,352,-1.003784,71383
415,352,1.057116,71538
416,352,1.061651,71683
416,353,-1.003027,71743
417,353,1.122546,71823
417,354,-1.00565,71938
418,354,1.137062,72013
418,355,-1.007164,72158
419,355,1.131352,72233
420,355,1.075661,72358
421,355,1.074995,72483
422,355,1.075661,72608
423,355,1.124169,72688
424,355,1.145723,72758
424,356,-1.005146,72863
425,356,1.062615,73008
426,356,1.08536,73118
426,357,-1.006054,73238
427,357,1.053405,73403
428,357,1.100471,73498
428,358,-1.006054,73618
428,359,-1.005801,73733
428,360,-1.0056,73848
429,360,1.133203,73923
429,361,-1.00227,73968
430,361,1.079416,74088
431,361,1.113359,74173
432,361,1.065401,74313
433,361,1.078692,74433
433,362,-1.002724,74488
434,362,1.131352,74563
434,363,-1.003279,74628
434,364,-1.004036,74708
434,365,-1.002775,74763
435,365,1.109096,74853
436,365,1.087043,74963
436,365,-0.002320611,75009
436,366,-1.006104,75084
436,367,-1.005045,75184
437,367,1.072807,75314
438,367,1.127543,75394
439,367,1.16364,75454
440,367,1.095965,75554
441,367,1.119169,75639
442,367,1.093713,75744
443,367,1.068947,75879
444,367,1.05754,76034
444,368,-1.006962,76174
445,368,1.074339,76299
446,368,1.105098,76394
447,368,1.070961,76524
447,369,-1.006054,76644
447,370,-1.008072,76804
447,371,-1.005196,76909
447,372,-1.004036,76989
447,374,-2.009585,77179
448,374,1.096996,77279
449,374,1.056697,77434
449,375,-1.005297,77539
450,375,1.120964,77619
451,375,1.092742,77724
451,376,-1.004036,77804
452,376,1.117663,77889
453,376,1.06046,78039
454,376,1.070365,78169
455,376,1.105098,78264
455,377,-1.005196,78369
455,378,-1.006558,78499
455,379,-1.007416,78649
455,380,-1.003531,78719
456,380,1.087043,78829
457,380,1.101591,78924
457,381,-1.004036,79004
458,381,1.045015,79189
459,381,1.089941,79294
460,381,1.062615,79439
461,381,1.048643,79614
461,382,-1.003027,79674
462,382,1.05797,79829
463,382,1.080153,79949
464,382,1.082694,80064
464,383,-1.007315,80209
465,383,1.065401,80349
465,384,-1.004893,80449
465,385,-1.005347,80559
465,386,-1.002775,80614
465,387,-1.005701,80729
465,388,-1.003531,80799
466,388,1.116194,80884
467,388,1.07728,81004
467,389,-1.006054,81124
467,390,-1.007063,81264
467,391,-1.005802,81379
468,391,1.102734,81474
469,391,1.084289,81589
469,392,-1.0056,81704
469,393,-1.004994,81804
469,394,-1.003279,81869
469,395,-1.003027,81929
469,396,-1.005801,82044
470,396,1.08536,82154
470,397,-1.005701,82269
470,398,-1.003531,82339
470,399,-1.002775,82394
471,399,1.141396,82464
472,399,1.075661,82589
472,400,-1.013116,82849
472,401,-1.006054,82969
472,402,-1.006306,83094
472,403,-1.0056,83209
473,403,1.07798,83329
474,403,1.054428,83489
475,403,1.064366,83629
476,403,1.109096,83719
476,404,-1.00792,83879
476,405,-1.006054,83999
477,405,1.107819,84089
477,406,-1.003531,84159
478,406,1.106571,84249
478,407,-1.003027,84309
479,407,1.106571,84399
479,408,-1.002775,84454
480,408,1.106571,84544
480,409,-1.00222,84589
481,409,1.111739,84679
482,409,1.081155,84794
483,409,1.137062,84869
484,409,1.094955,84969
484,410,-1.006558,85099
485,410,1.062129,85244
486,410,1.058406,85399
487,410,1.086194,85509
487,411,-1.003279,85574
488,411,1.05797,85729
489,411,1.102734,85824
490,411,1.147984,85894
490,412,-1.002875,85954
490,413,-1.01009,86154
491,413,1.06593,86294
492,413,1.074995,86419
492,414,-1.004792,86514
493,414,1.069525,86649
494,414,1.06046,86799
495,414,1.107819,86889
495,415,-1.005297,86994
495,417,-2.006054,87114
495,418,-1.003027,87174
495,419,-1.006054,87294
496,419,1.095965,87394
497,419,1.109096,87484
498,419,1.111739,87574
499,419,1.133203,87649
500,419,1.035665,87864
501,419,1.150567,87929
501,420,-1.004288,88014
501,421,-1.002522,88064
502,421,1.07728,88184
502,422,-1.004591,88279
503,422,1.074339,88404
504,422,1.061651,88549
505,422,1.099122,88649
506,422,1.125834,88729
507,422,1.143528,88799
507,423,-1.003783,88874
507,424,-1.003784,88949
507,425,-1.003783,89024
508,425,1.067816,89159
508,426,-1.005398,89269
509,426,1.102734,89364
510,426,1.110402,89454
511,426,1.026506,89709
511,427,-1.003784,89784
511,428,-1.003027,89844
512,428,1.068947,89979
513,428,1.072182,90109
513,429,-1.004994,90209
514,429,1.08879,90319
514,430,-1.003027,90379
515,430,1.07798,90499
515,431,-1.00222,90544
515,432,-1.005801,90659
515,433,-1.005701,90774
515,434,-1.003027,90834
515,435,-1.003027,90894
516,435,1.079416,91014
517,435,1.076339,91139
517,437,-2.003027,91199
518,437,1.113359,91284
519,437,1.081155,91399
520,437,1.117663,91484
521,437,1.105098,91579
522,437,1.081918,91694
523,437,1.152971,91759
523,438,-1.003027,91819
524,438,1.056697,91974
525,438,1.096996,92074
525,439,-1.005953,92194
526,439,1.06488,92334
526,440,-1.003279,92399
527,440,1.102734,92494
528,440,1.032645,92724
528,441,-1.002724,92779
528,442,-1.005196,92884
529,442,1.074995,93009
529,443,-1.00565,93124
529,444,-1.004692,93219
530,444,1.090857,93324
530,445,-1.004439,93414
531,445,1.07728,93534
532,445,1.081918,93649
533,445,1.055623,93809
534,445,1.054821,93969
534,446,-1.00565,94084
534,447,-1.008173,94249
535,447,1.109096,94339
536,447,1.111739,94429
536,448,-1.006155,94554
537,448,1.09179,94659
538,448,1.043606,94849
538,449,-1.002775,94904
539,449,1.110402,94994
539,450,-1.003279,95059
539,451,-1.004641,95154
539,452,-1.005801,95269
539,453,-1.005801,95384
540,453,1.100471,95479
541,453,1.095965,95579
542,453,1.101591,95674
543,453,1.105098,95769
544,453,1.107819,95859
545,453,1.083484,95974
545,454,-1.003531,96044
546,454,1.124169,96124
547,454,1.036102,96339
548,454,1.08536,96449
549,454,1.099122,96549
549,455,-1.0056,96664
549,456,-1.003531,96734
549,457,-1.006306,96859
550,457,1.051665,97029
551,457,1.089941,97134
552,457,1.090857,97239
552,458,-1.00681,97374
553,458,1.083484,97489
554,458,1.117663,97574
555,458,1.093713,97679
555,459,-1.003784,97754
555,460,-1.006306,97879
555,461,-1.003027,97939
555,462,-1.003279,98004
555,463,-1.004893,98104
555,464,-1.00454,98194
555,465,-1.002573,98249
555,466,-1.003027,98309
555,467,-1.00454,98399
555,468,-1.006558,98529
556,468,1.067264,98664
557,468,1.070365,98794
558,468,1.100471,98889
559,468,1.048975,99064
559,469,-1.002119,99109
560,469,1.05522,99269
560,470,-1.003077,99334
561,470,1.070961,99464
561,471,-1.004036,99544
561,472,-1.007567,99694
562,472,1.078692,99814
562,473,-1.003027,99874
562,474,-1.003027,99934
562,474,-0.003834047,100010
562,475,-1.001999,100055
562,476,-0.996547,100185
562,477,-0.9905404,100315
562,478,-1.001867,100355
563,478,1.070446,100515
563,479,-0.9924037,100675
564,479,1.080898,100815
564,480,-0.9970515,100955
564,481,-0.9990224,101015
565,481,1.096,101135
565,482,-0.9945449,101265
565,483,-0.9902882,101390
565,484,-1.001277,101455
566,484,1.081832,101590
566,485,-0.9950494,101730
566,486,-0.9984642,101900
566,488,-1.998297,102025
566,489,-0.9987701,102080
567,489,1.121115,102175
567,490,-0.9904836,102290
568,490,1.07156,102440
568,491,-0.9993219,102625
568,492,-1.000318,102675
568,493,-0.9983381,102780
568,494,-0.9988868,102880
568,495,-0.9937881,102995
569,495,1.029864,103285
569,496,-0.9946144,103340
570,496,1.06867,103505
570,497,-0.9977926,103620
571,497,1.08313,103765
571,498,-0.9967681,103820
571,499,-0.9925426,103950
571,500,-0.9932681,104015
571,501,-0.9985336,104105
572,501,1.079417,104245
572,502,-0.9983667,104295
573,502,1.122416,104385
573,503,-0.9897993,104540
573,504,-0.9981649,104585
573,505,-0.9992747,104650
573,506,-0.9947658,104705
574,506,1.091996,104825
574,507,-0.9958217,105020
575,507,1.054567,105235
575,508,-0.9970202,105295
575,509,-1.003326,105480
575,510,-1.005445,105710
575,511,-0.9945448,105840
575,512,-0.9962949,105965
575,513,-0.9965471,106095
575,514,-0.9952701,106160
575,515,-0.9967681,106215
576,515,1.089712,106340
576,516,-0.9967681,106395
577,516,1.079122,106545
577,517,-1.003027,106605
577,518,-1.000722,106660
578,518,1.088385,106790
578,519,-1.005026,106970
578,520,-0.9977927,107085
578,521,-0.9938858,107195
578,522,-0.9962949,107320
578,523,-0.9962949,107445
578,524,-0.9969856,107545
579,524,1.09671,107660
580,524,1.071131,107815
581,524,1.096712,107935
581,525,-0.9975246,108005
582,525,1.104873,108110
583,525,1.103927,108220
583,526,-0.9957905,108335
583,527,-0.9890113,108395
584,527,1.0953,108515
585,527,1.058127,108730
586,527,1.072049,108890
586,528,-0.9983632,109060
586,529,-0.997777,109135
586,530,-0.9946836,109240
586,531,-0.9961122,109285
586,532,-0.9942074,109450
587,532,1.069422,109615
587,533,-0.9922904,109740
588,533,1.074016,109890
589,533,1.090827,110020
590,533,1.10876,110125
590,534,-0.9945953,110260
591,534,1.092708,110380
591,535,-0.9940246,110460
591,536,-0.9920225,110540
592,536,1.09471,110660
592,537,-0.9967681,110715
593,537,1.054456,110920
593,538,-0.9989878,111020
594,538,1.076478,111170
594,539,-0.9972724,111235
594,540,-0.9967679,111290
595,540,1.078021,111440
595,541,-0.992574,111650
596,541,1.091996,111770
596,542,-0.9947658,111825
596,543,-0.9887904,111960
596,544,-0.9935516,112110
596,545,-0.9922904,112235
596,546,-0.9886358,112360
596,547,-0.9999654,112400
596,548,-0.9976413,112515
596,549,-0.9917703,112590
596,550,-0.9946806,112685
596,551,-1.000536,112775
597,551,1.060259,112945
598,551,1.086198,113075
598,552,-0.9962634,113120
599,552,1.066808,113300
599,553,-0.9990225,113360
599,554,-0.9897679,113435
599,555,-0.9932679,113500
600,555,1.07381,113665
600,556,-0.9922903,113790
601,556,1.120587,113880
602,556,1.079417,114020
602,557,-0.9920381,114140
603,557,1.102212,114250
603,558,-1.001025,114310
603,559,-0.993268,114375
604,559,1.088981,114505
604,560,-0.9915493,114655
604,561,-0.9900203,114735
604,562,-0.9912657,114800
605,562,1.090357,114925
606,562,1.122757,115020
607,562,1.091996,115140
607,563,-0.9990696,115320
608,563,1.066995,115495
608,564,-0.9902881,115620
609,564,1.105063,115730
610,564,1.105959,115835
611,564,1.071986,115990
611,565,-0.9967681,116045
612,565,1.096712,116165
613,565,1.082485,116305
613,566,-1.000772,116360
614,566,1.073643,116520
614,567,-0.9905248,116610
614,568,-0.9967681,116665
614,569,-0.9972726,116730
615,569,1.096361,116855
615,570,-1.001277,116920
615,571,-0.9951851,117025
616,571,1.063936,117210
617,571,1.061665,117385
617,572,-0.9934855,117495
618,572,1.091589,117625
618,573,-0.9975718,117815
618,574,-0.9970202,117875
619,574,1.097686,118000
620,574,1.052279,118230
621,574,1.083834,118365
621,575,-0.9962097,118530
622,575,1.096712,118650
622,576,-0.9882858,118775
622,577,-0.9950179,118835
623,577,1.111012,118935
623,578,-0.997758,119090
624,578,1.106875,119195
625,578,1.062199,119385
625,579,-1.000772,119440
625,580,-0.989768,119515
625,581,-0.9904269,119615
625,582,-1.000772,119670
626,582,1.113985,119770
626,583,-0.9959574,119930
626,584,-0.991786,120045
627,584,1.060801,120225
627,585,-0.9970202,120285
627,586,-0.9940247,120365
628,586,1.105806,120470
628,587,-1.001025,120530
628,588,-0.9957903,120645
629,588,1.098173,120765
630,588,1.123926,120860
630,589,-0.9890269,120960
631,589,1.067122,121140
631,590,-0.9983285,121345
631,591,-1.000551,121475
632,591,1.0975,121590
632,592,-0.9920382,121710
632,593,-0.9935203,121780
632,594,-0.9968341,121880
632,595,-0.9969856,121980
633,595,1.127116,122070
633,596,-0.9931324,122175
633,597,-0.9926279,122270
634,597,1.122589,122360
635,597,1.060266,122555
636,597,1.114066,122655
636,598,-0.9915494,122805
636,599,-0.9888251,122905
637,599,1.143561,122985
637,600,-1.000772,123040
638,600,1.078633,123185
638,601,-0.9940403,123305
639,601,1.0683,123470
640,601,1.088703,123590
641,601,1.083282,123725
642,601,1.080961,123860
643,601,1.058488,124040
643,602,-0.9940405,124160
644,602,1.030346,124450
644,603,-0.9980134,124490
644,604,-0.9985841,124585
644,605,-0.9990225,124645
644,606,-0.9950179,124705
644,607,-0.9929306,124805
644,608,-0.9992748,124870
645,608,1.093297,124990
645,608,0.002945074,125011
645,609,-0.9905753,125081
646,609,1.066966,125251
647,609,1.093717,125376
647,610,-0.994324,125581
648,610,1.090202,125711
648,611,-0.9957905,125826
649,611,1.091295,125946
649,612,-0.9925427,126076
649,613,-1.001797,126191
650,613,1.052472,126421
651,613,1.082975,126551
651,614,-0.9940405,126671
651,615,-1.001277,126736
652,615,1.108971,126836
652,616,-0.9922904,126961
653,616,1.059729,127156
654,616,1.097437,127276
655,616,1.090202,127406
656,616,1.133381,127491
657,616,1.09671,127606
658,616,1.08482,127736
659,616,1.072674,127901
660,616,1.082393,128036
661,616,1.074476,128186
661,617,-0.9964654,128236
661,618,-0.9981144,128281
662,618,1.080898,128421
662,619,-1.002775,128476
662,620,-0.9970202,128536
662,621,-0.9925617,128591
662,622,-0.9972848,128816
662,623,-1.000299,128941
663,623,1.09471,129061
663,624,-0.9920381,129181
663,625,-0.9986694,129236
664,625,1.086383,129366
665,625,1.106875,129471
666,625,1.082386,129611
666,626,-0.9984137,129781
666,627,-0.9992747,129846
666,628,-0.9980449,129966
666,629,-0.9947658,130021
666,630,-1.001393,130131
666,631,-1.001122,130186
666,632,-0.9922336,130296
666,633,-0.9990224,130356
666,634,-0.9940405,130476
666,635,-0.9977769,130551
666,636,-0.9952859,130656
666,637,-0.9930157,130716
667,637,1.104214,130826
668,637,1.129759,130916
668,638,-0.9965315,131006
669,638,1.089712,131131
670,638,1.114066,131231
670,640,-1.99877,131286
671,640,1.066667,131451
671,641,-0.9960617,131496
672,641,1.083421,131636
672,642,-0.9899855,131756
672,643,-0.9957746,131831
672,644,-0.9915493,131981
673,644,1.093297,132101
673,645,-0.9927949,132236
673,646,-0.9920381,132356
674,646,1.090827,132486
674,647,-1.000098,132611
674,648,-0.9948381,132726
674,649,-0.9990225,132786
674,650,-1.001025,132846
674,651,-0.997824,133041
675,651,1.08771,133166
676,651,1.076145,133311
677,651,1.080482,133461
677,652,-0.9977769,133536
678,652,1.096712,133656
678,653,-1.002589,133751
679,653,1.066613,133921
680,653,1.067331,134096
681,653,1.093432,134216
681,654,-0.9973195,134401
682,654,1.028842,134711
682,655,-0.9984171,134761
682,656,-0.9952701,134826
683,656,1.045666,135086
684,656,1.11675,135181
684,657,-0.9960425,135301
685,657,1.072421,135456
686,657,1.095434,135576
686,658,-0.9920382,135696
687,658,1.092708,135816
688,658,1.067122,135996
689,658,1.086383,136126
689,659,-0.9942927,136251
690,659,1.06532,136421
690,660,-0.9946806,136516
691,660,1.070446,136676
692,660,1.048789,136896
692,661,-0.9985841,136991
693,661,1.135187,137076
693,662,-0.999527,137146
694,662,1.106875,137251
695,662,1.05669,137451
696,662,1.091714,137576
697,662,1.058194,137766
698,662,1.069422,137931
699,662,1.070047,138091
700,662,1.103927,138201
701,662,1.087546,138336
701,663,-0.997777,138411
702,663,1.084965,138546
702,664,-0.9945449,138676
702,665,-0.9906761,138771
703,665,1.073988,138926
703,666,-0.9995269,138996
703,667,-0.9947971,139131
703,668,-0.9960425,139251
703,669,-1.000772,139306
704,669,1.063913,139496
704,670,-0.9990224,139556
705,670,1.064263,139726
705,671,-0.9967679,139781
705,672,-0.9895313,139891
706,672,1.080635,140036
706,673,-1.000804,140171
706,674,-1.000772,140226
706,675,-0.9930157,140286
706,676,-0.9992746,140351
707,676,1.101954,140456
707,677,-0.9987701,140511
707,678,-0.9987702,140566
707,679,-0.9989216,140626
707,680,-0.9960427,140746
708,680,1.092167,140866
709,680,1.045894,141116
709,681,-0.9938195,141311
709,682,-0.9892634,141376
709,683,-0.9893801,141486
710,683,1.089712,141611
710,684,-0.997777,141686
711,684,1.124591,141776
711,685,-0.9935863,141891
712,685,1.121835,141981
713,685,1.138564,142061
713,686,-0.9971177,142246
714,686,1.077562,142401
714,687,-0.9963801,142491
714,688,-0.9972726,142556
714,689,-0.9907926,142691
715,689,1.110879,142796
716,689,1.0882,142926
716,690,-0.9927949,143061
716,691,-1.003027,143121
717,691,1.104808,143231
717,692,-0.9932681,143296
717,693,-0.9922904,143421
717,695,-1.993315,143606
718,695,1.067042,143771
719,695,1.125114,143861
719,696,-1.000772,143916
719,697,-0.9983823,144006
719,698,-0.9945449,144136
720,698,1.075645,144296
721,698,1.088355,144421
722,698,1.119113,144516
722,699,-0.9925269,144606
723,699,1.105806,144711
723,700,-0.9860158,144791
723,701,-0.991565,144981
723,702,-0.9952859,145086
723,703,-1.000299,145211
724,703,1.085708,145336
724,704,-0.9970202,145396
724,705,-0.9942771,145481
725,705,1.081832,145616
726,705,1.062609,145786
726,706,-0.9953173,145971
727,706,1.057062,146161
728,706,1.092357,146286
729,706,1.078895,146426
730,706,1.111983,146526
731,706,1.090357,146651
732,706,1.053967,146861
733,706,1.096,146981
733,707,-1.003784,147056
734,707,1.095434,147176
734,708,-0.9937881,147291
734,709,-1.001444,147401
735,709,1.063629,147591
736,709,1.088385,147721
736,710,-0.9963801,147811
736,711,-0.9962602,147976
736,712,-0.9925427,148106
736,713,-0.9977927,148221
736,714,-0.9943084,148386
736,715,-0.9926279,148481
737,715,1.092708,148601
738,715,1.083421,148741
739,715,1.07556,148896
739,716,-0.9945796,148991
739,717,-0.9907612,149046
740,717,1.115016,149146
741,717,1.098002,149266
741,718,-0.995018,149326
741,719,-0.9992557,149471
741,720,-0.9955382,149581
742,720,1.093681,149706
742,721,-0.9972726,149771
743,721,1.107931,149881
743,723,-2.002302,150006
743,723,0.0021,150012
743,724,-0.9989248,150072
744,724,1.062199,150262
744,725,-1.00215,150387
744,726,-1.001781,150462
744,727,-0.9898247,150557
745,727,1.093015,150682
746,727,1.084027,150832
747,727,1.065758,151012
747,728,-0.9991926,151127
747,729,-0.9944631,151177
747,730,-0.9942926,151302
747,731,-0.9970202,151362
748,731,1.060539,151557
748,732,-0.9950841,151662
749,732,1.082485,151802
749,733,-0.9907926,151937
749,734,-0.9907769,152032
749,735,-0.9965471,152162
749,736,-0.9971368,152267
750,736,1.061911,152457
750,737,-0.9935201,152527
751,737,1.072304,152692
752,737,1.065439,152897
752,738,-0.9909788,152997
753,738,1.059278,153207
754,738,1.07027,153377
754,739,-1.004304,153502
754,740,-0.9960426,153622
754,741,-0.9910448,153762
755,741,1.088981,153892
755,742,-0.9943779,153982
755,743,-0.9997792,154057
756,743,1.064442,154257
757,743,1.080023,154407
757,744,-0.9920382,154527
757,745,-0.9940403,154647
757,746,-1.001141,154752
758,746,1.067671,154927
758,747,-0.9993218,155112
759,747,1.047579,155352
760,747,1.079671,155497
760,748,-0.9925426,155627
760,749,-0.9993218,155812
761,749,1.072304,155977
761,750,-0.9928769,156067
761,751,-0.9856246,156172
761,752,-0.9934855,156282
761,753,-0.9936368,156397
761,754,-0.9917858,156512
761,755,-0.9895975,156667
761,756,-0.9970202,156727
761,757,-0.9895627,156917
761,758,-0.9952703,156982
761,759,-0.9964463,157112
762,759,1.09471,157232
763,759,1.104719,157347
763,760,-0.9930158,157407
763,761,-0.9970202,157467
763,762,-0.988453,157637
763,763,-0.9940404,157757
763,764,-0.9970612,157797
764,764,1.05943,157977
764,765,-0.9930818,158082
764,766,-1.001828,158277
764,767,-0.9962949,158402
764,768,-0.9884216,158492
765,768,1.088385,158622
766,768,1.083675,158767
767,768,1.080023,158917
768,768,1.131121,159007
768,769,-0.993268,159072
768,770,-0.9900358,159192
768,771,-0.991786,159307
768,772,-0.9983823,159397
768,773,-0.9920225,159477
768,774,-0.9930819,159582
768,775,-0.9900358,159702
769,775,1.08639,159842
769,777,-1.989058,160022
770,777,1.066335,160197
770,778,-0.999694,160312
771,778,1.093717,160437
772,778,1.11807,160537
772,779,-0.9990224,160597
772,780,-1.000145,160712
772,781,-0.9852179,160802
773,781,1.069638,160962
773,782,-0.9957903,161077
773,783,-0.9940405,161197
773,784,-0.9957082,161362
773,785,-0.9970359,161462
773,786,-0.9937378,161577
774,786,1.087634,161722
774,787,-0.9932681,161787
774,788,-0.9957903,161902
774,789,-0.9967681,161957
774,790,-0.9937314,162057
774,791,-0.9937882,162172
774,792,-0.9917355,162287
775,792,1.08395,162427
775,793,-0.999527,162497
775,794,-0.9930157,162557
775,795,-0.9967681,162612
776,795,1.086383,162742
776,796,-0.9935863,162857
777,796,1.073427,163022
777,797,-0.9975248,163092
777,798,-0.990036,163212
777,799,-0.9905404,163342
778,799,1.106216,163452
779,799,1.09702,163577
780,799,1.064611,163747
780,800,-0.9984833,163837
780,801,-0.9977927,163952
780,802,-0.9930627,164132
780,803,-0.996547,164262
780,804,-0.9928801,164362
781,804,1.102717,164477
781,805,-0.9920381,164597
781,806,-0.9917858,164712
782,806,1.081673,164857
782,807,-0.9920537,165017
782,808,-1.001025,165077
783,808,1.059186,165282
783,809,-0.9872925,165427
783,810,-0.9966859,165532
784,810,1.048718,165767
784,811,-0.9917355,165882
785,811,1.082152,166027
785,812,-0.9992747,166092
785,813,-0.9895627,166282
786,813,1.065938,166467
786,814,-0.9953269,166552
787,814,1.080898,166692
787,815,-0.9938858,166802
787,816,-0.9938039,166957
787,817,-1.000551,167087
787,818,-0.9959104,167127
787,819,-0.9889261,167227
787,820,-0.9948127,167402
787,821,-0.994009,167442
788,821,1.0953,167562
788,822,-0.9952355,167667
788,823,-0.9915338,167777
788,824,-0.9961657,167832
788,825,-0.9962948,167957
788,826,-0.9906224,168042
788,827,-0.9912816,168147
788,828,-0.9994923,168257
789,828,1.084902,168397
789,829,-0.9910449,168537
789,830,-1.000772,168592
790,830,1.10418,168712
790,831,-1.003027,168772
790,832,-0.9989878,168872
791,832,1.077562,169027
791,833,-0.988759,169082
792,833,1.091589,169212
793,833,1.077623,169357
794,833,1.102719,169477
795,833,1.062741,169662
795,834,-0.995018,169722
795,835,-0.9873083,169907
795,836,-0.9909284,170007
795,837,-0.9950179,170067
795,838,-0.9957903,170182
795,839,-0.9912657,170247
795,841,-1.985779,170362
796,841,1.064495,170542
796,842,-0.9957746,170617
796,843,-0.9917355,170732
796,844,-0.9970202,170792
796,845,-0.998045,170912
796,846,-0.9894747,171007
797,846,1.05212,171222
798,846,1.084953,171372
798,847,-0.990036,171492
798,848,-0.9985495,171622
799,848,1.07914,171777
799,849,-0.9940405,171897
799,850,-0.9927635,171952
799,851,-0.9822636,172037
799,852,-0.9935201,172107
800,852,1.079671,172252
801,852,1.074844,172412
801,853,-0.9955224,172482
801,854,-0.9955225,172552
801,855,-0.9898247,172647
801,856,-0.9908084,172822
801,857,-0.9987703,172877
801,858,-0.9987703,172932
801,859,-0.9972725,172997
802,859,1.056949,173197
802,860,-0.9936368,173312
802,861,-0.9907927,173447
802,862,-0.9900202,173527
802,863,-0.9942074,173692
802,864,-0.9880337,173812
802,865,-0.9930314,173912
802,866,-0.992574,174122
802,867,-0.9953868,174232
802,868,-0.991852,174392
803,868,1.087008,174517
803,869,-0.9955224,174587
803,870,-0.9903039,174752
804,870,1.062741,174937
804,870,0.004174915,175013
804,871,-0.9968498,175073
804,872,-0.9987702,175128
804,873,-0.9970863,175233
804,874,-0.9857792,175348
805,874,1.069762,175528
806,874,1.068968,175698
806,875,-0.9973891,175808
806,876,-0.9885381,175938
807,876,1.10318,176053
807,877,-0.9940403,176173
808,877,1.071676,176348
808,878,-0.9950179,176408
808,879,-1.001463,176568
808,880,-0.9911301,176673
808,881,-0.9987702,176728
808,882,-0.9860314,176848
808,883,-0.9925774,176943
808,884,-0.9937881,177058
809,884,1.066663,177233
809,885,-0.9940403,177353
810,885,1.099022,177478
810,886,-0.9928801,177578
810,887,-0.999306,177723
810,888,-0.987277,177828
810,889,-0.9822791,177953
810,890,-0.9857445,178108
810,891,-0.9905246,178198
810,892,-0.999795,178313
810,893,-0.9890583,178493
811,893,1.079246,178653
811,894,-0.9889261,178753
811,895,-0.9937882,178868
811,896,-0.998786,178963
811,897,-1.003027,179023
812,897,1.081567,179178
812,898,-0.989506,179353
812,899,-0.9905057,179523
812,900,-0.9987702,179578
813,900,1.079995,179733
813,901,-0.9947971,179868
813,902,-0.9876836,179993
813,903,-0.9992747,180058
814,903,1.062131,180273
814,904,-0.9949676,180333
815,904,1.0685,180513
815,905,-0.986249,180678
815,906,-0.9957747,180753
815,907,-0.9873084,180938
815,908,-0.9872927,181083
815,909,-0.991786,181198
815,910,-0.9878128,181393
815,911,-0.9948319,181493
815,912,-0.9974552,181643
815,913,-0.9965472,181773
815,914,-0.9889261,181873
815,915,-0.9830516,182053
815,916,-0.9882858,182178
815,917,-0.9965472,182308
815,918,-0.9937724,182383
815,919,-0.9845337,182513
815,920,-0.986148,182678
816,920,1.065635,182863
816,921,-0.9925931,182998
816,922,-0.9957905,183113
816,923,-0.9957747,183188
816,924,-0.998518,183238
816,925,-0.9941761,183323
816,926,-0.9970612,183363
816,927,-0.9946112,183408
816,928,-0.9893769,183508
816,929,-0.9988015,183643
817,929,1.073329,183813
817,930,-0.9947658,183868
817,931,-0.9929811,183968
818,931,1.07267,184143
818,932,-0.9908082,184318
818,933,-1.002301,184443
818,934,-0.9947657,184498
818,935,-0.9981649,184543
818,936,-0.9805858,184693
819,936,1.075692,184863
819,937,-0.9950651,185043
820,937,1.083126,185193
820,938,-0.9908587,185373
820,940,-1.993788,185488
820,941,-0.9905248,185578
820,942,-0.9885382,185708
820,943,-0.990036,185828
820,944,-0.991256,185998
820,945,-0.9900674,186198
820,946,-0.9885381,186328
821,946,1.066663,186503
821,947,-0.9907926,186638
822,947,1.081567,186793
822,948,-0.998297,186918
822,949,-0.9927635,186973
822,950,-0.9943274,187063
823,950,1.083145,187218
823,951,-0.9917858,187333
823,952,-0.9952702,187398
823,953,-0.9862837,187523
823,954,-1.000132,187608
823,955,-0.9970202,187668
823,956,-0.9907579,187843
823,957,-0.9917858,187958
824,957,1.092397,188098
824,958,-0.9947816,188193
824,959,-0.9985493,188323
825,959,1.058461,188528
825,961,-1.987504,188703
826,961,1.077647,188863
826,962,-0.9867724,188958
827,962,1.061742,189168
827,963,-0.9937882,189283
827,964,-0.9935203,189353
827,965,-0.996768,189408
827,966,-0.9905908,189543
827,967,-0.9907926,189678
827,968,-0.9906224,189763
827,969,-0.9950179,189823
827,970,-0.9982971,189948
828,970,1.043728,190198
828,971,-0.9962949,190323
828,972,-1.002775,190378
828,973,-0.9952703,190443
829,973,1.089152,190598
829,974,-0.9957746,190673
829,975,-0.9925426,190803
830,975,1.081249,190963
830,976,-0.9905403,191093
830,977,-0.9895157,191163
830,978,-0.9882858,191288
830,979,-1.000621,191343
830,980,-0.9860314,191463
830,981,-0.9847859,191598
830,982,-0.9885225,191688
830,983,-0.9904239,191778
830,984,-0.9908082,191953
830,985,-0.9927636,192008
830,986,-0.9959574,192168
830,987,-0.9940404,192288
830,988,-0.9905404,192418
830,989,-0.9932679,192483
831,989,1.094976,192618
831,990,-0.996547,192748
832,990,1.084487,192898
833,990,1.111189,193013
833,991,-0.9882859,193138
834,991,1.097557,193273
834,992,-0.9984676,193323
834,993,-0.9905403,193453
834,994,-0.9898151,193648
834,995,-0.9991547,193793
835,995,1.075813,193958
836,995,1.05701,194213
836,996,-0.9909284,194313
837,996,1.072448,194473
837,997,-0.9943117,194523
837,998,-0.9926246,194608
837,999,-0.9865358,194738
837,1000,-0.993268,194803
837,1001,-1.001431,194883
838,1001,1.069674,195058
838,1002,-0.9883172,195263
838,1003,-0.9845336,195393
838,1004,-0.9945607,195563
838,1005,-0.9895315,195673
838,1006,-0.9918173,195868
838,1007,-0.9905403,195998
838,1008,-0.9927635,196053
838,1009,-0.9942926,196178
839,1009,1.062268,196373
839,1010,-0.9942074,196538
839,1011,-1.00192,196588
839,1012,-0.9978117,196628
839,1013,-0.991398,196778
839,1014,-0.9920225,196858
839,1015,-0.9855269,196968
839,1016,-0.9890427,197108
839,1017,-0.9860315,197228
839,1018,-0.9947972,197363
839,1019,-0.9960427,197483
839,1020,-0.9910605,197663
839,1021,-0.9882859,197788
839,1022,-0.9987703,197843
839,1023,-1.000772,197898
839,1024,-0.9920539,198058
839,1026,-1.997272,198123
839,1027,-0.9945135,198173
839,1028,-0.9848015,198348
839,1029,-0.9964654,198398
839,1030,-0.9957903,198513
839,1031,-0.9962097,198678
839,1032,-0.9997793,198753
840,1032,1.070618,198923
840,1033,-0.9893453,199073
840,1034,-0.9910449,199213
840,1035,-1.000772,199268
840,1036,-0.988147,199423
841,1036,1.073678,199598
841,1037,-0.9981649,199643
841,1038,-0.9986157,199688
841,1039,-0.9914833,199798
841,1040,-0.9993314,199883
841,1041,-0.9929903,200008
841,1041,-0.0003026885,200014
841,1043,-1.986955,200189
842,1043,1.083701,200359
842,1044,-0.9880337,200479
843,1044,1.060288,200709
843,1045,-0.984997,200874
843,1046,-0.988806,201049
843,1047,-0.9920381,201169
843,1048,-0.9990224,201229
843,1049,-0.996815,201404
843,1050,-0.9925426,201534
843,1051,-0.9845338,201664
843,1052,-1.001967,201704
843,1053,-0.9941761,201789
843,1054,-0.9964619,201959
843,1055,-0.9977769,202034
844,1055,1.076674,202209
844,1057,-1.993788,202324
844,1058,-0.9902881,202449
844,1059,-0.9927635,202504
844,1060,-0.9961122,202549
844,1061,-0.9917703,202624
844,1062,-0.9868702,202714
844,1063,-0.9987702,202769
844,1064,-1.002775,202824
844,1065,-0.9902882,202949
844,1066,-0.9970202,203009
844,1067,-0.9920381,203129
844,1068,-0.9932679,203194
844,1069,-0.9837925,203349
845,1069,1.076346,203524
845,1070,-0.9943336,203629
845,1071,-0.9952703,203694
846,1071,1.066709,203899
846,1072,-0.9800717,204139
846,1073,-0.9956042,204294
846,1074,-0.9877815,204409
846,1075,-0.9967679,204464
846,1076,-0.9915179,204534
846,1077,-0.9942926,204659
846,1078,-0.991953,204819
846,1080,-1.994292,204944
846,1081,-0.9950494,205084
846,1082,-0.9893801,205194
846,1083,-0.9880998,205359
846,1084,-1.000082,205444
846,1085,-0.9931828,205549
846,1086,-0.9962602,205714
846,1087,-0.9930819,205819
846,1088,-0.996547,205949
846,1089,-0.9987702,206004
846,1090,-0.9930157,206064
846,1091,-0.9947658,206119
846,1092,-0.9947971,206254
846,1093,-0.9865707,206349
846,1094,-0.9888756,206449
846,1095,-0.9925836,206559
846,1096,-0.9960427,206679
846,1097,-0.993268,206744
846,1098,-0.9942926,206869
846,1099,-0.9972314,206959
847,1099,1.094407,207094
847,1100,-0.9942926,207219
848,1100,1.074212,207409
848,1101,-0.9900359,207529
848,1102,-0.9896828,207644
848,1103,-0.9906791,207749
848,1104,-0.9912814,207854
848,1105,-0.9926814,207959
848,1106,-0.9967681,208014
848,1107,-0.9920539,208174
848,1108,-0.9825881,208324
848,1109,-0.9932333,208429
848,1110,-0.9937726,208504
848,1111,-0.9922052,208669
848,1112,-1.000687,208764
848,1113,-0.9979597,208924
848,1114,-0.9875606,209114
848,1115,-0.9907926,209249
848,1116,-0.9856435,209404
849,1116,1.07267,209579
849,1117,-0.9949833,209679
849,1118,-0.9961122,209724
849,1119,-0.9904743,209814
849,1120,-0.9983381,209919
849,1121,-0.9953017,210064
849,1122,-0.9977769,210139
849,1123,-0.9925114,210189
849,1124,-0.9935359,210299
849,1126,-1.995522,210369
849,1127,-0.9867882,210504
849,1128,-0.9967679,210559
849,1129,-0.9957336,210659
849,1130,-0.9983318,210749
849,1131,-0.9988016,210884
849,1132,-0.9885382,211014
849,1133,-0.984786,211149
849,1134,-0.989648,211304
849,1135,-0.9935201,211374
849,1136,-0.9875605,211564
849,1137,-0.9811694,211669
849,1138,-0.9963644,211719
849,1139,-0.9894747,211814
849,1140,-0.9960425,211934
849,1141,-0.9983162,211984
849,1142,-0.9960426,212104
849,1143,-0.9880336,212224
849,1144,-0.9885381,212354
849,1145,-0.9962949,212479
849,1146,-0.9962948,212604
849,1147,-0.9897838,212719
849,1148,-0.9941256,212804
849,1149,-1.000772,212859
849,1150,-0.9937724,212934
849,1151,-0.9997948,213049
849,1152,-0.9885382,213179
849,1153,-0.9867882,213314
849,1154,-0.9898497,213474
849,1155,-0.9807814,213609
849,1156,-0.9945291,213699
849,1157,-0.9945448,213829
849,1158,-0.9937882,213944
849,1159,-0.9944631,213994
849,1160,-0.9907579,214169
849,1161,-0.9943274,214259
849,1162,-0.985306,214444
849,1163,-0.9945858,214554
849,1164,-0.9880337,214674
849,1165,-0.9873082,214859
849,1166,-0.9818627,215074
849,1167,-0.9900359,215194
849,1168,-0.9860314,215314
849,1169,-0.9857791,215429
849,1170,-0.9898846,215549
849,1171,-0.9860314,215669
849,1172,-0.9989373,215769
849,1173,-0.9794351,215919
849,1174,-0.9860314,216039
849,1175,-0.9845337,216169
849,1176,-0.9890583,216349
850,1176,1.092036,216499
850,1177,-0.9920381,216619
850,1178,-0.9865358,216749
850,1179,-0.9932994,216894
850,1180,-0.9872265,216999
850,1181,-1.000772,217054
850,1182,-0.9907771,217149
850,1183,-0.991786,217264
851,1183,1.082826,217444
851,1184,-0.9890993,217604
851,1185,-0.989768,217679
851,1186,-0.9967679,217734
851,1187,-0.995453,217884
851,1188,-0.9863689,217974
851,1189,-0.9903734,218064
852,1189,1.081249,218224
852,1190,-0.9970202,218284
852,1191,-0.9868038,218459
852,1192,-0.9987701,218514
853,1192,1.073644,218699
853,1193,-0.9816926,218864
853,1194,-1.000772,218919
854,1194,1.071922,219109
855,1194,1.067942,219309
855,1195,-0.9930975,219454
855,1196,-0.989897,219604
855,1197,-0.9922904,219729
856,1197,1.075448,219909
856,1198,-0.9972725,219974
856,1199,-0.9855583,220164
856,1201,-1.999022,220224
856,1202,-0.9937881,220339
856,1203,-0.9931828,220444
857,1203,1.067942,220644
857,1204,-0.9905403,220774
857,1205,-0.9929654,220834
858,1205,1.088004,220989
858,1206,-0.9897993,221144
858,1207,-0.9902881,221269
858,1208,-0.9976381,221374
858,1209,-0.9942579,221539
858,1210,-1.001025,221599
858,1211,-0.9878666,221679
859,1211,1.076679,221844
859,1212,-0.9918017,221999
859,1213,-0.995018,222059
860,1213,1.082685,222224
861,1213,1.078455,222384
861,1214,-0.9924858,222499
861,1215,-0.9821435,222664
861,1216,-0.9893104,222849
861,1217,-0.9942359,222959
861,1218,-0.9966167,223014
861,1219,-0.9936873,223129
861,1220,-0.9910606,223309
861,1221,-0.9882858,223434
861,1222,-0.9865012,223604
861,1223,-0.9872612,223669
862,1223,1.08603,223819
862,1224,-0.997777,223894
862,1225,-0.9990225,223954
862,1226,-0.9922903,224079
863,1226,1.070449,224279
864,1226,1.082433,224434
865,1226,1.081652,224594
865,1227,-0.993536,224704
865,1228,-0.9932333,224809
866,1228,1.076679,224974
866,1228,0.001936115,225015
866,1229,-0.9927949,225110
866,1230,-0.9862836,225235
866,1231,-0.9977769,225310
866,1232,-0.9911805,225415
866,1233,-0.9894462,225565
866,1234,-0.9820269,225685
867,1234,1.073948,225885
868,1234,1.080281,226055
868,1235,-0.9897836,226170
868,1236,-0.9942926,226295
868,1237,-1.001277,226360
868,1238,-0.9865358,226490
868,1239,-0.997777,226565
868,1240,-0.9899948,226710
868,1241,-0.9802769,226835
868,1242,-0.9912658,226900
868,1243,-0.9865358,227030
868,1244,-0.9930157,227090
868,1245,-0.9937882,227205
868,1246,-0.999568,227255
868,1247,-0.9920382,227375
868,1248,-0.9880337,227495
868,1250,-1.983499,227670
868,1251,-0.9945136,227720
868,1252,-0.9800562,227920
868,1253,-0.9983162,227970
868,1254,-0.9904239,228060
868,1255,-0.9956612,228105
868,1256,-0.9937881,228220
868,1257,-0.9946301,228315
868,1258,-1.000772,228370
868,1259,-0.9920381,228490
868,1260,-0.9873493,228655
868,1261,-0.9880336,228775
868,1262,-0.9977769,228850
868,1264,-1.990707,229025
868,1265,-0.9975247,229095
868,1266,-0.9913224,229180
868,1267,-0.9937534,229335
868,1268,-0.9913318,229445
868,1269,-0.9901747,229540
868,1270,-0.9977769,229615
868,1271,-0.9871948,229770
868,1272,-0.9801949,229945
868,1273,-0.9840291,230065
868,1274,-0.9892793,230170
868,1276,-1.994766,230225
868,1277,-0.9897838,230340
868,1278,-0.9860315,230460
868,1279,-0.9847859,230595
869,1279,1.07672,230800
869,1280,-0.9949485,230940
869,1281,-0.9925993,231090
869,1282,-0.9907926,231225
869,1283,-0.9957905,231340
869,1284,-0.9885381,231470
869,1285,-0.999527,231540
869,1286,-0.9977925,231655
869,1287,-0.9964654,231705
869,1288,-0.9882858,231830
869,1289,-0.9871761,231935
869,1290,-0.9920382,232055
869,1291,-1.000318,232105
869,1292,-0.9895313,232215
869,1293,-0.9830515,232395
869,1294,-0.9947658,232450
869,1295,-0.9954529,232600
869,1296,-0.9889261,232700
869,1297,-0.9880336,232820
869,1298,-0.9920381,232940
869,1299,-0.9904047,233110
869,1300,-0.9926783,233205
869,1301,-0.9944127,233255
869,1302,-0.9865358,233385
869,1303,-0.9837925,233540
869,1304,-1.000819,233715
869,1305,-0.9860314,233835
869,1306,-0.9908336,233950
869,1307,-0.988286,234075
870,1307,1.079335,234245
870,1308,-0.9905248,234335
870,1309,-0.9970202,234395
870,1310,-0.9900515,234555
870,1311,-0.9957747,234630
870,1312,-0.9902313,234740
870,1313,-0.9929811,234840
871,1313,1.090494,234990
871,1314,-0.9948475,235130
871,1315,-0.9884813,235245
872,1315,1.090735,235400
872,1316,-0.9930157,235460
872,1317,-0.991786,235575
872,1318,-0.9832881,235720
872,1319,-0.9877972,235875
872,1320,-0.9947658,235930
872,1321,-0.9971873,236035
872,1322,-0.9877813,236150
872,1323,-0.9942926,236275
872,1324,-0.9830515,236455
872,1325,-0.9928296,236555
872,1326,-0.9887903,236690
872,1327,-0.9987605,236850
872,1328,-0.9868038,237025
872,1329,-1.000939,237125
872,1330,-0.9860975,237290
872,1331,-0.9830863,237435
872,1332,-0.9900358,237555
872,1333,-1.00047,237605
872,1335,-1.99702,237665
872,1336,-0.9874788,237775
872,1337,-0.9913823,237885
872,1338,-0.9838903,238035
872,1339,-0.9893296,238145
872,1340,-0.9986346,238240
872,1341,-0.9968846,238340
872,1342,-0.9852746,238445
872,1343,-0.9858105,238640
872,1344,-0.9910135,238700
872,1345,-0.9810338,238840
872,1346,-0.9952291,238930
872,1347,-0.9887052,239105
872,1348,-0.9877813,239220
872,1349,-0.9862836,239345
872,1350,-0.9957747,239420
872,1351,-0.9876806,239535
872,1352,-0.9983162,239585
872,1353,-0.9897993,239740
872,1355,-1.986652,239915
872,1356,-0.9885381,240045
872,1357,-0.9985684,240100
872,1358,-0.9940404,240220
872,1359,-1.000268,240265
872,1360,-0.9986851,240360
872,1361,-0.987056,240540
873,1361,1.083438,240705
873,1362,-1.002049,240825
873,1363,-0.9880337,240945
873,1364,-0.9877815,241060
873,1365,-0.9935203,241130
874,1365,1.081347,241305
875,1365,1.075082,241495
875,1366,-1.001797,241610
875,1367,-0.9888251,241710
875,1368,-0.9897679,241785
875,1369,-0.9885381,241915
875,1370,-0.9908274,242015
875,1371,-0.9915338,242125
875,1372,-0.9868229,242225
875,1373,-0.9945102,242395
875,1374,-0.9975247,242465
875,1375,-0.983556,242655
875,1376,-0.9801413,242820
875,1377,-0.9882859,242945
875,1378,-0.9860724,243045
876,1378,1.087578,243195
876,1379,-0.9952702,243260
876,1380,-0.9937724,243335
876,1381,-0.9997791,243410
876,1382,-0.9992747,243475
876,1383,-0.993268,243540
876,1384,-0.9902881,243665
876,1385,-0.9827836,243800
876,1386,-0.9890112,243860
876,1387,-0.995453,244010
876,1388,-0.9932681,244075
876,1389,-0.9935203,244145
877,1389,1.079135,244325
877,1390,-0.9757993,244520
877,1391,-0.9952702,244585
877,1392,-0.9890583,244765
877,1393,-0.9918993,244915
877,1394,-0.9952701,244980
877,1395,-0.9947657,245035
877,1396,-0.9868385,245175
877,1397,-0.9870405,245315
877,1398,-0.9963296,245405
877,1399,-0.9805292,245535
877,1400,-0.9929336,245645
877,1401,-0.9928105,245820
877,1403,-1.996042,245940
877,1404,-0.9937882,246055
877,1405,-0.9937725,246130
877,1406,-0.9920381,246250
878,1406,1.075951,246450
879,1406,1.070714,246655
879,1407,-0.9930158,246715
879,1408,-0.993268,246780
879,1409,-0.9890583,246960
879,1410,-0.9873273,247070
879,1411,-0.9942769,247155
879,1412,-0.9901716,247240
879,1413,-0.9960774,247325
879,1414,-1.001882,247405
879,1415,-0.9940751,247490
879,1416,-0.9979157,247540
879,1417,-0.9900359,247660
879,1418,-0.9962636,247705
879,1419,-0.9974836,247800
879,1420,-0.9893105,247985
879,1421,-0.9875606,248175
879,1422,-0.9842814,248300
879,1423,-0.9867882,248435
879,1424,-0.9937724,248510
879,1425,-0.9947657,248565
879,1426,-0.9922904,248690
879,1427,-0.9823925,248850
879,1428,-0.9821404,249005
879,1429,-0.9903448,249150
879,1430,-0.990597,249300
879,1431,-0.9897836,249415
880,1431,1.076277,249585
880,1432,-0.9880337,249705
880,1434,-1.993016,249765
880,1435,-0.9902881,249890
