Goals,Deaths,Reward,Step 
0,0,0,0
1,0,1.072993,140
1,1,-1,405
1,2,-1,530
1,3,-1,790
2,3,1.054348,975
3,3,1.059172,1145
3,4,-1,1300
3,5,-1,1470
3,6,-1,1790
4,6,1.074074,1925
4,7,-1,2135
5,7,1.082645,2260
5,8,-1,2405
6,8,1.064935,2560
7,8,1.052356,2755
8,8,1.072993,2895
9,8,1.096154,3000
10,8,1.096154,3105
11,8,1.071429,3245
12,8,1.102041,3345
12,9,-1,3350
12,10,-1,3555
12,11,-1,3690
12,12,-1,3785
12,13,-1,3905
13,13,1.093458,4015
14,13,1.064516,4170
15,13,1.081301,4295
16,13,1.059172,4465
16,14,-1,4620
16,15,-1,4755
16,16,-1,4970
17,16,1.095238,5075
17,17,-1,5375
18,17,1.048544,5585
18,18,-1,5715
19,18,1.042918,5950
19,19,-1,6100
19,20,-1,6275
20,20,1.103093,6375
21,20,1.107527,6470
22,20,1.084034,6590
23,20,1.096154,6695
24,20,1.05618,6875
24,21,-1,7010
25,21,1.091743,7120
26,21,1.075758,7255
26,22,-1,7340
27,22,1.05814,7515
27,23,-1,7775
27,24,-1,7895
28,24,1.043103,8130
28,25,-1,8215
28,26,-1,8370
29,26,1.055249,8555
30,26,1.082645,8680
30,27,-1,8840
30,28,-1,8970
31,28,1.07874,9100
31,29,-1,9485
32,29,1.053476,9675
33,29,1.080645,9800
33,30,-1,9975
34,30,1.066225,10130
35,30,1.036232,10410
36,30,1.05848,10585
37,30,1.045455,10805
37,31,-1,10955
37,32,-1,11140
37,33,-1,11265
37,34,-1,11375
38,34,1.073529,11515
38,35,-1,11645
39,35,1.086957,11760
40,35,1.060976,11925
41,35,1.059524,12095
42,35,1.063291,12255
42,36,-1,12435
42,37,-1,12620
42,38,-1,12785
42,39,-1,13000
43,39,1.102041,13100
43,40,-1,13280
43,41,-1,13440
43,42,-1,13610
43,43,-1,13795
43,44,-1,13990
44,44,1.095238,14095
45,44,1.043103,14330
46,44,1.050761,14530
46,45,-1,14715
46,46,-1,14835
46,47,-1,14930
47,47,1.08547,15050
48,47,1.058824,15220
48,48,-1,15330
49,48,1.066667,15480
49,49,-1,15535
50,49,1.064103,15695
51,49,1.08547,15815
52,49,1.050251,16015
53,49,1.057471,16190
54,49,1.091743,16300
54,50,-1,16500
54,51,-1,16680
54,52,-1,16925
55,52,1.10101,17025
56,52,1.051546,17220
57,52,1.047619,17430
58,52,1.04878,17635
58,53,-1,17775
58,54,-1,17985
59,54,1.043478,18215
60,54,1.04878,18420
60,55,-1,18565
60,56,-1,18715
61,56,1.068493,18865
61,57,-1,19060
61,58,-1,19165
61,59,-1,19330
62,59,1.102041,19430
62,60,-1,19660
62,61,-1,19805
62,62,-1,19915
63,62,1.05291,20105
64,62,1.086957,20220
65,62,1.072993,20360
66,62,1.053763,20550
66,63,-1,20690
66,64,-1,20780
67,64,1.052083,20975
68,64,1.107527,21070
68,65,-1,21180
69,65,1.079365,21310
69,66,-1,21415
69,67,-1,21600
70,67,1.032154,21915
70,68,-1,22135
70,69,-1,22315
70,70,-1,22495
70,71,-1,22635
71,71,1.126582,22715
71,72,-1,22880
71,73,-1,23010
71,74,-1,23210
71,75,-1,23350
71,76,-1,23470
71,77,-1,23620
71,78,-1,23765
72,78,1.091743,23875
73,78,1.068027,24025
73,79,-1,24150
74,79,1.070423,24295
74,80,-1,24455
74,81,-1,24615
75,81,1.070922,24760
75,82,-1,24925
76,82,1.0625,25085
76,83,-1,25255
76,84,-1,25335
77,84,1.057143,25510
77,85,-1,25730
78,85,1.075758,25865
79,85,1.06135,26030
79,86,-1,26220
79,87,-1,26350
79,88,-1,26500
79,89,-1,26670
79,90,-1,26785
79,91,-1,26940
80,91,1.103093,27040
81,91,1.070922,27185
82,91,1.05,27385
83,91,1.059524,27555
83,92,-1,27800
84,92,1.10989,27895
85,92,1.05291,28085
85,93,-1,28205
85,94,-1,28345
86,94,1.091743,28455
87,94,1.04902,28660
87,95,-1,28840
87,96,-1,29025
87,97,-1,29115
88,97,1.081967,29240
89,97,1.096154,29345
89,98,-1,29495
89,99,-1,29620
89,100,-1,29775
90,100,1.051546,29970
91,100,1.064103,30130
91,101,-1,30365
92,101,1.05102,30565
93,101,1.09901,30670
93,102,-1,30815
94,102,1.136986,30890
95,102,1.069444,31035
96,102,1.063694,31195
97,102,1.036364,31470
98,102,1.055556,31650
98,103,-1,31840
99,103,1.062893,32000
100,103,1.046083,32220
100,104,-1,32450
100,105,-1,32625
101,105,1.104167,32725
102,105,1.08547,32845
102,106,-1,32990
102,107,-1,33195
102,108,-1,33390
103,108,1.05,33590
103,109,-1,33855
103,110,-1,34090
103,111,-1,34185
104,111,1.08,34310
105,111,1.072993,34450
105,112,-1,34575
106,112,1.044444,34800
107,112,1.142857,34870
107,113,-1,35100
107,114,-1,35320
108,114,1.107527,35415
108,115,-1,35555
109,115,1.058824,35725
109,116,-1,35900
109,117,-1,36210
110,117,1.138889,36285
111,117,1.060241,36455
111,118,-1,36780
111,119,-1,36940
112,119,1.076336,37075
112,120,-1,37220
113,120,1.084746,37340
113,121,-1,37475
113,122,-1,37665
114,122,1.051546,37860
114,123,-1,38090
114,124,-1,38290
115,124,1.113636,38380
115,125,-1,38555
115,126,-1,38735
116,126,1.024096,39150
117,126,1.055556,39330
118,126,1.076336,39465
118,127,-1,39630
119,127,1.084746,39750
119,128,-1,39870
119,129,-1,39990
120,129,1.05848,40165
120,130,-1,40290
120,131,-1,40410
121,131,1.065789,40565
121,132,-1,40735
122,132,1.083333,40855
123,132,1.069444,41000
124,132,1.060976,41165
124,133,-1,41390
124,134,-1,41580
125,134,1.066225,41735
126,134,1.103093,41835
127,134,1.081301,41960
127,135,-1,42145
127,136,-1,42340
128,136,1.093458,42450
128,137,-1,42685
129,137,1.08547,42805
130,137,1.038168,43070
130,138,-1,43230
130,139,-1,43375
131,139,1.056497,43555
131,140,-1,43665
132,140,1.095238,43770
133,140,1.066667,43920
133,141,-1,44010
133,142,-1,44195
133,143,-1,44380
133,144,-1,44515
134,144,1.050251,44715
134,145,-1,44845
135,145,1.065359,45000
136,145,1.123457,45085
137,145,1.041494,45330
138,145,1.093458,45440
139,145,1.114943,45530
139,146,-1,45640
139,147,-1,45760
140,147,1.057471,45935
141,147,1.054054,46120
141,148,-1,46295
141,149,-1,46435
141,150,-1,46610
141,151,-1,46845
142,151,1.084746,46965
142,152,-1,47080
142,153,-1,47190
142,154,-1,47310
143,154,1.053763,47500
144,154,1.068493,47650
145,154,1.054945,47835
145,155,-1,48035
146,155,1.05814,48210
146,156,-1,48390
147,156,1.047619,48600
147,157,-1,48745
148,157,1.076336,48880
148,158,-1,48975
149,158,1.05814,49150
149,159,-1,49265
150,159,1.046296,49485
151,159,1.06993,49630
152,159,1.05102,49830
153,159,1.064103,49990
153,160,-1,50165
153,161,-1,50375
153,162,-1,50590
154,162,1.106383,50685
155,162,1.087719,50800
155,163,-1,50925
155,164,-1,51035
155,165,-1,51155
155,166,-1,51335
155,167,-1,51470
155,168,-1,51580
156,168,1.07874,51710
157,168,1.033223,52015
157,169,-1,52110
157,170,-1,52315
158,170,1.103093,52415
159,170,1.088496,52530
159,171,-1,52685
160,171,1.071429,52825
160,172,-1,53015
160,173,-1,53125
161,173,1.083333,53245
162,173,1.075758,53380
162,174,-1,53560
162,175,-1,53685
162,176,-1,53790
163,176,1.065359,53945
163,177,-1,54135
163,178,-1,54250
163,179,-1,54390
163,180,-1,54400
164,180,1.108696,54495
164,181,-1,54570
165,181,1.076336,54705
165,182,-1,54840
165,183,-1,54980
165,184,-1,55190
165,185,-1,55365
165,186,-1,55520
165,187,-1,55650
166,187,1.06135,55815
166,188,-1,55905
167,188,1.096154,56010
168,188,1.044643,56235
168,189,-1,56295
169,189,1.05848,56470
170,189,1.057471,56645
171,189,1.07874,56775
171,190,-1,56875
172,190,1.061728,57040
173,190,1.079365,57170
173,191,-1,57225
174,191,1.120482,57310
174,192,-1,57425
175,192,1.064103,57585
176,192,1.070423,57730
176,193,-1,57835
177,193,1.063694,57995
178,193,1.091743,58105
178,194,-1,58245
178,195,-1,58360
178,196,-1,58550
179,196,1.106383,58645
180,196,1.060976,58810
180,197,-1,59020
180,198,-1,59165
181,198,1.095238,59270
181,199,-1,59425
181,200,-1,59570
182,200,1.073529,59710
182,201,-1,59840
182,202,-1,60035
182,203,-1,60145
182,204,-1,60265
183,204,1.060241,60435
184,204,1.121951,60520
184,205,-1,60660
185,205,1.140845,60735
186,205,1.050761,60935
187,205,1.080645,61060
188,205,1.087719,61175
189,205,1.09009,61290
190,205,1.080645,61415
190,206,-1,61530
191,206,1.09434,61640
191,207,-1,61780
191,208,-1,61880
191,209,-1,62060
192,209,1.051282,62255
192,210,-1,62515
193,210,1.1,62615
194,210,1.078125,62745
195,210,1.074074,62880
196,210,1.11236,62970
197,210,1.047393,63185
197,211,-1,63320
198,211,1.037879,63585
198,212,-1,63720
199,212,1.077519,63850
199,213,-1,63985
200,213,1.051546,64180
201,213,1.084034,64300
202,213,1.074074,64435
203,213,1.076923,64565
204,213,1.104167,64665
205,213,1.113636,64755
205,214,-1,64890
205,215,-1,65010
205,216,-1,65195
206,216,1.062893,65355
206,217,-1,65490
207,217,1.063694,65650
207,218,-1,65780
208,218,1.066225,65935
209,218,1.045249,66160
209,219,-1,66280
210,219,1.108696,66375
210,220,-1,66540
211,220,1.05291,66730
212,220,1.068493,66880
212,221,-1,66995
212,222,-1,67080
212,223,-1,67305
212,224,-1,67480
212,225,-1,67615
212,226,-1,67745
212,227,-1,67865
213,227,1.097087,67970
214,227,1.0625,68130
214,228,-1,68245
214,229,-1,68360
214,230,-1,68505
214,231,-1,68615
214,232,-1,68780
215,232,1.084746,68900
216,232,1.102041,69000
217,232,1.113636,69090
218,232,1.081301,69215
218,233,-1,69390
218,234,-1,69550
218,235,-1,69850
218,236,-1,69970
219,236,1.055866,70150
220,236,1.056818,70330
220,237,-1,70555
220,238,-1,70640
221,238,1.072464,70780
222,238,1.046083,71000
222,239,-1,71130
223,239,1.037736,71395
223,240,-1,71510
223,241,-1,71700
224,241,1.119048,71785
225,241,1.09009,71900
226,241,1.09009,72015
226,242,-1,72190
226,243,-1,72390
227,243,1.097087,72495
228,243,1.06993,72640
228,244,-1,72815
228,245,-1,73085
229,245,1.057143,73260
230,245,1.053763,73450
231,245,1.081967,73575
231,246,-1,73765
231,247,-1,73900
232,247,1.043478,74130
232,248,-1,74360
232,249,-1,74485
233,249,1.081967,74610
234,249,1.10989,74705
234,250,-1,74835
235,250,1.090909,74945
236,250,1.055249,75130
237,250,1.079365,75260
237,251,-1,75440
237,252,-1,75575
238,252,1.082645,75700
239,252,1.056818,75880
240,252,1.062893,76040
240,253,-1,76195
240,254,-1,76295
240,255,-1,76515
241,255,1.073529,76655
242,255,1.078125,76785
243,255,1.065789,76940
243,256,-1,77070
243,257,-1,77200
244,257,1.077519,77330
245,257,1.092593,77440
245,258,-1,77590
245,259,-1,77685
245,260,-1,77875
246,260,1.080645,78000
247,260,1.116279,78090
248,260,1.065789,78245
248,261,-1,78455
248,262,-1,78615
249,262,1.084746,78735
250,262,1.05988,78905
250,263,-1,79070
250,264,-1,79285
251,264,1.073529,79425
252,264,1.088496,79540
252,265,-1,79700
252,266,-1,79880
253,266,1.080645,80005
254,266,1.092593,80115
254,267,-1,80210
254,268,-1,80335
254,269,-1,80450
255,269,1.050251,80650
256,269,1.123457,80735
256,270,-1,80910
257,270,1.064103,81070
257,271,-1,81205
258,271,1.064103,81365
259,271,1.060976,81530
260,271,1.09009,81645
261,271,1.117647,81730
261,272,-1,81870
262,272,1.047847,82080
263,272,1.091743,82190
263,273,-1,82380
264,273,1.031646,82700
265,273,1.08,82825
266,273,1.056818,83005
266,274,-1,83205
267,274,1.087719,83320
267,275,-1,83430
267,276,-1,83565
268,276,1.060976,83730
268,277,-1,83895
268,278,-1,84025
268,279,-1,84175
269,279,1.105263,84270
269,280,-1,84595
269,281,-1,84715
269,282,-1,84845
269,283,-1,84905
270,283,1.077519,85035
271,283,1.084746,85155
271,284,-1,85250
272,284,1.060606,85415
273,284,1.057471,85590
274,284,1.113636,85680
275,284,1.068966,85825
275,285,-1,86015
276,285,1.092593,86125
277,285,1.064516,86280
278,285,1.067114,86430
278,286,-1,86570
279,286,1.052632,86760
280,286,1.090909,86870
281,286,1.116279,86960
281,287,-1,87145
281,288,-1,87305
282,288,1.095238,87410
283,288,1.060241,87580
284,288,1.08547,87700
284,289,-1,88030
285,289,1.064935,88185
285,290,-1,88350
286,290,1.083333,88470
287,290,1.06993,88615
287,291,-1,88740
287,292,-1,88890
287,293,-1,89015
287,294,-1,89270
288,294,1.126582,89350
289,294,1.047847,89560
289,295,-1,89710
289,296,-1,89915
289,297,-1,90075
290,297,1.05618,90255
291,297,1.05988,90425
291,298,-1,90590
292,298,1.071429,90730
293,298,1.058824,90900
293,299,-1,91110
294,299,1.106383,91205
294,300,-1,91290
295,300,1.081301,91415
295,301,-1,91520
296,301,1.082645,91645
296,302,-1,91825
297,302,1.05988,91995
298,302,1.107527,92090
298,303,-1,92315
298,304,-1,92450
298,305,-1,92590
298,306,-1,92665
298,307,-1,92850
299,307,1.074074,92985
299,308,-1,93145
300,308,1.092593,93255
301,308,1.08547,93375
301,309,-1,93490
302,309,1.086207,93610
303,309,1.080645,93735
304,309,1.068966,93880
305,309,1.079365,94010
305,310,-1,94205
306,310,1.092593,94315
306,311,-1,94425
307,311,1.067568,94575
307,312,-1,94700
307,313,-1,94855
308,313,1.086207,94975
308,314,-1,95085
308,315,-1,95220
309,315,1.1,95320
309,316,-1,95480
310,316,1.111111,95570
310,317,-1,95720
310,318,-1,95840
311,318,1.060241,96010
312,318,1.082645,96135
313,318,1.067568,96285
314,318,1.080645,96410
314,319,-1,96535
314,320,-1,96640
314,321,-1,96795
315,321,1.079365,96925
316,321,1.087719,97040
316,322,-1,97155
317,322,1.09901,97260
317,323,-1,97380
317,324,-1,97570
317,325,-1,97710
317,326,-1,97830
318,326,1.05,98030
319,326,1.058824,98200
320,326,1.062112,98365
320,327,-1,98535
320,328,-1,98650
320,329,-1,98755
320,330,-1,98905
320,331,-1,99210
320,332,-1,99370
321,332,1.11236,99460
322,332,1.075758,99595
322,333,-1,99730
322,334,-1,99875
322,335,-1,100100
322,336,-1,100270
322,337,-1,100475
323,337,1.049751,100680
323,338,-1,100780
324,338,1.070423,100925
325,338,1.055249,101110
325,339,-1,101245
326,339,1.05814,101420
326,340,-1,101575
327,340,1.077519,101705
328,340,1.0625,101865
329,340,1.09901,101970
329,341,-1,102210
330,341,1.084034,102330
330,342,-1,102475
330,343,-1,102630
331,343,1.087719,102745
332,343,1.088496,102860
332,344,-1,102920
332,345,-1,103075
332,346,-1,103210
333,346,1.054945,103395
334,346,1.04329,103630
334,347,-1,103800
334,348,-1,103965
335,348,1.064935,104120
335,349,-1,104220
335,350,-1,104355
336,350,1.117647,104440
336,351,-1,104565
336,352,-1,104685
336,353,-1,104850
336,354,-1,104995
337,354,1.049505,105200
337,355,-1,105375
337,356,-1,105520
337,357,-1,105655
337,358,-1,105815
337,359,-1,105825
338,359,1.076336,105960
338,360,-1,106025
338,361,-1,106105
338,362,-1,106295
338,363,-1,106390
339,363,1.107527,106485
339,364,-1,106720
340,364,1.1,106820
341,364,1.09009,106935
342,364,1.10101,107035
342,365,-1,107095
343,365,1.075188,107230
344,365,1.111111,107320
344,366,-1,107430
344,367,-1,107575
345,367,1.054945,107760
345,368,-1,107885
346,368,1.102041,107985
347,368,1.086207,108105
347,369,-1,108220
348,369,1.15625,108285
348,370,-1,108535
349,370,1.077519,108665
349,371,-1,108790
350,371,1.065789,108945
351,371,1.043103,109180
351,372,-1,109325
352,372,1.098039,109430
353,372,1.06993,109575
354,372,1.142857,109645
354,373,-1,109830
354,374,-1,109915
355,374,1.098039,110020
356,374,1.086957,110135
357,374,1.090909,110245
358,374,1.060606,110410
358,375,-1,110530
359,375,1.120482,110615
360,375,1.09901,110720
361,375,1.080645,110845
362,375,1.106383,110940
363,375,1.113636,111030
363,376,-1,111185
364,376,1.073529,111325
365,376,1.116279,111415
365,377,-1,111580
365,378,-1,111745
366,378,1.107527,111840
367,378,1.10101,111940
368,378,1.064516,112095
369,378,1.09009,112210
370,378,1.057471,112385
370,379,-1,112540
370,380,-1,112675
371,380,1.063694,112835
372,380,1.077519,112965
372,381,-1,113180
372,382,-1,113360
372,383,-1,113545
372,384,-1,113675
372,385,-1,113815
373,385,1.10101,113915
373,386,-1,114055
373,387,-1,114230
374,387,1.039683,114485
374,388,-1,114635
374,389,-1,114745
375,389,1.082645,114870
376,389,1.103093,114970
376,390,-1,115130
376,391,-1,115280
377,391,1.1,115380
378,391,1.064103,115540
379,391,1.072464,115680
379,392,-1,115800
380,392,1.104167,115900
381,392,1.086957,116015
382,392,1.055249,116200
383,392,1.086957,116315
383,393,-1,116485
383,394,-1,116650
384,394,1.077519,116780
385,394,1.048309,116990
386,394,1.072993,117130
387,394,1.068493,117280
387,395,-1,117400
388,395,1.061728,117565
389,395,1.048077,117775
389,396,-1,117960
390,396,1.092593,118070
390,397,-1,118205
391,397,1.147059,118275
392,397,1.070423,118420
392,398,-1,118535
393,398,1.087719,118650
393,399,-1,118875
394,399,1.06993,119020
395,399,1.076923,119150
396,399,1.08,119275
397,399,1.126582,119355
397,400,-1,119490
398,400,1.081301,119615
399,400,1.042017,119855
399,401,-1,119980
399,402,-1,120120
399,403,-1,120275
399,404,-1,120405
400,404,1.042194,120645
401,404,1.075758,120780
402,404,1.076923,120910
403,404,1.054054,121095
404,404,1.074627,121230
404,405,-1,121445
404,406,-1,121615
405,406,1.105263,121710
406,406,1.05848,121885
407,406,1.113636,121975
407,407,-1,122105
407,408,-1,122275
408,408,1.09901,122380
409,408,1.050505,122580
409,409,-1,122705
409,410,-1,122900
410,410,1.107527,122995
410,411,-1,123170
410,412,-1,123300
411,412,1.07874,123430
412,412,1.06993,123575
413,412,1.053192,123765
414,412,1.074074,123900
414,413,-1,124085
415,413,1.10101,124185
416,413,1.10989,124280
417,413,1.096154,124385
417,414,-1,124525
418,414,1.097087,124630
418,415,-1,124885
419,415,1.125,124965
420,415,1.078125,125095
420,416,-1,125220
421,416,1.05814,125395
421,417,-1,125605
422,417,1.071429,125745
422,418,-1,125875
422,419,-1,125880
422,420,-1,126045
422,421,-1,126105
423,421,1.08,126230
423,422,-1,126410
424,422,1.072993,126550
424,423,-1,126690
425,423,1.054348,126875
425,424,-1,127020
426,424,1.060976,127185
427,424,1.078125,127315
428,424,1.060976,127480
429,424,1.04717,127695
429,425,-1,127825
429,426,-1,127930
430,426,1.104167,128030
431,426,1.098039,128135
431,427,-1,128330
432,427,1.1,128430
433,427,1.068966,128575
434,427,1.088496,128690
434,428,-1,128830
435,428,1.081967,128955
436,428,1.08547,129075
437,428,1.069444,129220
438,428,1.08,129345
438,429,-1,129465
439,429,1.079365,129595
440,429,1.064935,129750
441,429,1.04902,129955
442,429,1.070423,130100
442,430,-1,130215
443,430,1.082645,130340
444,430,1.138889,130415
444,431,-1,130580
444,432,-1,130700
444,433,-1,130825
445,433,1.05618,131005
446,433,1.086957,131120
447,433,1.096154,131225
447,434,-1,131330
447,435,-1,131455
447,436,-1,131545
448,436,1.083333,131665
449,436,1.074074,131800
449,437,-1,131910
449,438,-1,132055
450,438,1.075188,132190
451,438,1.061728,132355
451,439,-1,132510
452,439,1.086957,132625
453,439,1.09434,132735
454,439,1.08,132860
454,440,-1,133040
455,440,1.098039,133145
456,440,1.046729,133360
456,441,-1,133415
456,442,-1,133420
456,443,-1,133630
457,443,1.11236,133720
458,443,1.066225,133875
459,443,1.091743,133985
460,443,1.119048,134070
461,443,1.084034,134190
462,443,1.09901,134295
463,443,1.086957,134410
464,443,1.071942,134550
464,444,-1,134685
464,445,-1,134890
465,445,1.07874,135020
465,446,-1,135160
466,446,1.076336,135295
466,447,-1,135495
466,448,-1,135685
467,448,1.082645,135810
468,448,1.098039,135915
469,448,1.128205,135995
470,448,1.10989,136090
471,448,1.106383,136185
472,448,1.103093,136285
473,448,1.05814,136460
473,449,-1,136580
474,449,1.075188,136715
475,449,1.082645,136840
476,449,1.088496,136955
476,450,-1,137130
477,450,1.068966,137275
478,450,1.062112,137440
479,450,1.095238,137545
480,450,1.105263,137640
481,450,1.078125,137770
481,451,-1,137965
481,452,-1,138095
482,452,1.102041,138195
483,452,1.083333,138315
483,453,-1,138435
484,453,1.078125,138565
485,453,1.125,138645
485,454,-1,138800
485,455,-1,138995
486,455,1.055249,139180
486,456,-1,139350
486,457,-1,139485
486,458,-1,139600
486,459,-1,139715
486,460,-1,139975
486,461,-1,140115
487,461,1.084034,140235
488,461,1.088496,140350
488,462,-1,140510
488,463,-1,140765
488,464,-1,140900
488,465,-1,141035
488,466,-1,141200
489,466,1.123457,141285
490,466,1.133333,141360
490,467,-1,141515
490,468,-1,141655
490,469,-1,141795
491,469,1.076336,141930
492,469,1.111111,142020
492,470,-1,142190
493,470,1.103093,142290
494,470,1.082645,142415
494,471,-1,142570
495,471,1.09009,142685
496,471,1.073529,142825
496,472,-1,142950
496,473,-1,143125
497,473,1.1,143225
497,474,-1,143360
498,474,1.083333,143480
498,475,-1,143595
498,476,-1,143720
498,477,-1,143935
498,478,-1,144065
499,478,1.07874,144195
500,478,1.065789,144350
501,478,1.053476,144540
501,479,-1,144600
502,479,1.098039,144705
502,480,-1,144910
502,481,-1,145085
503,481,1.086207,145205
503,482,-1,145335
503,483,-1,145505
504,483,1.049261,145710
505,483,1.09434,145820
505,484,-1,145950
506,484,1.12987,146030
506,485,-1,146140
507,485,1.084746,146260
508,485,1.096154,146365
509,485,1.09901,146470
510,485,1.082645,146595
511,485,1.065359,146750
512,485,1.107527,146845
513,485,1.065789,147000
514,485,1.103093,147100
515,485,1.081301,147225
516,485,1.106383,147320
517,485,1.061728,147485
518,485,1.083333,147605
519,485,1.064516,147760
519,486,-1,147975
520,486,1.105263,148070
520,487,-1,148255
521,487,1.087719,148370
522,487,1.070922,148515
523,487,1.076923,148645
524,487,1.098039,148750
525,487,1.077519,148880
525,488,-1,149025
526,488,1.074074,149160
526,489,-1,149290
526,490,-1,149475
527,490,1.075758,149610
528,490,1.089286,149725
529,490,1.066225,149880
530,490,1.060606,150045
531,490,1.076923,150175
532,490,1.086207,150295
533,490,1.116279,150385
534,490,1.058824,150555
535,490,1.055556,150735
536,490,1.111111,150825
537,490,1.073529,150965
537,491,-1,151175
537,492,-1,151345
538,492,1.097087,151450
538,493,-1,151615
538,494,-1,151775
539,494,1.10989,151870
539,495,-1,152065
540,495,1.116279,152155
541,495,1.082645,152280
542,495,1.060241,152450
543,495,1.075758,152585
544,495,1.172414,152645
545,495,1.117647,152730
545,496,-1,152875
546,496,1.080645,153000
546,497,-1,153150
546,498,-1,153270
547,498,1.052632,153460
548,498,1.068027,153610
549,498,1.087719,153725
549,499,-1,153850
550,499,1.086207,153970
551,499,1.084034,154090
552,499,1.050251,154290
553,499,1.117647,154375
553,500,-1,154535
553,501,-1,154540
553,502,-1,154810
554,502,1.092593,154920
555,502,1.047393,155135
556,502,1.054945,155320
557,502,1.054645,155505
558,502,1.058824,155675
559,502,1.1,155775
559,503,-1,155900
560,503,1.064516,156055
561,503,1.12987,156135
562,503,1.070922,156280
563,503,1.067114,156430
564,503,1.105263,156525
565,503,1.107527,156620
566,503,1.111111,156710
567,503,1.093458,156820
567,504,-1,156955
568,504,1.086957,157070
569,504,1.076336,157205
570,504,1.113636,157295
570,505,-1,157515
570,506,-1,157695
570,507,-1,157825
570,508,-1,157985
570,509,-1,158170
570,510,-1,158270
571,510,1.089286,158385
571,511,-1,158490
572,511,1.03937,158745
573,511,1.046296,158965
574,511,1.114943,159055
575,511,1.062893,159215
575,512,-1,159340
575,513,-1,159485
576,513,1.054348,159670
577,513,1.068966,159815
577,514,-1,159920
578,514,1.071942,160060
579,514,1.087719,160175
580,514,1.066225,160330
581,514,1.093458,160440
582,514,1.070922,160585
582,515,-1,160695
583,515,1.055866,160875
584,515,1.09901,160980
585,515,1.071429,161120
586,515,1.087719,161235
586,516,-1,161410
587,516,1.095238,161515
587,517,-1,161650
588,517,1.068493,161800
589,517,1.089286,161915
590,517,1.081301,162040
591,517,1.09009,162155
592,517,1.111111,162245
592,518,-1,162360
593,518,1.071942,162500
594,518,1.098039,162605
595,518,1.075758,162740
596,518,1.091743,162850
596,519,-1,162985
596,520,-1,163220
596,521,-1,163310
597,521,1.05848,163485
597,522,-1,163610
598,522,1.121951,163695
599,522,1.08,163820
600,522,1.053763,164010
601,522,1.125,164090
602,522,1.071942,164230
602,523,-1,164360
602,524,-1,164540
603,524,1.131579,164620
604,524,1.059524,164790
604,525,-1,164960
604,526,-1,165100
604,527,-1,165250
605,527,1.09901,165355
606,527,1.084746,165475
607,527,1.079365,165605
608,527,1.074627,165740
608,528,-1,165900
608,529,-1,166075
608,530,-1,166185
609,530,1.084746,166305
610,530,1.090909,166415
610,531,-1,166515
611,531,1.081301,166640
612,531,1.087719,166755
613,531,1.075188,166890
614,531,1.08547,167010
615,531,1.033898,167305
616,531,1.105263,167400
617,531,1.088496,167515
618,531,1.123457,167600
619,531,1.04902,167805
619,532,-1,167910
620,532,1.09434,168020
620,533,-1,168220
621,533,1.10101,168320
622,533,1.089286,168435
623,533,1.102041,168535
624,533,1.044053,168765
625,533,1.075758,168900
626,533,1.087719,169015
627,533,1.1,169115
627,534,-1,169245
627,535,-1,169395
628,535,1.059172,169565
628,536,-1,169655
628,537,-1,169760
628,538,-1,169855
629,538,1.064103,170015
629,539,-1,170155
630,539,1.073529,170295
631,539,1.093458,170405
631,540,-1,170535
632,540,1.117647,170620
633,540,1.121951,170705
634,540,1.098039,170810
635,540,1.081967,170935
636,540,1.123457,171020
637,540,1.103093,171120
638,540,1.102041,171220
639,540,1.1,171320
640,540,1.086207,171440
641,540,1.138889,171515
642,540,1.108696,171610
642,541,-1,171790
643,541,1.080645,171915
644,541,1.09901,172020
645,541,1.126582,172100
646,541,1.083333,172220
647,541,1.11236,172310
647,542,-1,172420
648,542,1.048544,172630
648,543,-1,172750
648,544,-1,172955
649,544,1.09901,173060
650,544,1.072464,173200
651,544,1.142857,173270
651,545,-1,173445
652,545,1.048309,173655
653,545,1.065789,173810
654,545,1.09901,173915
654,546,-1,174105
655,546,1.147059,174175
655,547,-1,174335
656,547,1.117647,174420
657,547,1.068966,174565
658,547,1.114943,174655
659,547,1.083333,174775
660,547,1.074627,174910
661,547,1.10989,175005
661,548,-1,175170
662,548,1.117647,175255
663,548,1.088496,175370
663,549,-1,175575
663,550,-1,175680
663,551,-1,175925
664,551,1.071942,176065
664,552,-1,176230
665,552,1.081301,176355
666,552,1.056497,176535
667,552,1.126582,176615
668,552,1.123457,176700
669,552,1.063291,176860
670,552,1.074074,176995
670,553,-1,177215
671,553,1.072464,177355
672,553,1.0625,177515
672,554,-1,177705
673,554,1.074074,177840
673,555,-1,177965
674,555,1.114943,178055
675,555,1.11236,178145
676,555,1.086207,178265
677,555,1.09901,178370
677,556,-1,178515
678,556,1.058824,178685
679,556,1.102041,178785
680,556,1.064103,178945
680,557,-1,179135
681,557,1.054645,179320
682,557,1.070423,179465
683,557,1.108696,179560
684,557,1.11236,179650
685,557,1.102041,179750
685,558,-1,179860
686,558,1.142857,179930
687,558,1.05291,180120
688,558,1.090909,180230
689,558,1.095238,180335
689,559,-1,180455
690,559,1.060976,180620
690,560,-1,180725
691,560,1.098039,180830
691,561,-1,181040
692,561,1.073529,181180
692,562,-1,181355
693,562,1.113636,181445
693,563,-1,181550
694,563,1.067114,181700
694,564,-1,181895
695,564,1.119048,181980
695,565,-1,182105
696,565,1.082645,182230
697,565,1.142857,182300
698,565,1.071942,182440
699,565,1.076336,182575
700,565,1.111111,182665
701,565,1.098039,182770
702,565,1.054054,182955
703,565,1.108696,183050
704,565,1.135135,183125
705,565,1.083333,183245
706,565,1.098039,183350
707,565,1.057804,183525
708,565,1.108696,183620
708,566,-1,183730
709,566,1.064935,183885
710,566,1.05814,184060
710,567,-1,184165
711,567,1.055556,184345
712,567,1.105263,184440
713,567,1.072993,184580
714,567,1.090909,184690
714,568,-1,184800
715,568,1.11236,184890
716,568,1.067568,185040
717,568,1.066225,185195
718,568,1.05,185395
719,568,1.10989,185490
720,568,1.107527,185585
720,569,-1,185675
721,569,1.088496,185790
722,569,1.077519,185920
723,569,1.077519,186050
724,569,1.068493,186200
725,569,1.10101,186300
726,569,1.08,186425
727,569,1.114943,186515
728,569,1.092593,186625
729,569,1.098039,186730
730,569,1.091743,186840
731,569,1.076336,186975
731,570,-1,187120
732,570,1.126582,187200
732,571,-1,187405
733,571,1.10989,187500
734,571,1.08,187625
735,571,1.104167,187725
736,571,1.084746,187845
736,572,-1,187975
737,572,1.11236,188065
738,572,1.064935,188220
738,573,-1,188365
739,573,1.084746,188485
740,573,1.078125,188615
741,573,1.070922,188760
741,574,-1,188940
741,575,-1,188945
741,576,-1,189030
742,576,1.092593,189140
743,576,1.059172,189310
744,576,1.062112,189475
744,577,-1,189620
745,577,1.116279,189710
746,577,1.069444,189855
747,577,1.120482,189940
748,577,1.08,190065
748,578,-1,190245
749,578,1.060606,190410
750,578,1.097087,190515
751,578,1.080645,190640
752,578,1.10101,190740
753,578,1.066667,190890
753,579,-1,191015
753,580,-1,191140
754,580,1.108696,191235
755,580,1.090909,191345
755,581,-1,191495
756,581,1.086957,191610
757,581,1.120482,191695
758,581,1.075188,191830
759,581,1.102041,191930
760,581,1.068493,192080
760,582,-1,192200
761,582,1.052083,192395
762,582,1.092593,192505
762,583,-1,192615
763,583,1.064935,192770
764,583,1.113636,192860
765,583,1.070423,193005
766,583,1.077519,193135
767,583,1.086957,193250
768,583,1.075758,193385
769,583,1.065359,193540
770,583,1.123457,193625
771,583,1.09009,193740
771,584,-1,193915
771,585,-1,194070
772,585,1.09434,194180
772,586,-1,194305
773,586,1.10101,194405
773,587,-1,194515
773,588,-1,194630
774,588,1.098039,194735
775,588,1.066225,194890
776,588,1.10989,194985
777,588,1.135135,195060
778,588,1.111111,195150
778,589,-1,195315
778,590,-1,195455
779,590,1.095238,195560
780,590,1.049751,195765
780,591,-1,195890
781,591,1.047619,196100
782,591,1.079365,196230
783,591,1.091743,196340
784,591,1.05988,196510
785,591,1.107527,196605
786,591,1.067114,196755
787,591,1.064935,196910
788,591,1.1,197010
789,591,1.076336,197145
789,592,-1,197300
790,592,1.114943,197390
791,592,1.06993,197535
792,592,1.097087,197640
793,592,1.053476,197830
793,593,-1,197950
794,593,1.133333,198025
794,594,-1,198155
794,595,-1,198300
795,595,1.08,198425
796,595,1.06993,198570
797,595,1.114943,198660
797,596,-1,198825
797,597,-1,198975
798,597,1.057804,199150
799,597,1.05618,199330
800,597,1.092593,199440
801,597,1.087719,199555
802,597,1.088496,199670
802,598,-1,199735
803,598,1.066667,199885
804,598,1.074627,200020
805,598,1.095238,200125
806,598,1.071429,200265
807,598,1.086207,200385
808,598,1.072464,200525
808,599,-1,200640
809,599,1.076336,200775
810,599,1.046948,200990
811,599,1.116279,201080
811,600,-1,201180
812,600,1.086207,201300
813,600,1.08547,201420
814,600,1.09009,201535
815,600,1.040486,201785
816,600,1.09434,201895
817,600,1.117647,201980
818,600,1.151515,202050
819,600,1.081967,202175
820,600,1.117647,202260
821,600,1.06993,202405
821,601,-1,202505
822,601,1.105263,202600
823,601,1.098039,202705
824,601,1.051282,202900
825,601,1.097087,203005
825,602,-1,203135
826,602,1.107527,203230
827,602,1.088496,203345
828,602,1.040984,203590
829,602,1.151515,203660
829,603,-1,203765
829,604,-1,203925
830,604,1.070922,204070
831,604,1.103093,204170
832,604,1.08547,204290
832,605,-1,204435
833,605,1.073529,204575
833,606,-1,204750
834,606,1.053192,204940
835,606,1.069444,205085
835,607,-1,205235
835,608,-1,205390
836,608,1.068966,205535
837,608,1.058824,205705
838,608,1.08547,205825
839,608,1.107527,205920
840,608,1.089286,206035
841,608,1.053192,206225
842,608,1.055556,206405
843,608,1.088496,206520
844,608,1.151515,206590
845,608,1.054645,206775
845,609,-1,207125
846,609,1.083333,207245
847,609,1.067114,207395
847,610,-1,207565
848,610,1.081301,207690
849,610,1.116279,207780
850,610,1.09434,207890
851,610,1.081967,208015
851,611,-1,208125
851,612,-1,208240
851,613,-1,208405
851,614,-1,208570
852,614,1.086957,208685
853,614,1.04717,208900
854,614,1.103093,209000
855,614,1.147059,209070
855,615,-1,209180
855,616,-1,209270
856,616,1.080645,209395
857,616,1.057471,209570
858,616,1.052356,209765
859,616,1.121951,209850
859,617,-1,209925
860,617,1.076336,210060
860,618,-1,210190
861,618,1.070423,210335
862,618,1.119048,210420
863,618,1.108696,210515
864,618,1.075188,210650
865,618,1.113636,210740
866,618,1.076336,210875
867,618,1.08,211000
867,619,-1,211105
867,620,-1,211270
867,621,-1,211425
867,622,-1,211555
867,623,-1,211700
868,623,1.084746,211820
869,623,1.084746,211940
870,623,1.063291,212100
871,623,1.140845,212175
872,623,1.073529,212315
873,623,1.082645,212440
873,624,-1,212625
874,624,1.056818,212805
875,624,1.081967,212930
876,624,1.121951,213015
876,625,-1,213130
876,626,-1,213230
877,626,1.151515,213300
878,626,1.103093,213400
879,626,1.078125,213530
880,626,1.149254,213600
881,626,1.116279,213690
882,626,1.120482,213775
882,627,-1,213965
883,627,1.081301,214090
884,627,1.104167,214190
885,627,1.075188,214325
885,628,-1,214445
886,628,1.097087,214550
887,628,1.098039,214655
888,628,1.092593,214765
889,628,1.087719,214880
890,628,1.080645,215005
890,629,-1,215080
891,629,1.072993,215220
892,629,1.107527,215315
893,629,1.066225,215470
894,629,1.087719,215585
895,629,1.04717,215800
896,629,1.092593,215910
897,629,1.068966,216055
898,629,1.1,216155
898,630,-1,216275
899,630,1.084746,216395
900,630,1.074627,216530
901,630,1.078125,216660
902,630,1.07874,216790
903,630,1.138889,216865
903,631,-1,217025
904,631,1.10989,217120
905,631,1.062112,217285
906,631,1.106383,217380
907,631,1.081301,217505
907,632,-1,217630
907,633,-1,217715
908,633,1.091743,217825
909,633,1.042553,218060
910,633,1.071429,218200
910,634,-1,218325
911,634,1.10101,218425
912,634,1.121951,218510
912,635,-1,218635
912,636,-1,218845
913,636,1.16129,218910
914,636,1.117647,218995
914,637,-1,219095
915,637,1.111111,219185
916,637,1.104167,219285
917,637,1.076923,219415
918,637,1.062893,219575
919,637,1.10989,219670
920,637,1.098039,219775
921,637,1.096154,219880
922,637,1.107527,219975
923,637,1.103093,220075
924,637,1.106383,220170
925,637,1.114943,220260
926,637,1.086957,220375
927,637,1.1,220475
928,637,1.086207,220595
929,637,1.133333,220670
930,637,1.119048,220755
931,637,1.074627,220890
931,638,-1,221015
932,638,1.095238,221120
932,639,-1,221275
933,639,1.149254,221345
933,640,-1,221480
933,641,-1,221610
934,641,1.113636,221700
935,641,1.111111,221790
936,641,1.091743,221900
937,641,1.105263,221995
938,641,1.084746,222115
939,641,1.084746,222235
939,642,-1,222435
940,642,1.088496,222550
941,642,1.09434,222660
942,642,1.075758,222795
943,642,1.096154,222900
944,642,1.08,223025
945,642,1.089286,223140
946,642,1.080645,223265
947,642,1.092593,223375
948,642,1.072464,223515
948,643,-1,223680
949,643,1.10101,223780
950,643,1.08,223905
951,643,1.06993,224050
952,643,1.06993,224195
953,643,1.076336,224330
953,644,-1,224485
954,644,1.086207,224605
955,644,1.113636,224695
956,644,1.107527,224790
957,644,1.11236,224880
958,644,1.126582,224960
958,645,-1,225060
959,645,1.104167,225160
960,645,1.09434,225270
961,645,1.070423,225415
961,646,-1,225525
961,647,-1,225660
962,647,1.084746,225780
962,648,-1,225930
963,648,1.057471,226105
964,648,1.088496,226220
965,648,1.116279,226310
966,648,1.140845,226385
967,648,1.117647,226470
967,649,-1,226590
968,649,1.091743,226700
969,649,1.072993,226840
970,649,1.10989,226935
970,650,-1,227045
970,651,-1,227150
971,651,1.080645,227275
972,651,1.081967,227400
973,651,1.079365,227530
974,651,1.142857,227600
974,652,-1,227725
975,652,1.091743,227835
976,652,1.070423,227980
977,652,1.09009,228095
977,653,-1,228230
978,653,1.074627,228365
978,654,-1,228475
979,654,1.095238,228580
980,654,1.106383,228675
981,654,1.10989,228770
982,654,1.068027,228920
982,655,-1,229045
983,655,1.05814,229220
984,655,1.084034,229340
985,655,1.09434,229450
985,656,-1,229550
985,657,-1,229755
986,657,1.116279,229845
987,657,1.062112,230010
988,657,1.06993,230155
989,657,1.08,230280
989,658,-1,230430
990,658,1.106383,230525
991,658,1.075188,230660
992,658,1.102041,230760
992,659,-1,230905
993,659,1.078125,231035
994,659,1.081967,231160
994,660,-1,231280
995,660,1.09009,231395
995,661,-1,231495
996,661,1.071942,231635
997,661,1.140845,231710
998,661,1.092593,231820
999,661,1.089286,231935
1000,661,1.072464,232075
1001,661,1.089286,232190
1002,661,1.078125,232320
1003,661,1.086957,232435
1003,662,-1,232540
1004,662,1.1,232640
1005,662,1.075188,232775
1006,662,1.09009,232890
1006,663,-1,233025
1007,663,1.08547,233145
1008,663,1.08,233270
1009,663,1.09901,233375
1010,663,1.119048,233460
1011,663,1.12987,233540
1012,663,1.136986,233615
1013,663,1.10101,233715
1014,663,1.10101,233815
1014,664,-1,233965
1015,664,1.090909,234075
1016,664,1.076336,234210
1017,664,1.089286,234325
1017,665,-1,234480
1018,665,1.068493,234630
1019,665,1.107527,234725
1019,666,-1,234865
1019,667,-1,234965
1019,668,-1,235085
1020,668,1.065789,235240
1020,669,-1,235335
1021,669,1.084034,235455
1022,669,1.098039,235560
1023,669,1.06993,235705
1024,669,1.068966,235850
1025,669,1.090909,235960
1025,670,-1,236070
1026,670,1.125,236150
1027,670,1.092593,236260
1028,670,1.09009,236375
1028,671,-1,236530
1029,671,1.071429,236670
1030,671,1.09434,236780
1031,671,1.113636,236870
1032,671,1.084034,236990
1033,671,1.070423,237135
1033,672,-1,237255
1034,672,1.126582,237335
1035,672,1.073529,237475
1036,672,1.068493,237625
1037,672,1.076336,237760
1037,673,-1,237870
1038,673,1.070922,238015
1038,674,-1,238170
1039,674,1.080645,238295
1039,675,-1,238375
1040,675,1.117647,238460
1041,675,1.151515,238530
1042,675,1.068966,238675
1042,676,-1,238790
1043,676,1.090909,238900
1044,676,1.098039,239005
1045,676,1.069444,239150
1046,676,1.116279,239240
1047,676,1.057143,239415
1048,676,1.08,239540
1048,677,-1,239680
1049,677,1.096154,239785
1050,677,1.089286,239900
1051,677,1.102041,240000
1051,678,-1,240110
1052,678,1.066225,240265
1053,678,1.057143,240440
1053,679,-1,240575
1054,679,1.069444,240720
1054,680,-1,240880
1055,680,1.107527,240975
1056,680,1.078125,241105
1057,680,1.08,241230
1057,681,-1,241325
1058,681,1.092593,241435
1059,681,1.052632,241625
1059,682,-1,241820
1060,682,1.095238,241925
1061,682,1.08,242050
1062,682,1.068966,242195
1062,683,-1,242400
1063,683,1.072993,242540
1064,683,1.15625,242605
1065,683,1.104167,242705
1066,683,1.098039,242810
1067,683,1.067114,242960
1068,683,1.09009,243075
1069,683,1.12987,243155
1070,683,1.1,243255
1071,683,1.105263,243350
1072,683,1.120482,243435
1073,683,1.075758,243570
1073,684,-1,243725
1073,685,-1,243915
1073,686,-1,244015
1073,687,-1,244200
1073,688,-1,244305
1074,688,1.106383,244400
1075,688,1.07874,244530
1076,688,1.047847,244740
1077,688,1.088496,244855
1077,689,-1,244965
1078,689,1.11236,245055
1079,689,1.069444,245200
1079,690,-1,245285
1080,690,1.09434,245395
1081,690,1.117647,245480
1081,691,-1,245620
1082,691,1.05848,245795
1083,691,1.128205,245875
1084,691,1.126582,245955
1085,691,1.105263,246050
1086,691,1.084034,246170
1087,691,1.103093,246270
1087,692,-1,246390
1088,692,1.084034,246510
1089,692,1.077519,246640
1090,692,1.05814,246815
1091,692,1.104167,246915
1092,692,1.120482,247000
1092,693,-1,247195
1093,693,1.0625,247355
1094,693,1.086207,247475
1095,693,1.087719,247590
1096,693,1.105263,247685
1097,693,1.088496,247800
1097,694,-1,247960
1097,695,-1,248065
1098,695,1.09434,248175
1099,695,1.105263,248270
1099,696,-1,248435
1100,696,1.077519,248565
1100,697,-1,248660
1100,698,-1,248800
1101,698,1.080645,248925
1102,698,1.062893,249085
1103,698,1.07874,249215
1104,698,1.116279,249305
1104,699,-1,249465
1104,700,-1,249655
1105,700,1.095238,249760
1106,700,1.0625,249920
