Goals,Deaths,Reward,Step 
0,0,0,0
1,0,1.076923,130
2,0,1.05988,300
3,0,1.083333,420
4,0,1.10101,520
4,1,-1,705
5,1,1.050251,905
5,2,-1,1015
5,3,-1,1255
6,3,1.051813,1450
6,4,-1,1600
7,4,1.09009,1715
7,5,-1,1935
7,6,-1,2155
8,6,1.096154,2260
9,6,1.10101,2360
9,7,-1,2520
9,8,-1,2715
9,9,-1,2815
10,9,1.098039,2920
10,10,-1,3045
10,11,-1,3180
11,11,1.072993,3320
11,12,-1,3445
12,12,1.09434,3555
12,13,-1,3695
12,14,-1,3825
13,14,1.077519,3955
13,15,-1,4085
13,16,-1,4200
13,17,-1,4345
13,18,-1,4485
13,19,-1,4675
13,20,-1,4985
13,21,-1,5125
14,21,1.047619,5335
14,22,-1,5445
15,22,1.055556,5625
16,22,1.070922,5770
16,23,-1,5930
16,24,-1,6110
17,24,1.113636,6200
18,24,1.044643,6425
18,25,-1,6580
18,26,-1,6840
19,26,1.046083,7060
20,26,1.076923,7190
20,27,-1,7375
20,28,-1,7515
20,29,-1,7715
21,29,1.066225,7870
21,30,-1,7965
21,31,-1,8265
21,32,-1,8480
22,32,1.086207,8600
23,32,1.063291,8760
23,33,-1,8885
23,34,-1,9060
24,34,1.072993,9200
24,35,-1,9330
24,36,-1,9480
24,37,-1,9640
24,38,-1,9775
25,38,1.072464,9915
26,38,1.061728,10080
27,38,1.054645,10265
28,38,1.072993,10405
28,39,-1,10545
29,39,1.065789,10700
30,39,1.065789,10855
30,40,-1,11020
30,41,-1,11180
31,41,1.055249,11365
31,42,-1,11550
31,43,-1,11735
32,43,1.089286,11850
32,44,-1,12045
32,45,-1,12195
33,45,1.095238,12300
34,45,1.079365,12430
34,46,-1,12550
34,47,-1,12670
34,48,-1,12855
35,48,1.05988,13025
36,48,1.057143,13200
36,49,-1,13385
36,50,-1,13500
37,50,1.052632,13690
37,51,-1,13795
38,51,1.142857,13865
39,51,1.081301,13990
40,51,1.067114,14140
41,51,1.083333,14260
42,51,1.042373,14500
42,52,-1,14690
42,53,-1,14925
42,54,-1,15040
42,55,-1,15295
42,56,-1,15425
43,56,1.089286,15540
43,57,-1,15765
44,57,1.096154,15870
45,57,1.063694,16030
45,58,-1,16220
46,58,1.079365,16350
47,58,1.045455,16570
47,59,-1,16735
47,60,-1,16985
48,60,1.041667,17225
48,61,-1,17360
49,61,1.09901,17465
50,61,1.084746,17585
51,61,1.028736,17935
52,61,1.066225,18090
52,62,-1,18270
52,63,-1,18525
53,63,1.067568,18675
53,64,-1,18825
53,65,-1,18985
53,66,-1,19185
53,67,-1,19365
54,67,1.065789,19520
55,67,1.128205,19600
55,68,-1,19720
55,69,-1,19855
56,69,1.114943,19945
56,70,-1,20075
57,70,1.060976,20240
57,71,-1,20380
58,71,1.084034,20500
59,71,1.103093,20600
59,72,-1,20855
60,72,1.08,20980
60,73,-1,21105
60,74,-1,21215
60,75,-1,21425
60,76,-1,21565
61,76,1.093458,21675
62,76,1.061728,21840
62,77,-1,21955
63,77,1.126582,22035
63,78,-1,22230
63,79,-1,22445
64,79,1.05,22645
64,80,-1,22795
64,81,-1,22890
64,82,-1,23035
64,83,-1,23155
64,84,-1,23345
65,84,1.06993,23490
66,84,1.080645,23615
67,84,1.054054,23800
67,85,-1,24000
67,86,-1,24180
68,86,1.081301,24305
69,86,1.044843,24530
70,86,1.059524,24700
71,86,1.07874,24830
72,86,1.090909,24940
72,87,-1,25070
73,87,1.123457,25155
73,88,-1,25340
73,89,-1,25480
74,89,1.090909,25590
74,90,-1,25800
74,91,-1,25955
75,91,1.076336,26090
76,91,1.104167,26190
76,92,-1,26360
76,93,-1,26520
76,94,-1,26615
77,94,1.073529,26755
77,95,-1,26870
78,95,1.077519,27000
78,96,-1,27090
78,97,-1,27215
79,97,1.092593,27325
80,97,1.05,27525
80,98,-1,27650
81,98,1.097087,27755
82,98,1.042017,27995
82,99,-1,28260
83,99,1.107527,28355
83,100,-1,28505
84,100,1.071429,28645
84,101,-1,28810
84,102,-1,29120
84,103,-1,29360
85,103,1.055866,29540
85,104,-1,29760
85,105,-1,29945
86,105,1.089286,30060
86,106,-1,30230
86,107,-1,30350
86,108,-1,30465
86,109,-1,30690
86,110,-1,30990
87,110,1.060606,31155
87,111,-1,31320
88,111,1.043103,31555
89,111,1.0625,31715
90,111,1.107527,31810
90,112,-1,31965
90,113,-1,32135
91,113,1.081301,32260
91,114,-1,32370
92,114,1.075188,32505
92,115,-1,32815
92,116,-1,32950
93,116,1.102041,33050
93,117,-1,33210
94,117,1.068027,33360
94,118,-1,33510
94,119,-1,33675
95,119,1.065359,33830
96,119,1.083333,33950
97,119,1.151515,34020
98,119,1.049261,34225
99,119,1.052632,34415
100,119,1.046512,34630
100,120,-1,34715
100,121,-1,34860
100,122,-1,34865
100,123,-1,35015
100,124,-1,35215
101,124,1.059172,35385
101,125,-1,35590
102,125,1.045045,35815
103,125,1.066667,35965
103,126,-1,36150
104,126,1.041667,36390
105,126,1.060241,36560
105,127,-1,36685
105,128,-1,36910
105,129,-1,37065
105,130,-1,37375
105,131,-1,37495
106,131,1.07874,37625
106,132,-1,37755
107,132,1.09009,37870
108,132,1.055556,38050
108,133,-1,38235
108,134,-1,38400
109,134,1.102041,38500
109,135,-1,38635
109,136,-1,38820
110,136,1.046296,39040
110,137,-1,39250
111,137,1.059524,39420
112,137,1.098039,39525
113,137,1.070423,39670
113,138,-1,39880
114,138,1.076336,40015
115,138,1.047619,40225
116,138,1.070922,40370
117,138,1.078125,40500
117,139,-1,40605
118,139,1.098039,40710
119,139,1.076336,40845
119,140,-1,41000
119,141,-1,41175
120,141,1.133333,41250
120,142,-1,41445
120,143,-1,41620
121,143,1.117647,41705
121,144,-1,41800
122,144,1.051546,41995
123,144,1.069444,42140
123,145,-1,42245
123,146,-1,42360
124,146,1.046296,42580
124,147,-1,42745
125,147,1.082645,42870
126,147,1.073529,43010
126,148,-1,43175
126,149,-1,43345
126,150,-1,43535
127,150,1.108696,43630
127,151,-1,43765
128,151,1.076923,43895
128,152,-1,44040
128,153,-1,44270
129,153,1.149254,44340
130,153,1.065359,44495
130,154,-1,44630
130,155,-1,44815
130,156,-1,44940
131,156,1.065789,45095
132,156,1.135135,45170
132,157,-1,45335
132,158,-1,45480
133,158,1.0625,45640
134,158,1.074627,45775
135,158,1.057471,45950
135,159,-1,46080
135,160,-1,46240
135,161,-1,46350
135,162,-1,46505
136,162,1.066225,46660
137,162,1.053763,46850
137,163,-1,47040
138,163,1.081301,47165
138,164,-1,47295
138,165,-1,47425
139,165,1.0625,47585
140,165,1.074627,47720
140,166,-1,47815
140,167,-1,47965
140,168,-1,48165
140,169,-1,48320
141,169,1.107527,48415
142,169,1.092593,48525
143,169,1.11236,48615
143,170,-1,48805
144,170,1.116279,48895
144,171,-1,49045
144,172,-1,49210
144,173,-1,49380
145,173,1.05814,49555
146,173,1.050761,49755
147,173,1.0625,49915
147,174,-1,50085
147,175,-1,50225
148,175,1.09434,50335
148,176,-1,50450
148,177,-1,50600
148,178,-1,50735
149,178,1.04,50985
150,178,1.055249,51170
151,178,1.064516,51325
152,178,1.055556,51505
153,178,1.098039,51610
154,178,1.051546,51805
154,179,-1,51960
155,179,1.046512,52175
155,180,-1,52305
156,180,1.04717,52520
156,181,-1,52660
157,181,1.059172,52830
157,182,-1,53045
157,183,-1,53195
157,184,-1,53340
157,185,-1,53455
158,185,1.062112,53620
159,185,1.060606,53785
160,185,1.091743,53895
161,185,1.084034,54015
162,185,1.0625,54175
163,185,1.108696,54270
164,185,1.11236,54360
165,185,1.104167,54460
165,186,-1,54645
166,186,1.075188,54780
166,187,-1,54925
166,188,-1,55100
167,188,1.080645,55225
167,189,-1,55360
168,189,1.10101,55460
169,189,1.103093,55560
169,190,-1,55715
169,191,-1,55865
170,191,1.10101,55965
171,191,1.07874,56095
171,192,-1,56315
172,192,1.10989,56410
172,193,-1,56605
173,193,1.066667,56755
173,194,-1,56905
173,195,-1,57010
174,195,1.072993,57150
175,195,1.097087,57255
176,195,1.051813,57450
176,196,-1,57585
177,196,1.068027,57735
177,197,-1,57890
178,197,1.084746,58010
178,198,-1,58195
178,199,-1,58300
178,200,-1,58380
179,200,1.05988,58550
180,200,1.096154,58655
181,200,1.076336,58790
181,201,-1,58945
181,202,-1,59085
181,203,-1,59250
181,204,-1,59365
181,205,-1,59465
181,206,-1,59700
182,206,1.096154,59805
182,207,-1,59915
183,207,1.120482,60000
184,207,1.131579,60080
184,208,-1,60145
185,208,1.058824,60315
186,208,1.096154,60420
186,209,-1,60550
186,210,-1,60665
186,211,-1,60785
186,212,-1,60925
186,213,-1,61090
186,214,-1,61220
186,215,-1,61365
187,215,1.096154,61470
188,215,1.080645,61595
188,216,-1,61805
188,217,-1,61920
189,217,1.116279,62010
189,218,-1,62170
189,219,-1,62365
190,219,1.041667,62605
190,220,-1,62790
191,220,1.113636,62880
192,220,1.131579,62960
193,220,1.095238,63065
193,221,-1,63220
193,222,-1,63390
194,222,1.102041,63490
195,222,1.077519,63620
195,223,-1,63805
196,223,1.068027,63955
196,224,-1,64150
197,224,1.163934,64215
198,224,1.089286,64330
199,224,1.086957,64445
200,224,1.063291,64605
201,224,1.123457,64690
202,224,1.086207,64810
203,224,1.120482,64895
203,225,-1,65095
204,225,1.050505,65295
204,226,-1,65415
204,227,-1,65515
205,227,1.08,65640
206,227,1.144928,65710
207,227,1.079365,65840
208,227,1.102041,65940
209,227,1.082645,66065
209,228,-1,66200
210,228,1.076923,66330
211,228,1.051546,66525
212,228,1.091743,66635
213,228,1.045662,66855
214,228,1.08547,66975
214,229,-1,67115
215,229,1.064935,67270
215,230,-1,67445
215,231,-1,67625
215,232,-1,67750
216,232,1.084034,67870
216,233,-1,67990
216,234,-1,68105
216,235,-1,68235
217,235,1.106383,68330
217,236,-1,68470
217,237,-1,68610
218,237,1.120482,68695
219,237,1.103093,68795
220,237,1.120482,68880
221,237,1.077519,69010
221,238,-1,69160
221,239,-1,69330
222,239,1.103093,69430
223,239,1.055249,69615
223,240,-1,69720
224,240,1.071942,69860
224,241,-1,69930
224,242,-1,70095
225,242,1.086207,70215
226,242,1.066667,70365
226,243,-1,70580
227,243,1.0625,70740
227,244,-1,70890
227,245,-1,71035
227,246,-1,71265
227,247,-1,71550
228,247,1.048544,71760
229,247,1.120482,71845
230,247,1.095238,71950
231,247,1.083333,72070
232,247,1.072464,72210
232,248,-1,72295
232,249,-1,72490
233,249,1.07874,72620
234,249,1.073529,72760
234,250,-1,72905
234,251,-1,73030
234,252,-1,73130
235,252,1.070423,73275
235,253,-1,73425
236,253,1.05618,73605
237,253,1.076923,73735
238,253,1.072993,73875
239,253,1.0625,74035
240,253,1.082645,74160
241,253,1.093458,74270
241,254,-1,74420
241,255,-1,74585
241,256,-1,74680
242,256,1.071429,74820
242,257,-1,74970
243,257,1.108696,75065
243,258,-1,75200
243,259,-1,75205
243,260,-1,75310
243,261,-1,75430
244,261,1.075758,75565
245,261,1.063291,75725
245,262,-1,75870
246,262,1.125,75950
247,262,1.072464,76090
248,262,1.054054,76275
249,262,1.061728,76440
250,262,1.09009,76555
250,263,-1,76645
250,264,-1,76825
250,265,-1,76995
250,266,-1,77175
251,266,1.054054,77360
252,266,1.102041,77460
253,266,1.095238,77565
254,266,1.081967,77690
255,266,1.052356,77885
256,266,1.071429,78025
256,267,-1,78200
257,267,1.092593,78310
258,267,1.08547,78430
258,268,-1,78595
258,269,-1,78735
259,269,1.09434,78845
260,269,1.038168,79110
260,270,-1,79255
261,270,1.102041,79355
261,271,-1,79510
262,271,1.059172,79680
263,271,1.092593,79790
264,271,1.075758,79925
265,271,1.070922,80070
265,272,-1,80220
265,273,-1,80390
266,273,1.054645,80575
267,273,1.064516,80730
268,273,1.0625,80890
269,273,1.096154,80995
270,273,1.123457,81080
271,273,1.131579,81160
272,273,1.082645,81285
272,274,-1,81425
273,274,1.065359,81580
274,274,1.092593,81690
275,274,1.068966,81835
275,275,-1,81955
276,275,1.098039,82060
276,276,-1,82225
277,276,1.049261,82430
277,277,-1,82535
277,278,-1,82725
278,278,1.102041,82825
278,279,-1,83065
279,279,1.068027,83215
280,279,1.126582,83295
281,279,1.125,83375
282,279,1.125,83455
282,280,-1,83620
282,281,-1,83895
283,281,1.10101,83995
283,282,-1,84115
283,283,-1,84260
283,284,-1,84400
284,284,1.068493,84550
285,284,1.091743,84660
285,285,-1,84835
286,285,1.086957,84950
287,285,1.08,85075
288,285,1.089286,85190
288,286,-1,85280
288,287,-1,85445
289,287,1.052083,85640
289,288,-1,85880
289,289,-1,86015
290,289,1.102041,86115
291,289,1.10101,86215
291,290,-1,86360
291,291,-1,86490
292,291,1.080645,86615
292,292,-1,86755
293,292,1.104167,86855
294,292,1.075188,86990
295,292,1.09009,87105
296,292,1.121951,87190
296,293,-1,87330
297,293,1.052083,87525
298,293,1.09434,87635
299,293,1.09434,87745
300,293,1.05291,87935
301,293,1.108696,88030
302,293,1.088496,88145
303,293,1.062893,88305
303,294,-1,88460
303,295,-1,88635
303,296,-1,88775
304,296,1.092593,88885
305,296,1.073529,89025
306,296,1.07874,89155
306,297,-1,89275
306,298,-1,89415
307,298,1.104167,89515
307,299,-1,89630
307,300,-1,89810
308,300,1.10101,89910
309,300,1.08,90035
310,300,1.10989,90130
311,300,1.08547,90250
311,301,-1,90345
312,301,1.092593,90455
312,302,-1,90650
312,303,-1,90770
313,303,1.060606,90935
314,303,1.086207,91055
315,303,1.060241,91225
315,304,-1,91370
315,305,-1,91510
316,305,1.096154,91615
317,305,1.049261,91820
318,305,1.08,91945
318,306,-1,92165
319,306,1.081301,92290
319,307,-1,92440
319,308,-1,92575
320,308,1.083333,92695
320,309,-1,92810
321,309,1.05102,93010
322,309,1.063694,93170
322,310,-1,93395
322,311,-1,93620
323,311,1.053763,93810
324,311,1.070922,93955
324,312,-1,94085
325,312,1.120482,94170
325,313,-1,94435
326,313,1.103093,94535
326,314,-1,94665
326,315,-1,94795
327,315,1.098039,94900
327,316,-1,95040
327,317,-1,95180
327,318,-1,95345
328,318,1.064516,95500
329,318,1.068966,95645
329,319,-1,95815
330,319,1.09009,95930
330,320,-1,96050
330,321,-1,96275
331,321,1.088496,96390
331,322,-1,96615
331,323,-1,96745
331,324,-1,96870
332,324,1.075188,97005
332,325,-1,97160
332,326,-1,97385
332,327,-1,97590
332,328,-1,97725
332,329,-1,97870
332,330,-1,98095
333,330,1.08547,98215
334,330,1.116279,98305
335,330,1.07874,98435
336,330,1.071942,98575
337,330,1.067568,98725
338,330,1.073529,98865
339,330,1.10101,98965
340,330,1.05988,99135
340,331,-1,99285
341,331,1.135135,99360
342,331,1.093458,99470
343,331,1.076923,99600
344,331,1.117647,99685
344,332,-1,99835
344,333,-1,99900
345,333,1.067568,100050
345,334,-1,100170
345,335,-1,100390
345,336,-1,100550
345,337,-1,100780
345,338,-1,100925
346,338,1.070922,101070
347,338,1.077519,101200
347,339,-1,101370
348,339,1.05102,101570
348,340,-1,101745
348,341,-1,101865
348,342,-1,102020
349,342,1.131579,102100
349,343,-1,102195
350,343,1.076336,102330
351,343,1.079365,102460
352,343,1.11236,102550
352,344,-1,102730
352,345,-1,102885
353,345,1.095238,102990
354,345,1.083333,103110
355,345,1.126582,103190
355,346,-1,103320
356,346,1.072464,103460
356,347,-1,103565
357,347,1.067568,103715
358,347,1.083333,103835
358,348,-1,104030
359,348,1.083333,104150
359,349,-1,104275
360,349,1.126582,104355
361,349,1.075188,104490
361,350,-1,104600
362,350,1.108696,104695
363,350,1.05291,104885
363,351,-1,105000
363,352,-1,105110
364,352,1.08,105235
365,352,1.074074,105370
366,352,1.077519,105500
367,352,1.064516,105655
368,352,1.073529,105795
368,353,-1,105980
369,353,1.096154,106085
369,354,-1,106190
369,355,-1,106305
370,355,1.035587,106590
371,355,1.087719,106705
371,356,-1,106830
371,357,-1,106980
371,358,-1,107115
371,359,-1,107255
372,359,1.121951,107340
373,359,1.090909,107450
373,360,-1,107525
373,361,-1,107670
374,361,1.09009,107785
375,361,1.075758,107920
375,362,-1,108110
376,362,1.069444,108255
376,363,-1,108370
377,363,1.049751,108575
377,364,-1,108730
378,364,1.079365,108860
379,364,1.119048,108945
380,364,1.096154,109050
381,364,1.061728,109215
382,364,1.147059,109285
383,364,1.103093,109385
383,365,-1,109535
384,365,1.064103,109695
384,366,-1,109855
385,366,1.117647,109940
386,366,1.142857,110010
386,367,-1,110130
387,367,1.105263,110225
387,368,-1,110280
388,368,1.081967,110405
389,368,1.096154,110510
390,368,1.1,110610
390,369,-1,110795
391,369,1.071429,110935
392,369,1.066225,111090
393,369,1.084746,111210
394,369,1.102041,111310
395,369,1.072993,111450
395,370,-1,111595
395,371,-1,111755
396,371,1.097087,111860
396,372,-1,111975
396,373,-1,112120
397,373,1.06993,112265
397,374,-1,112460
397,375,-1,112575
398,375,1.068493,112725
399,375,1.08547,112845
399,376,-1,112960
400,376,1.105263,113055
401,376,1.116279,113145
401,377,-1,113275
401,378,-1,113395
402,378,1.06993,113540
402,379,-1,113740
403,379,1.111111,113830
403,380,-1,114005
404,380,1.075188,114140
404,381,-1,114245
405,381,1.121951,114330
406,381,1.046083,114550
407,381,1.061728,114715
407,382,-1,114945
408,382,1.1,115045
408,383,-1,115185
408,384,-1,115350
409,384,1.05988,115520
410,384,1.076923,115650
410,385,-1,115780
411,385,1.114943,115870
412,385,1.057471,116045
412,386,-1,116185
413,386,1.09434,116295
414,386,1.087719,116410
415,386,1.136986,116485
416,386,1.084746,116605
417,386,1.081301,116730
417,387,-1,116870
417,388,-1,116975
418,388,1.081967,117100
419,388,1.083333,117220
420,388,1.093458,117330
420,389,-1,117460
421,389,1.08,117585
422,389,1.089286,117700
422,390,-1,117820
423,390,1.11236,117910
423,391,-1,118015
423,392,-1,118150
423,393,-1,118290
424,393,1.10989,118385
424,394,-1,118510
425,394,1.059172,118680
425,395,-1,118845
426,395,1.064516,119000
427,395,1.074627,119135
428,395,1.107527,119230
429,395,1.062112,119395
430,395,1.09434,119505
430,396,-1,119640
431,396,1.071942,119780
432,396,1.125,119860
432,397,-1,119980
433,397,1.128205,120060
434,397,1.07874,120190
434,398,-1,120315
435,398,1.084746,120435
435,399,-1,120555
436,399,1.078125,120685
437,399,1.052083,120880
438,399,1.056818,121060
438,400,-1,121165
438,401,-1,121300
439,401,1.1,121400
440,401,1.07874,121530
440,402,-1,121630
440,403,-1,121830
441,403,1.113636,121920
442,403,1.088496,122035
443,403,1.048309,122245
444,403,1.098039,122350
444,404,-1,122535
444,405,-1,122670
445,405,1.069444,122815
446,405,1.073529,122955
447,405,1.114943,123045
448,405,1.096154,123150
449,405,1.074074,123285
450,405,1.121951,123370
451,405,1.078125,123500
452,405,1.091743,123610
453,405,1.045455,123830
454,405,1.089286,123945
454,406,-1,124140
455,406,1.074074,124275
455,407,-1,124405
455,408,-1,124515
455,409,-1,124640
456,409,1.06993,124785
456,410,-1,124950
457,410,1.065359,125105
457,411,-1,125245
458,411,1.060606,125410
459,411,1.070423,125555
460,411,1.136986,125630
460,412,-1,125750
461,412,1.044248,125980
462,412,1.082645,126105
463,412,1.06993,126250
464,412,1.087719,126365
464,413,-1,126550
464,414,-1,126685
465,414,1.081301,126810
466,414,1.050761,127010
466,415,-1,127240
466,416,-1,127345
467,416,1.090909,127455
468,416,1.086207,127575
469,416,1.108696,127670
470,416,1.105263,127765
471,416,1.1,127865
472,416,1.119048,127950
473,416,1.108696,128045
473,417,-1,128230
473,418,-1,128325
474,418,1.067568,128475
475,418,1.091743,128585
476,418,1.1,128685
477,418,1.055249,128870
478,418,1.097087,128975
478,419,-1,129105
479,419,1.076923,129235
480,419,1.12987,129315
480,420,-1,129375
480,421,-1,129520
481,421,1.081301,129645
482,421,1.08,129770
483,421,1.075758,129905
484,421,1.107527,130000
484,422,-1,130115
484,423,-1,130245
484,424,-1,130385
485,424,1.1,130485
486,424,1.117647,130570
487,424,1.10101,130670
488,424,1.120482,130755
489,424,1.079365,130885
489,425,-1,131060
490,425,1.057804,131235
491,425,1.074627,131370
491,426,-1,131510
492,426,1.089286,131625
492,427,-1,131760
492,428,-1,131875
492,429,-1,131960
492,430,-1,132140
492,431,-1,132335
493,431,1.075758,132470
494,431,1.1,132570
494,432,-1,132700
495,432,1.05291,132890
495,433,-1,133120
496,433,1.080645,133245
497,433,1.081967,133370
498,433,1.091743,133480
499,433,1.117647,133565
499,434,-1,133685
499,435,-1,133850
499,436,-1,133970
500,436,1.071942,134110
501,436,1.10101,134210
501,437,-1,134385
502,437,1.073529,134525
502,438,-1,134670
503,438,1.131579,134750
504,438,1.116279,134840
504,439,-1,134955
505,439,1.103093,135055
505,440,-1,135225
506,440,1.105263,135320
507,440,1.062893,135480
508,440,1.108696,135575
509,440,1.068027,135725
510,440,1.10101,135825
510,441,-1,135970
511,441,1.114943,136060
512,441,1.060606,136225
513,441,1.060241,136395
513,442,-1,136510
514,442,1.0625,136670
515,442,1.077519,136800
516,442,1.09009,136915
517,442,1.086957,137030
518,442,1.10101,137130
519,442,1.093458,137240
520,442,1.084034,137360
521,442,1.097087,137465
522,442,1.080645,137590
522,443,-1,137805
523,443,1.104167,137905
524,443,1.080645,138030
525,443,1.089286,138145
525,444,-1,138245
526,444,1.084746,138365
526,445,-1,138510
527,445,1.1,138610
528,445,1.106383,138705
529,445,1.086957,138820
530,445,1.092593,138930
531,445,1.044843,139155
532,445,1.102041,139255
533,445,1.106383,139350
534,445,1.09434,139460
535,445,1.07874,139590
536,445,1.084034,139710
537,445,1.069444,139855
537,446,-1,139990
537,447,-1,140185
538,447,1.070423,140330
539,447,1.096154,140435
540,447,1.091743,140545
541,447,1.077519,140675
541,448,-1,140790
541,449,-1,140920
542,449,1.084034,141040
543,449,1.06135,141205
543,450,-1,141395
544,450,1.120482,141480
544,451,-1,141620
545,451,1.1,141720
546,451,1.065359,141875
547,451,1.12987,141955
547,452,-1,142130
548,452,1.087719,142245
549,452,1.097087,142350
549,453,-1,142455
550,453,1.082645,142580
550,454,-1,142805
551,454,1.106383,142900
552,454,1.105263,142995
552,455,-1,143050
553,455,1.072464,143190
554,455,1.063291,143350
555,455,1.040984,143595
556,455,1.138889,143670
556,456,-1,143675
556,457,-1,143810
557,457,1.066225,143965
558,457,1.06135,144130
559,457,1.135135,144205
560,457,1.081967,144330
560,458,-1,144475
561,458,1.069444,144620
562,458,1.079365,144750
563,458,1.083333,144870
563,459,-1,144965
564,459,1.10989,145060
565,459,1.11236,145150
565,460,-1,145270
565,461,-1,145360
565,462,-1,145490
565,463,-1,145610
566,463,1.076923,145740
566,464,-1,145880
567,464,1.071429,146020
568,464,1.084746,146140
568,465,-1,146320
569,465,1.140845,146395
570,465,1.092593,146505
571,465,1.086207,146625
571,466,-1,146860
571,467,-1,146970
572,467,1.140845,147045
572,468,-1,147180
572,469,-1,147390
573,469,1.09434,147500
573,470,-1,147625
574,470,1.105263,147720
575,470,1.131579,147800
576,470,1.082645,147925
576,471,-1,148040
577,471,1.151515,148110
577,472,-1,148225
578,472,1.052632,148415
578,473,-1,148595
578,474,-1,148740
579,474,1.131579,148820
579,475,-1,148980
580,475,1.073529,149120
581,475,1.055866,149300
581,476,-1,149475
582,476,1.075758,149610
583,476,1.102041,149710
583,477,-1,149810
584,477,1.089286,149925
585,477,1.114943,150015
585,478,-1,150135
586,478,1.09009,150250
587,478,1.063291,150410
587,479,-1,150630
588,479,1.068493,150780
589,479,1.076923,150910
590,479,1.135135,150985
591,479,1.121951,151070
592,479,1.075188,151205
592,480,-1,151315
592,481,-1,151445
592,482,-1,151580
593,482,1.091743,151690
594,482,1.103093,151790
595,482,1.057471,151965
596,482,1.09434,152075
596,483,-1,152215
597,483,1.092593,152325
598,483,1.076336,152460
599,483,1.060241,152630
600,483,1.097087,152735
601,483,1.09901,152840
601,484,-1,153015
602,484,1.089286,153130
603,484,1.078125,153260
604,484,1.096154,153365
605,484,1.080645,153490
605,485,-1,153680
605,486,-1,153785
606,486,1.111111,153875
607,486,1.119048,153960
607,487,-1,154065
608,487,1.105263,154160
609,487,1.10989,154255
609,488,-1,154395
610,488,1.086207,154515
611,488,1.098039,154620
612,488,1.067568,154770
613,488,1.107527,154865
614,488,1.097087,154970
615,488,1.097087,155075
616,488,1.081967,155200
617,488,1.092593,155310
618,488,1.065789,155465
618,489,-1,155590
619,489,1.051546,155785
619,490,-1,155900
619,491,-1,155915
620,491,1.121951,156000
621,491,1.120482,156085
621,492,-1,156255
622,492,1.052083,156450
622,493,-1,156505
623,493,1.071942,156645
624,493,1.060976,156810
625,493,1.082645,156935
626,493,1.081967,157060
627,493,1.151515,157130
628,493,1.106383,157225
628,494,-1,157345
628,495,-1,157510
629,495,1.10101,157610
629,496,-1,157755
630,496,1.123457,157840
631,496,1.062893,158000
632,496,1.065359,158155
632,497,-1,158160
632,498,-1,158310
632,499,-1,158385
633,499,1.063291,158545
634,499,1.108696,158640
635,499,1.062893,158800
635,500,-1,158940
636,500,1.093458,159050
637,500,1.057804,159225
637,501,-1,159385
638,501,1.081967,159510
639,501,1.09434,159620
640,501,1.140845,159695
641,501,1.133333,159770
642,501,1.076923,159900
643,501,1.09901,160005
644,501,1.086957,160120
645,501,1.05,160320
646,501,1.096154,160425
647,501,1.079365,160555
648,501,1.153846,160620
649,501,1.09434,160730
650,501,1.111111,160820
650,502,-1,160935
651,502,1.131579,161015
652,502,1.068027,161165
653,502,1.076336,161300
654,502,1.138889,161375
655,502,1.063291,161535
656,502,1.089286,161650
657,502,1.105263,161745
658,502,1.03876,162005
659,502,1.121951,162090
660,502,1.082645,162215
661,502,1.117647,162300
662,502,1.082645,162425
662,503,-1,162540
663,503,1.084746,162660
664,503,1.060241,162830
665,503,1.103093,162930
666,503,1.096154,163035
667,503,1.091743,163145
667,504,-1,163350
668,504,1.086957,163465
669,504,1.1,163565
670,504,1.074074,163700
671,504,1.075758,163835
671,505,-1,163990
671,506,-1,164105
671,507,-1,164235
671,508,-1,164360
671,509,-1,164585
672,509,1.079365,164715
673,509,1.076923,164845
674,509,1.089286,164960
675,509,1.067568,165110
676,509,1.119048,165195
677,509,1.102041,165295
678,509,1.084746,165415
679,509,1.090909,165525
680,509,1.105263,165620
680,510,-1,165750
681,510,1.068966,165895
682,510,1.078125,166025
683,510,1.09009,166140
684,510,1.09009,166255
684,511,-1,166515
684,512,-1,166650
684,513,-1,166760
685,513,1.107527,166855
686,513,1.077519,166985
686,514,-1,167075
687,514,1.087719,167190
688,514,1.059172,167360
689,514,1.067114,167510
690,514,1.063694,167670
691,514,1.119048,167755
692,514,1.086957,167870
693,514,1.076336,168005
694,514,1.091743,168115
695,514,1.066667,168265
696,514,1.062112,168430
696,515,-1,168595
697,515,1.074074,168730
697,516,-1,168790
698,516,1.076923,168920
699,516,1.072464,169060
700,516,1.131579,169140
701,516,1.1,169240
702,516,1.119048,169325
703,516,1.10101,169425
704,516,1.093458,169535
705,516,1.09009,169650
706,516,1.105263,169745
707,516,1.087719,169860
708,516,1.11236,169950
709,516,1.117647,170035
710,516,1.078125,170165
711,516,1.111111,170255
712,516,1.149254,170325
713,516,1.078125,170455
714,516,1.065789,170610
715,516,1.123457,170695
715,517,-1,170825
716,517,1.070922,170970
717,517,1.071942,171110
718,517,1.066225,171265
718,518,-1,171400
719,518,1.104167,171500
720,518,1.103093,171600
721,518,1.106383,171695
722,518,1.108696,171790
723,518,1.081301,171915
724,518,1.108696,172010
725,518,1.11236,172100
726,518,1.096154,172205
727,518,1.105263,172300
727,519,-1,172375
728,519,1.088496,172490
729,519,1.09009,172605
729,520,-1,172730
729,521,-1,172870
729,522,-1,173040
730,522,1.107527,173135
730,523,-1,173250
731,523,1.046729,173465
732,523,1.138889,173540
733,523,1.045662,173760
734,523,1.081301,173885
735,523,1.083333,174005
736,523,1.103093,174105
737,523,1.108696,174200
738,523,1.083333,174320
739,523,1.084034,174440
740,523,1.081967,174565
741,523,1.149254,174635
742,523,1.128205,174715
743,523,1.16129,174780
744,523,1.060241,174950
745,523,1.128205,175030
746,523,1.081967,175155
746,524,-1,175275
747,524,1.095238,175380
747,525,-1,175490
747,526,-1,175625
747,527,-1,175785
748,527,1.05291,175975
749,527,1.114943,176065
750,527,1.07874,176195
751,527,1.064103,176355
752,527,1.068966,176500
753,527,1.051813,176695
754,527,1.119048,176780
755,527,1.108696,176875
756,527,1.064103,177035
757,527,1.09009,177150
757,528,-1,177260
758,528,1.119048,177345
759,528,1.1,177445
759,529,-1,177585
760,529,1.079365,177715
760,530,-1,177815
761,530,1.074627,177950
761,531,-1,178085
761,532,-1,178280
762,532,1.078125,178410
763,532,1.087719,178525
764,532,1.068027,178675
764,533,-1,178850
765,533,1.068966,178995
765,534,-1,179130
766,534,1.06135,179295
766,535,-1,179415
767,535,1.084746,179535
767,536,-1,179670
768,536,1.11236,179760
769,536,1.098039,179865
770,536,1.095238,179970
771,536,1.055249,180155
771,537,-1,180305
771,538,-1,180445
771,539,-1,180555
771,540,-1,180665
772,540,1.053192,180855
773,540,1.097087,180960
773,541,-1,181220
774,541,1.088496,181335
774,542,-1,181455
774,543,-1,181605
775,543,1.043478,181835
775,544,-1,181985
776,544,1.096154,182090
777,544,1.095238,182195
778,544,1.102041,182295
778,545,-1,182435
779,545,1.075188,182570
779,546,-1,182705
779,547,-1,182915
779,548,-1,183120
779,549,-1,183250
779,550,-1,183400
779,551,-1,183510
780,551,1.113636,183600
781,551,1.098039,183705
782,551,1.175439,183765
782,552,-1,183965
783,552,1.126582,184045
784,552,1.133333,184120
785,552,1.142857,184190
786,552,1.103093,184290
787,552,1.136986,184365
787,553,-1,184500
788,553,1.084034,184620
788,554,-1,184625
789,554,1.087719,184740
790,554,1.128205,184820
790,555,-1,184965
791,555,1.071942,185105
792,555,1.086957,185220
793,555,1.076336,185355
794,555,1.070922,185500
794,556,-1,185665
795,556,1.083333,185785
796,556,1.09434,185895
797,556,1.079365,186025
798,556,1.086957,186140
798,557,-1,186145
798,558,-1,186260
799,558,1.09901,186365
800,558,1.077519,186495
801,558,1.12987,186575
802,558,1.061728,186740
803,558,1.119048,186825
804,558,1.104167,186925
805,558,1.10101,187025
806,558,1.072464,187165
806,559,-1,187265
807,559,1.084746,187385
808,559,1.09434,187495
808,560,-1,187590
809,560,1.125,187670
810,560,1.116279,187760
811,560,1.080645,187885
812,560,1.060976,188050
812,561,-1,188120
813,561,1.057471,188295
813,562,-1,188410
813,563,-1,188655
813,564,-1,188710
814,564,1.074074,188845
815,564,1.075758,188980
816,564,1.107527,189075
816,565,-1,189260
817,565,1.138889,189335
818,565,1.09009,189450
819,565,1.067568,189600
820,565,1.063694,189760
821,565,1.084746,189880
822,565,1.05988,190050
823,565,1.111111,190140
824,565,1.093458,190250
825,565,1.060606,190415
826,565,1.093458,190525
827,565,1.121951,190610
828,565,1.09901,190715
829,565,1.114943,190805
829,566,-1,190945
830,566,1.113636,191035
831,566,1.09009,191150
832,566,1.117647,191235
833,566,1.09901,191340
834,566,1.142857,191410
835,566,1.126582,191490
835,567,-1,191695
836,567,1.105263,191790
837,567,1.066225,191945
838,567,1.103093,192045
838,568,-1,192160
838,569,-1,192325
839,569,1.120482,192410
840,569,1.131579,192490
841,569,1.117647,192575
841,570,-1,192730
842,570,1.08,192855
843,570,1.043103,193090
844,570,1.104167,193190
845,570,1.09901,193295
845,571,-1,193470
846,571,1.12987,193550
847,571,1.149254,193620
848,571,1.098039,193725
849,571,1.12987,193805
850,571,1.09434,193915
851,571,1.103093,194015
851,572,-1,194155
852,572,1.126582,194235
852,573,-1,194405
853,573,1.06993,194550
854,573,1.095238,194655
855,573,1.084034,194775
856,573,1.077519,194905
857,573,1.107527,195000
858,573,1.088496,195115
859,573,1.147059,195185
860,573,1.077519,195315
860,574,-1,195400
861,574,1.064103,195560
862,574,1.125,195640
863,574,1.084746,195760
864,574,1.108696,195855
865,574,1.119048,195940
866,574,1.05618,196120
867,574,1.108696,196215
868,574,1.086207,196335
869,574,1.10101,196435
869,575,-1,196570
870,575,1.108696,196665
871,575,1.077519,196795
872,575,1.076923,196925
873,575,1.068966,197070
874,575,1.078125,197200
875,575,1.078125,197330
876,575,1.166667,197390
877,575,1.074627,197525
878,575,1.080645,197650
879,575,1.111111,197740
880,575,1.088496,197855
880,576,-1,197960
881,576,1.09901,198065
882,576,1.072464,198205
883,576,1.086207,198325
884,576,1.1,198425
885,576,1.093458,198535
886,576,1.069444,198680
887,576,1.04329,198915
888,576,1.095238,199020
889,576,1.081301,199145
889,577,-1,199295
889,578,-1,199430
890,578,1.076923,199560
891,578,1.108696,199655
892,578,1.093458,199765
892,579,-1,199950
893,579,1.126582,200030
894,579,1.077519,200160
895,579,1.074627,200295
895,580,-1,200305
895,581,-1,200410
896,581,1.08,200535
897,581,1.105263,200630
898,581,1.125,200710
899,581,1.052083,200905
899,582,-1,201075
900,582,1.098039,201180
901,582,1.091743,201290
902,582,1.081301,201415
903,582,1.096154,201520
903,583,-1,201650
903,584,-1,201810
903,585,-1,201900
904,585,1.069444,202045
905,585,1.072993,202185
905,586,-1,202330
906,586,1.051282,202525
907,586,1.05,202725
908,586,1.106383,202820
909,586,1.133333,202895
910,586,1.05291,203085
911,586,1.104167,203185
912,586,1.052356,203380
913,586,1.058824,203550
914,586,1.08547,203670
915,586,1.133333,203745
916,586,1.071429,203885
917,586,1.06993,204030
918,586,1.066225,204185
918,587,-1,204310
918,588,-1,204450
919,588,1.072464,204590
920,588,1.071429,204730
921,588,1.136986,204805
922,588,1.048309,205015
922,589,-1,205140
923,589,1.116279,205230
923,590,-1,205350
923,591,-1,205445
924,591,1.10989,205540
925,591,1.104167,205640
925,592,-1,205850
925,593,-1,205965
925,594,-1,206120
926,594,1.075188,206255
926,595,-1,206440
926,596,-1,206630
927,596,1.053476,206820
928,596,1.088496,206935
929,596,1.113636,207025
930,596,1.068027,207175
931,596,1.104167,207275
932,596,1.065789,207430
933,596,1.11236,207520
933,597,-1,207665
934,597,1.073529,207805
935,597,1.117647,207890
936,597,1.068027,208040
937,597,1.049505,208245
938,597,1.066225,208400
939,597,1.080645,208525
940,597,1.081301,208650
941,597,1.052356,208845
942,597,1.09009,208960
942,598,-1,209135
943,598,1.0625,209295
944,598,1.05618,209475
945,598,1.128205,209555
946,598,1.072993,209695
947,598,1.093458,209805
948,598,1.10101,209905
949,598,1.04386,210135
950,598,1.081967,210260
950,599,-1,210400
951,599,1.111111,210490
952,599,1.081967,210615
953,599,1.089286,210730
954,599,1.128205,210810
955,599,1.097087,210915
955,600,-1,211030
955,601,-1,211175
956,601,1.088496,211290
957,601,1.08547,211410
957,602,-1,211595
958,602,1.091743,211705
959,602,1.044248,211935
960,602,1.11236,212025
961,602,1.09901,212130
961,603,-1,212240
962,603,1.063694,212400
963,603,1.091743,212510
964,603,1.055556,212690
964,604,-1,212775
965,604,1.09901,212880
966,604,1.091743,212990
967,604,1.125,213070
968,604,1.090909,213180
969,604,1.104167,213280
969,605,-1,213475
970,605,1.11236,213565
971,605,1.108696,213660
972,605,1.092593,213770
973,605,1.064103,213930
974,605,1.086957,214045
975,605,1.107527,214140
975,606,-1,214255
975,607,-1,214375
976,607,1.088496,214490
977,607,1.140845,214565
978,607,1.093458,214675
979,607,1.108696,214770
980,607,1.075758,214905
981,607,1.083333,215025
982,607,1.106383,215120
983,607,1.060606,215285
984,607,1.140845,215360
985,607,1.062893,215520
985,608,-1,215635
985,609,-1,215790
985,610,-1,215890
985,611,-1,216030
986,611,1.11236,216120
987,611,1.106383,216215
988,611,1.125,216295
989,611,1.104167,216395
990,611,1.114943,216485
991,611,1.083333,216605
992,611,1.10101,216705
993,611,1.084034,216825
994,611,1.131579,216905
995,611,1.104167,217005
996,611,1.09901,217110
996,612,-1,217215
997,612,1.151515,217285
998,612,1.077519,217415
999,612,1.07874,217545
1000,612,1.113636,217635
1001,612,1.1,217735
1001,613,-1,217855
1002,613,1.09901,217960
1002,614,-1,218090
1003,614,1.071429,218230
1004,614,1.111111,218320
1005,614,1.120482,218405
1006,614,1.082645,218530
1007,614,1.076336,218665
1008,614,1.079365,218795
1009,614,1.064103,218955
1010,614,1.089286,219070
1011,614,1.06993,219215
1011,615,-1,219440
1011,616,-1,219565
1012,616,1.09009,219680
1012,617,-1,219805
1013,617,1.113636,219895
1013,618,-1,220010
1014,618,1.116279,220100
1015,618,1.105263,220195
1016,618,1.073529,220335
1017,618,1.108696,220430
1018,618,1.084034,220550
1019,618,1.080645,220675
1020,618,1.111111,220765
1021,618,1.120482,220850
1022,618,1.090909,220960
1023,618,1.114943,221050
1024,618,1.084746,221170
1025,618,1.086957,221285
1026,618,1.10101,221385
1027,618,1.09009,221500
1028,618,1.086207,221620
1028,619,-1,221730
1029,619,1.149254,221800
1030,619,1.095238,221905
1031,619,1.083333,222025
1032,619,1.108696,222120
1032,620,-1,222185
1033,620,1.084746,222305
1034,620,1.102041,222405
1035,620,1.09009,222520
1036,620,1.070922,222665
1037,620,1.096154,222770
1038,620,1.107527,222865
1039,620,1.107527,222960
1040,620,1.067568,223110
1040,621,-1,223225
1041,621,1.151515,223295
1042,621,1.058824,223465
1043,621,1.125,223545
1044,621,1.086957,223660
1044,622,-1,223795
1045,622,1.08,223920
1046,622,1.125,224000
1047,622,1.072464,224140
1048,622,1.083333,224260
1049,622,1.166667,224320
1049,623,-1,224450
1049,624,-1,224555
1050,624,1.119048,224640
1051,624,1.107527,224735
1052,624,1.106383,224830
1053,624,1.081967,224955
1053,625,-1,225095
1054,625,1.087719,225210
1055,625,1.079365,225340
1056,625,1.163934,225405
1057,625,1.12987,225485
1058,625,1.119048,225570
1059,625,1.081301,225695
1060,625,1.064103,225855
1061,625,1.096154,225960
1062,625,1.084746,226080
1063,625,1.074074,226215
1063,626,-1,226320
1063,627,-1,226430
1063,628,-1,226550
1064,628,1.106383,226645
1065,628,1.086207,226765
1066,628,1.123457,226850
1067,628,1.119048,226935
1068,628,1.097087,227040
1069,628,1.136986,227115
1069,629,-1,227225
1070,629,1.080645,227350
1071,629,1.07874,227480
1071,630,-1,227620
1072,630,1.077519,227750
1073,630,1.102041,227850
1074,630,1.077519,227980
1074,631,-1,228175
1075,631,1.107527,228270
1076,631,1.12987,228350
1076,632,-1,228450
1077,632,1.077519,228580
1078,632,1.063291,228740
1079,632,1.108696,228835
1079,633,-1,228935
1080,633,1.084034,229055
1081,633,1.097087,229160
1082,633,1.116279,229250
1083,633,1.11236,229340
1084,633,1.07874,229470
1085,633,1.121951,229555
1085,634,-1,229670
1086,634,1.093458,229780
1086,635,-1,229915
1087,635,1.106383,230010
1088,635,1.096154,230115
1089,635,1.096154,230220
1089,636,-1,230330
1090,636,1.084034,230450
1090,637,-1,230545
1091,637,1.10101,230645
1092,637,1.097087,230750
1093,637,1.06135,230915
1094,637,1.090909,231025
1095,637,1.106383,231120
1096,637,1.092593,231230
1097,637,1.091743,231340
1098,637,1.114943,231430
1099,637,1.083333,231550
1099,638,-1,231670
1100,638,1.147059,231740
1101,638,1.117647,231825
1102,638,1.063291,231985
1103,638,1.108696,232080
1103,639,-1,232210
1103,640,-1,232365
1103,641,-1,232480
1104,641,1.05988,232650
1105,641,1.067114,232800
1106,641,1.10101,232900
1106,642,-1,233045
1107,642,1.121951,233130
1108,642,1.076336,233265
1109,642,1.068966,233410
1109,643,-1,233550
1110,643,1.062893,233710
1111,643,1.111111,233800
1112,643,1.086207,233920
1112,644,-1,234130
1113,644,1.102041,234230
1113,645,-1,234415
1114,645,1.10989,234510
1114,646,-1,234655
1115,646,1.089286,234770
1116,646,1.089286,234885
1117,646,1.081967,235010
1118,646,1.106383,235105
1119,646,1.114943,235195
1120,646,1.08547,235315
1121,646,1.083333,235435
1122,646,1.082645,235560
1123,646,1.096154,235665
1124,646,1.062893,235825
1124,647,-1,235950
1125,647,1.113636,236040
1126,647,1.081301,236165
1126,648,-1,236265
1126,649,-1,236370
1127,649,1.149254,236440
1128,649,1.098039,236545
1128,650,-1,236700
1129,650,1.117647,236785
1130,650,1.082645,236910
1131,650,1.123457,236995
1132,650,1.089286,237110
1133,650,1.072464,237250
1134,650,1.09009,237365
1135,650,1.069444,237510
1136,650,1.076336,237645
1137,650,1.149254,237715
1138,650,1.10101,237815
1139,650,1.116279,237905
1140,650,1.080645,238030
1141,650,1.107527,238125
1141,651,-1,238235
1142,651,1.11236,238325
1143,651,1.072993,238465
1143,652,-1,238575
1143,653,-1,238755
1143,654,-1,238910
1144,654,1.086957,239025
1145,654,1.113636,239115
1145,655,-1,239315
1146,655,1.107527,239410
1147,655,1.104167,239510
1148,655,1.080645,239635
1149,655,1.123457,239720
1150,655,1.08547,239840
1151,655,1.098039,239945
1152,655,1.126582,240025
1153,655,1.102041,240125
1154,655,1.087719,240240
1155,655,1.064935,240395
1156,655,1.09009,240510
1156,656,-1,240620
1157,656,1.096154,240725
1157,657,-1,240850
1158,657,1.089286,240965
1159,657,1.093458,241075
1160,657,1.089286,241190
1161,657,1.114943,241280
1161,658,-1,241450
1162,658,1.111111,241540
1162,659,-1,241670
1163,659,1.076336,241805
1164,659,1.087719,241920
1164,660,-1,242020
1165,660,1.057804,242195
1166,660,1.062893,242355
1166,661,-1,242540
1167,661,1.087719,242655
1168,661,1.075188,242790
1169,661,1.071429,242930
1170,661,1.098039,243035
1171,661,1.107527,243130
1171,662,-1,243250
1172,662,1.091743,243360
1173,662,1.102041,243460
1174,662,1.060606,243625
1175,662,1.103093,243725
1176,662,1.136986,243800
1176,663,-1,243930
1177,663,1.138889,244005
1178,663,1.10989,244100
1178,664,-1,244210
1179,664,1.087719,244325
1180,664,1.125,244405
1180,665,-1,244520
1181,665,1.05102,244720
1182,665,1.069444,244865
1183,665,1.081301,244990
1184,665,1.071429,245130
1185,665,1.084746,245250
1186,665,1.10989,245345
1187,665,1.060241,245515
1188,665,1.121951,245600
1188,666,-1,245730
1189,666,1.07874,245860
1190,666,1.095238,245965
1191,666,1.105263,246060
1192,666,1.087719,246175
1192,667,-1,246310
1192,668,-1,246445
1193,668,1.095238,246550
1194,668,1.081967,246675
1194,669,-1,246800
1195,669,1.103093,246900
1196,669,1.077519,247030
1197,669,1.091743,247140
1197,670,-1,247315
1198,670,1.102041,247415
1199,670,1.08,247540
1199,671,-1,247650
1200,671,1.098039,247755
1201,671,1.071429,247895
1202,671,1.073529,248035
1203,671,1.057143,248210
1203,672,-1,248345
1204,672,1.103093,248445
1204,673,-1,248580
1204,674,-1,248710
1204,675,-1,248825
1205,675,1.11236,248915
1206,675,1.106383,249010
1207,675,1.108696,249105
1208,675,1.097087,249210
1208,676,-1,249340
1208,677,-1,249445
1209,677,1.068493,249595
1210,677,1.108696,249690
1211,677,1.091743,249800
1211,678,-1,249950
