Goals,Deaths,Reward,Step 
0,0,0,0
0,1,-1.000272,5
0,2,-0.98025,10
0,3,-1.000054,90
0,4,-1,115
0,5,-1.000272,120
0,6,-1.000272,125
0,7,-1,215
0,8,-1.000168,255
0,9,-1.000163,305
0,10,-0.9842,365
1,10,1.107469,480
2,10,1.175166,540
2,11,-1.000163,570
2,12,-1.000054,571
2,12,-1.000054,571
2,13,-1.00028,641
2,14,-1,691
3,14,1.117375,776
3,15,-1.000168,821
3,16,-1,881
3,17,-0.98025,941
3,18,-1.00028,946
3,19,-1.000218,1036
3,20,-1.000054,1056
3,21,-1.000056,1081
3,22,-1.000272,1151
3,23,-1.000272,1156
3,24,-0.98025,1221
3,25,-0.98025,1296
3,26,-1.000163,1411
3,27,-1.000272,1416
3,28,-0.9921,1461
3,29,-1.000054,1626
3,30,-1.000218,1681
3,31,-1.000054,1731
3,32,-1.00028,1791
3,33,-1.000272,1796
3,34,-1.000112,1826
3,35,-1.00028,1886
3,36,-1.000224,2001
3,37,-1.000054,2051
4,37,1.089818,2166
4,38,-1.000272,2231
4,39,-1.000272,2306
4,40,-1,2431
4,41,-0.98025,2571
4,42,-1.000272,2576
4,43,-1.000168,2676
5,43,1.215828,2731
5,44,-1.000272,2861
5,45,-1,2906
5,46,-1.000272,3026
5,47,-0.98025,3106
5,48,-0.98025,3111
5,49,-1.000272,3116
5,50,-1.000272,3121
5,51,-1.00028,3141
5,52,-0.98025,3201
5,54,-2.000164,3266
5,55,-0.98025,3326
5,56,-1,3406
5,57,-1.000272,3411
5,58,-0.98025,3416
5,59,-1,3476
5,60,-1.000168,3521
5,61,-1.000163,3551
6,61,1.127933,3631
6,63,-1.9842,3691
6,64,-0.99605,3736
6,65,-0.98025,3801
6,66,-1.00028,3806
6,67,-1.000272,3811
7,67,1.136714,3886
7,68,-1.00028,3956
7,69,-1,4011
7,70,-1.000272,4016
8,70,1.204935,4071
8,71,-1.000109,4166
8,72,-1.000272,4291
8,74,-2.000224,4351
8,75,-0.98025,4416
8,76,-0.98025,4421
8,77,-1,4496
8,78,-1.000272,4501
8,79,-1.000272,4641
8,80,-1.00028,4776
8,81,-1.000163,4806
8,82,-1.000272,4811
8,83,-1.000054,4876
8,84,-1.000272,4936
8,85,-1.000109,5041
8,86,-1.000272,5096
8,87,-1.000163,5131
9,87,1.03941,5386
9,88,-1.000218,5441
9,89,-1.000272,5446
9,90,-1.000272,5451
9,91,-1.000272,5511
9,92,-1.000272,5516
9,93,-1.000054,5571
9,94,-1.000272,5576
9,95,-1.000112,5616
9,96,-1.000272,5696
10,96,1.188399,5751
10,97,-1.000272,5871
10,98,-1.000163,5911
10,99,-1.00028,6031
10,100,-0.9842,6151
10,101,-1.000272,6216
10,102,-1,6251
10,103,-1.000109,6286
10,104,-1.000109,6351
10,105,-0.9921,6481
10,106,-1,6536
10,107,-0.9921,6596
10,108,-1.000056,6676
11,108,1.186417,6736
11,109,-1.000168,6796
11,110,-1.000218,6916
11,111,-1.000272,6921
11,112,-1.00028,7046
11,113,-1.000218,7091
11,114,-0.98025,7166
11,115,-1.000272,7241
11,116,-0.9921,7281
11,117,-1.000272,7341
11,118,-0.98025,7346
11,119,-1.000054,7396
11,120,-1.000163,7496
11,121,-1.000218,7536
11,122,-1,7651
11,123,-0.98025,7711
11,124,-1.000054,7831
11,125,-1,7931
11,126,-0.98025,7991
11,127,-1.000054,8036
11,128,-0.9842,8096
11,129,-1.000112,8146
11,130,-1.000163,8251
12,130,1.178299,8311
13,130,1.074355,8446
13,131,-1.000224,8496
13,132,-1.000272,8501
13,133,-0.98025,8576
13,134,-1,8586
13,135,-0.9842,8646
13,136,-0.98025,8651
13,137,-1.000272,8711
13,138,-1.00028,8716
13,139,-1,8831
13,140,-1.000054,8951
13,141,-1,9036
13,142,-1.000272,9041
13,143,-1.000056,9096
13,144,-1.000272,9166
13,145,-1.000109,9266
13,146,-1.000272,9271
13,147,-0.99605,9391
13,148,-1.000272,9451
14,148,1.186417,9511
15,148,1.131299,9591
15,149,-1.000272,9596
15,150,-1,9611
15,151,-1.00028,9626
15,152,-1.00028,9631
15,153,-1.000224,9676
15,154,-0.98025,9681
15,155,-1.000272,9741
15,156,-1.000054,9781
15,157,-1.000272,9786
16,157,1.166394,9846
17,157,1.146786,9916
17,158,-1.000272,9981
17,159,-1.000272,10101
17,160,-1.000054,10156
17,161,-1.000272,10231
17,162,-1.000272,10351
17,163,-1.00028,10411
17,164,-1,10536
17,165,-0.98025,10541
17,166,-1.000272,10611
17,167,-1.000272,10671
17,168,-1.000272,10811
17,169,-1.00028,10871
17,170,-1.000218,10991
18,170,1.102395,11116
18,171,-1.000218,11201
19,171,1.178299,11261
19,172,-0.98815,11326
19,173,-1,11361
20,173,1.082372,11486
20,174,-1.000112,11521
20,175,-1.000054,11581
20,176,-1.000272,11651
20,177,-0.9842,11771
20,178,-0.99605,11886
20,179,-1.000272,12026
20,181,-2.000164,12086
20,182,-0.9842,12141
20,183,-1.000163,12246
20,184,-1,12291
20,185,-0.98025,12416
20,186,-1.000272,12476
20,187,-1.000272,12481
20,188,-0.98025,12486
20,189,-1.000168,12516
20,190,-1.000272,12581
20,191,-1.000109,12631
20,192,-1.000272,12636
21,192,1.198321,12696
21,193,-1.000272,12701
21,194,-1.000272,12706
22,194,1.155978,12771
22,195,-1.000272,12776
22,196,-1,12786
22,197,-1.000218,12896
22,198,-1.000163,12946
22,199,-1.00028,13006
22,200,-1.000218,13061
22,201,-1.00028,13066
22,202,-0.98025,13126
22,203,-1,13216
22,204,-1.000054,13281
22,205,-0.9842,13406
22,206,-1.000168,13561
22,207,-1.000272,13566
22,208,-1.000163,13616
22,209,-0.99605,13801
22,210,-1.000109,13841
22,211,-1.000112,13871
23,211,1.192164,13931
23,212,-0.9921,13986
23,213,-1.000272,13991
23,214,-0.98025,14056
23,215,-1.000272,14061
23,216,-1.000112,14106
23,217,-1.000163,14141
23,218,-1.000054,14251
23,219,-0.98025,14376
23,220,-1.000168,14431
23,221,-0.98025,14436
23,222,-1.000272,14441
23,223,-1.000272,14471
23,224,-1.000272,14476
23,225,-1.000224,14561
23,226,-1.000272,14626
23,227,-0.99605,14691
23,228,-1.000224,14801
24,228,1.134863,14876
24,229,-1.000272,14881
24,230,-1.000168,14886
24,231,-1.000272,14941
24,232,-1.000272,15021
24,233,-1.000272,15091
24,234,-1,15126
24,235,-0.98025,15191
24,236,-1,15256
24,237,-1,15296
24,238,-1.000054,15376
24,239,-0.9921,15486
24,241,-1.9842,15546
24,242,-1.000163,15586
24,243,-1.000272,15591
24,244,-1.000272,15596
24,245,-1.000272,15601
24,246,-1.000272,15701
24,247,-1.00028,15706
24,248,-1.000109,15811
24,249,-1.000168,15866
24,250,-0.98025,15871
24,251,-1.000272,15876
24,252,-1,15906
24,253,-1.000112,15946
24,254,-1.000272,16111
24,255,-1.000272,16176
24,256,-1.00028,16181
24,257,-1.00028,16246
24,258,-1.000272,16296
24,259,-0.98025,16301
24,260,-1.000163,16416
24,261,-1.000054,16456
24,262,-1.000054,16506
24,263,-1.000272,16511
24,264,-1,16556
24,265,-1,16696
24,266,-1.000272,16831
24,267,-1.000163,16996
24,268,-1.000109,17046
24,269,-1.000272,17051
24,270,-1.000272,17111
24,271,-1.000163,17166
24,272,-1.000168,17261
24,273,-0.99605,17296
24,274,-1.00028,17361
24,275,-0.98025,17421
24,276,-1.000272,17426
24,277,-0.98025,17496
24,278,-1.000109,17526
24,279,-0.98025,17606
24,280,-1.000218,17721
24,281,-0.98025,17781
24,282,-1.000272,17786
24,283,-1.00028,17791
24,284,-1.000054,17826
24,285,-1.00028,17831
24,286,-1.000272,17836
24,287,-0.98025,17851
24,288,-1.000272,17916
24,289,-1.000272,18036
24,290,-1.000109,18096
24,291,-1.000218,18221
24,292,-1.000109,18301
24,293,-0.98025,18441
24,294,-0.9842,18556
24,295,-1.000163,18606
24,296,-1.000112,18736
24,297,-1.000272,18801
24,298,-1.000272,18811
24,299,-1.000272,18816
24,300,-1.000272,18831
24,301,-1.000272,18906
24,302,-1,19026
24,303,-1,19146
24,304,-1.000054,19186
25,304,1.176,19251
25,305,-1,19351
26,305,1.178299,19411
26,306,-0.98025,19471
26,307,-1.000272,19541
27,307,1.085935,19661
27,308,-1,19786
27,309,-1,19871
27,310,-1,19916
27,311,-1.000218,20011
27,312,-1,20051
27,313,-1.000272,20121
27,314,-1.000218,20166
27,315,-0.99605,20191
27,316,-1.000272,20196
27,317,-1.00028,20256
27,318,-1.000218,20426
27,319,-0.98025,20546
27,320,-0.9842,20611
28,320,1.176,20676
28,321,-1.000272,20681
28,322,-0.9842,20801
28,323,-1.000056,20856
28,324,-0.98025,20861
28,325,-0.9842,20916
28,326,-1.000218,21011
28,327,-1,21051
28,328,-1.000218,21156
28,329,-1.000272,21161
28,330,-0.98025,21166
28,331,-0.98025,21226
28,332,-1.00028,21441
28,333,-1.000109,21541
28,334,-1.000272,21606
28,335,-1.000272,21611
28,336,-1,21661
28,337,-1.000272,21666
28,338,-0.99605,21726
28,339,-1.000272,21731
28,340,-1.000272,21736
29,340,1.146786,21806
29,341,-1.000054,21826
29,342,-1.000054,21881
29,343,-1.000109,21996
29,344,-0.98025,22001
30,344,1.10984,22116
30,345,-1.000272,22251
30,346,-1.000272,22311
30,347,-1.000168,22411
30,348,-0.98025,22416
30,349,-0.98025,22476
30,350,-1.000054,22571
30,352,-2.000218,22631
30,353,-0.9921,22671
30,354,-1.000056,22716
30,355,-1.000218,22766
31,355,1.163662,22831
31,356,-1.000272,22836
31,357,-1.00028,22901
32,357,1.146786,22971
32,358,-1.000272,22976
32,359,-1.00028,22981
32,360,-0.98025,23051
32,361,-1.000218,23101
32,362,-1.000272,23111
32,363,-1.000054,23156
32,364,-1.000272,23241
32,365,-1.000272,23246
32,366,-1.00028,23321
32,367,-1.000163,23366
32,368,-1,23416
32,369,-1.000218,23506
32,370,-1.000163,23641
33,370,1.175166,23701
33,371,-1.000109,23756
33,372,-1.00028,23761
33,373,-1.000272,23816
34,373,1.140573,23891
34,374,-0.98025,23896
34,375,-0.98025,23981
34,376,-1.000224,24016
34,377,-0.98025,24021
34,378,-1,24061
34,379,-1.000054,24121
34,380,-1.000224,24176
35,380,1.151243,24246
35,381,-1,24306
35,382,-1.000272,24311
35,383,-1,24366
35,384,-1.000054,24496
35,385,-1,24541
35,386,-1.00028,24606
35,387,-1.000272,24671
35,388,-0.98025,24741
35,389,-1.000272,24801
35,390,-1.000272,24806
35,391,-1.000272,24881
35,392,-1.000054,24986
35,392,-5.448073E-05,25007
35,393,-1.000112,25052
35,394,-1,25127
35,395,-0.98025,25192
35,396,-1,25217
35,397,-1.000272,25227
35,398,-1.000056,25277
35,399,-1.000218,25327
35,400,-0.99605,25367
35,401,-1.000109,25417
35,403,-2.000168,25492
35,404,-1.00028,25522
35,405,-0.98025,25587
35,406,-1,25617
35,407,-1.000272,25812
35,408,-1.000163,25857
35,409,-1.000272,25862
35,410,-1.000109,25907
35,411,-1.000272,25912
35,412,-1.000272,25977
35,413,-1.000272,25992
35,414,-1.000168,26042
35,415,-0.98025,26102
35,416,-1.000272,26182
35,417,-1.000272,26187
35,418,-1,26292
35,419,-0.98025,26362
35,420,-1.00028,26367
35,421,-1.000054,26407
35,422,-1.000056,26507
35,423,-1.000272,26512
35,424,-0.98815,26617
35,426,-2.000164,26687
35,427,-1.000168,26782
35,428,-1.000272,26842
35,429,-1.000168,26937
35,430,-1.000109,26992
35,431,-1.000272,26997
35,432,-1.000272,27007
35,433,-1.000272,27012
35,434,-1.000054,27102
35,435,-1.000272,27107
35,436,-1,27227
35,437,-1.000168,27332
35,438,-1.000109,27397
35,439,-1.000109,27452
35,440,-1.00028,27512
35,441,-1.000272,27582
35,442,-1.00028,27602
35,443,-1.000054,27662
35,444,-0.9921,27747
35,445,-1,27867
35,446,-1,27907
35,447,-0.98025,27912
35,448,-1,27982
35,449,-1.000272,27987
35,450,-1.000056,27997
35,451,-1.000054,28037
35,452,-1,28077
35,453,-0.98815,28127
35,454,-1.000272,28187
35,455,-1.000163,28192
35,456,-1,28227
35,457,-1.000218,28252
35,458,-1.00028,28327
35,459,-1,28467
35,461,-1.9842,28527
35,462,-1.000054,28617
35,463,-1,28662
35,464,-1.000272,28667
35,465,-1,28782
35,466,-1.000272,28787
35,467,-1.000224,28842
35,468,-1.000218,28967
35,469,-1.000272,29212
35,470,-1.000168,29322
35,471,-1.000224,29367
35,472,-1.000218,29422
35,473,-1,29462
35,474,-1.000163,29512
35,475,-0.98815,29582
35,476,-1.000272,29657
35,477,-1.000272,29817
35,478,-1.000272,29822
35,479,-1.000272,29827
35,480,-1.000272,29832
35,481,-1.000272,29837
35,482,-1.000109,29897
35,483,-0.98025,29902
35,484,-1.000218,29952
35,485,-0.98815,29992
35,486,-1.000218,30117
35,488,-1.98815,30177
35,489,-0.98025,30182
35,490,-0.9921,30222
35,491,-1.000109,30402
35,492,-1.000272,30407
35,493,-1.000054,30452
36,493,1.078468,30582
36,494,-1.000272,30647
36,495,-0.98815,30722
36,496,-1.000224,30767
36,497,-1.000218,30832
36,498,-0.98025,30912
36,499,-1,31017
36,500,-1,31102
36,501,-0.98025,31162
36,502,-1.000163,31207
36,503,-1.000112,31312
36,504,-1.000163,31352
36,505,-0.98025,31367
36,506,-0.99605,31492
36,507,-0.99605,31602
36,508,-0.98025,31607
36,509,-1.000054,31737
36,510,-1,31777
36,511,-1.000272,31782
36,512,-1.000056,31872
36,513,-1.000272,31932
36,514,-0.99605,32027
36,515,-1.000272,32032
36,516,-1.000272,32107
36,517,-1.000272,32172
36,518,-1.000272,32177
36,519,-1.000054,32197
36,520,-0.9842,32237
36,521,-0.98025,32242
36,522,-1.000218,32282
36,523,-0.99605,32397
36,524,-1.000218,32437
37,524,1.045657,32827
37,525,-1.000272,32892
37,526,-1,32927
37,527,-1.000272,32932
37,528,-1,32977
38,528,1.146786,33047
38,529,-0.98025,33112
38,530,-1.000056,33222
38,531,-1.000272,33287
38,532,-1,33322
38,533,-1.000272,33337
38,534,-1.000054,33377
38,535,-1.000272,33502
38,536,-1.000272,33507
38,537,-1,33632
38,538,-0.98815,33677
38,539,-1.00028,33682
38,540,-1.000163,33772
39,540,1.148981,33842
39,541,-0.98025,33907
39,542,-1.000272,33912
39,543,-1.000272,33917
39,544,-1,33997
39,545,-1.000112,34117
40,545,1.12959,34197
40,546,-1.000218,34252
40,547,-1.000272,34387
40,548,-1.000272,34447
40,549,-0.98025,34452
40,550,-1.000272,34517
40,551,-1.000163,34547
41,551,1.105957,34667
41,552,-1.00028,34732
41,553,-1,34747
41,554,-1.000163,34797
41,555,-0.9921,34922
42,555,1.076064,35057
42,556,-1.000272,35062
43,556,1.076064,35197
43,557,-1.000054,35247
43,558,-1.00028,35302
43,559,-1.000054,35387
43,560,-1.000218,35432
43,561,-1.000109,35482
43,562,-1,35567
44,562,1.076064,35702
44,563,-1.000272,35827
44,564,-1.000272,35832
44,565,-0.98815,35897
44,566,-1.000109,36002
44,567,-1.000272,36007
44,568,-1.000272,36012
44,569,-1.000112,36082
44,570,-1,36127
44,571,-1.000272,36192
44,572,-0.98815,36237
44,573,-1.000272,36242
44,575,-2.000218,36362
44,576,-1.000272,36367
45,576,1.175166,36427
45,577,-1.000163,36522
45,578,-1.00028,36527
46,578,1.181546,36582
46,579,-1.000272,36587
46,580,-0.98025,36662
46,581,-1.000054,36717
46,582,-1.000272,36722
46,583,-1.00028,36852
46,584,-0.98025,36857
46,585,-1.000163,36897
46,586,-1.000272,36902
46,587,-1.000109,36942
46,588,-1.000272,36947
46,589,-1,37032
46,590,-1.000218,37082
47,590,1.064244,37237
47,591,-1.000272,37297
47,592,-1.000163,37347
47,593,-1.000163,37377
47,594,-1.000109,37482
47,595,-1.000272,37552
47,596,-0.9842,37677
47,597,-1.000272,37682
47,598,-1.00028,37747
47,599,-1,37777
47,600,-1.000168,37967
48,600,1.151243,38037
48,601,-1.000272,38042
48,602,-1.000272,38047
48,603,-0.98025,38107
48,604,-1.000109,38167
48,605,-1.000272,38172
48,606,-1.000272,38177
48,607,-0.98025,38252
48,608,-1.000272,38322
48,609,-1.000056,38412
48,610,-0.98025,38482
49,610,1.081028,38607
49,611,-1.000272,38667
49,612,-1.000218,38742
49,613,-0.9921,38892
50,613,1.079093,39022
50,614,-0.98025,39027
50,615,-1.00028,39087
50,616,-1.000056,39202
50,617,-1.000272,39282
50,618,-1.000272,39287
50,619,-1,39322
50,620,-1,39377
51,620,1.192035,39432
51,621,-0.98025,39507
51,622,-1,39537
51,623,-1,39577
51,624,-1.000272,39582
51,625,-1.000272,39587
51,626,-0.98025,39712
51,627,-1.000272,39717
51,628,-1.000218,39752
51,629,-1.000163,39867
51,630,-1.000218,39972
51,631,-1.000056,40022
51,633,-2.000164,40097
51,634,-1.00028,40102
51,635,-0.98025,40227
51,636,-1.00028,40232
51,637,-0.98815,40272
51,638,-1.000272,40277
52,638,1.074355,40412
52,639,-0.98025,40417
52,640,-1.00028,40497
53,640,1.0421,40737
53,641,-1.000056,40842
53,642,-1.000109,40897
53,643,-1.000272,40952
53,644,-1.00028,40957
54,644,1.084473,41077
54,645,-1.000056,41177
54,646,-1.000272,41182
54,647,-1.000109,41222
54,648,-1.000272,41227
54,649,-1.00028,41282
54,650,-1.000272,41287
54,651,-0.98025,41352
54,652,-1.00028,41357
54,653,-1,41402
54,654,-1,41512
54,655,-0.98815,41612
54,656,-1.000272,41677
54,657,-1,41737
54,658,-1.000054,41807
54,659,-1.000218,41897
54,660,-1.000054,42007
54,661,-0.98025,42012
54,662,-0.98025,42137
54,663,-1.000163,42207
54,665,-2.000164,42267
54,666,-1.000272,42272
54,667,-1.000112,42307
54,668,-1.000163,42407
54,669,-1.000168,42447
54,670,-1,42507
54,671,-1,42622
54,672,-1.000218,42687
54,673,-1,42787
54,674,-1.000272,42857
54,675,-1.000272,42862
54,676,-1.000168,42907
55,676,1.136714,42982
55,677,-1.000109,43012
55,678,-1.00028,43082
55,679,-1.000163,43202
55,680,-1.000272,43262
55,681,-1,43317
55,682,-1.00028,43397
55,683,-1,43452
55,684,-1.000272,43457
55,685,-1,43492
55,686,-0.98025,43497
55,687,-1.000272,43502
55,688,-1,43547
55,689,-1.000272,43617
55,690,-1.000272,43622
55,691,-1,43652
55,692,-1.000272,43657
55,693,-1.000218,43682
55,694,-1.000163,43782
55,695,-1.000054,43817
55,696,-1.000054,43852
55,697,-1.000272,43857
55,698,-0.9842,43977
55,699,-1.000272,43997
55,700,-1.000272,44002
55,701,-1.000272,44072
55,702,-1,44107
55,703,-1.000272,44112
55,704,-1.000272,44252
55,705,-1.000272,44372
55,706,-1.000054,44492
55,708,-2.000218,44567
55,709,-0.98025,44627
55,710,-1.000218,44727
55,711,-1.000272,44732
55,712,-0.9921,44797
55,713,-1.000054,44852
55,714,-1.000272,44912
55,715,-1,45012
55,716,-0.98025,45017
55,717,-0.98815,45067
55,718,-1.00028,45077
55,719,-1.000054,45132
55,720,-1.000054,45307
55,721,-1.000054,45352
55,722,-1.000272,45427
55,723,-1.000112,45472
55,724,-1,45522
56,724,1.084466,45642
56,725,-1.000272,45647
56,726,-1.00028,45652
56,727,-1.000272,45782
56,728,-1.000272,45787
56,729,-1,45967
56,730,-0.98025,45972
56,731,-1.00028,45977
56,732,-1.000112,46082
56,733,-1.000272,46157
56,734,-1.000272,46217
56,735,-1.000272,46297
56,736,-1.000272,46302
56,737,-1.000272,46367
56,738,-1.00028,46372
56,739,-1.00028,46377
56,740,-1,46417
56,741,-1.000272,46422
56,742,-1.000272,46492
56,743,-1.000272,46567
56,744,-1.00028,46627
56,745,-1.000272,46632
56,746,-1.00028,46722
56,747,-1.000224,46762
56,748,-1.000272,46832
56,749,-1.000272,46837
56,751,-2.000218,46897
56,752,-0.98025,46902
56,753,-1.000272,47132
56,754,-1.000224,47187
56,755,-1.000272,47192
56,756,-1.000168,47387
56,757,-1.000054,47417
56,758,-1.000218,47472
56,759,-1.000218,47522
56,760,-1.000054,47602
56,761,-1.000272,47607
56,762,-1.000218,47662
56,763,-1.000109,47767
56,764,-1.000272,47832
56,765,-0.98815,47887
56,766,-1.000109,47947
56,767,-1.000272,48082
57,767,1.089818,48197
58,767,1.151236,48267
58,768,-1.00028,48337
58,769,-1.000272,48407
58,770,-1.000109,48512
58,772,-2.000164,48577
58,773,-1,48632
58,774,-1.00028,48637
58,775,-1.000272,48712
58,776,-1.000272,48782
58,777,-1.000272,48787
58,778,-1.000163,48907
58,779,-1.000054,48957
58,780,-1,49022
58,781,-1.000163,49127
58,782,-1,49182
58,783,-1,49222
58,784,-0.9842,49297
58,785,-0.98025,49362
58,786,-0.98025,49367
58,787,-1.000112,49417
58,788,-1.000163,49462
58,790,-2.000164,49522
58,791,-1.00028,49527
58,792,-1.000218,49727
58,793,-1.000272,49732
58,794,-1.000112,49792
58,795,-1.000054,49837
58,796,-1.000272,49842
58,797,-1.000054,49907
58,798,-1.00028,49972
58,799,-0.98025,49977
58,800,-1.00028,49982
58,800,-5.448073E-05,50008
58,801,-1.000056,50058
58,802,-1.000272,50063
58,803,-1.000163,50108
58,804,-1.000272,50113
58,805,-1.000163,50178
58,806,-1.000272,50243
58,807,-1.000272,50248
58,808,-1.000168,50278
58,809,-0.98025,50283
58,810,-1.000054,50423
58,811,-1.000272,50483
58,812,-1.00028,50543
59,812,1.134855,50618
59,813,-0.99605,50733
59,814,-1.000272,50738
60,814,1.178299,50798
60,815,-0.98025,50803
60,816,-1.000112,50848
60,817,-0.98025,50853
60,818,-1.000109,50968
60,819,-1.000272,50973
60,820,-1,51038
60,821,-1.000054,51073
60,822,-1.000272,51078
60,823,-1.000163,51093
60,824,-1.000272,51098
60,825,-1,51123
60,826,-1.000112,51178
60,827,-1.000272,51298
60,828,-1,51333
60,829,-1.000272,51463
60,830,-1.000272,51468
60,831,-1.000112,51518
60,832,-1.000272,51523
60,833,-0.99605,51578
60,834,-0.98025,51643
60,835,-1.000272,51648
60,836,-1,51823
60,837,-0.98025,51888
60,838,-1.00028,51893
60,839,-1.000272,51958
60,840,-1.000272,52023
60,841,-1.000218,52203
60,842,-1,52243
60,843,-1,52343
60,844,-0.98815,52393
60,845,-1,52498
60,846,-1.000218,52533
60,847,-1,52698
60,848,-1.000272,52703
60,849,-1.00028,52708
60,850,-1.00028,52713
61,850,1.076064,52848
61,851,-1.00028,52853
61,852,-1.000163,52948
61,853,-1.000272,53008
61,854,-1,53118
61,855,-1,53163
61,856,-1.000218,53208
61,857,-1.000272,53278
61,858,-0.9921,53343
61,859,-1.000163,53383
61,860,-1.000272,53388
61,861,-0.98025,53393
61,863,-2.000164,53453
61,864,-1.000272,53668
61,865,-1.000272,53733
61,866,-1.000272,53793
61,868,-2.000168,53858
61,869,-1.000224,53908
61,871,-2.000164,54043
61,872,-1.000054,54208
62,872,1.173596,54273
62,873,-1.000168,54318
62,874,-1,54348
62,875,-1.000272,54353
62,876,-1.000272,54443
62,877,-1.000163,54513
62,878,-1.000272,54518
62,879,-0.98025,54598
62,880,-1.000112,54713
62,881,-0.98025,54718
62,882,-1.000272,54723
62,883,-1.000218,54753
62,884,-1.00028,54823
62,885,-1.000054,54878
62,886,-1,54923
62,887,-1.00028,55008
62,888,-1,55023
62,889,-1.000054,55123
62,890,-1.000272,55183
62,891,-0.9921,55423
62,892,-1.000272,55428
62,893,-1.000054,55478
62,894,-1.000218,55533
62,895,-0.98025,55538
62,896,-1.000218,55863
63,896,1.163662,55928
63,897,-1.000218,55983
63,898,-1.000163,56028
63,899,-1.000054,56143
63,900,-1.000272,56148
63,901,-1.000272,56233
63,902,-1.000109,56358
63,903,-1.000272,56363
63,904,-1.000272,56428
63,905,-1.000109,56468
64,905,1.079728,56593
64,906,-1.000272,56598
64,907,-0.99605,56648
64,908,-1,56763
64,909,-1.000272,56768
64,910,-1,56818
64,911,-1.000112,56938
64,912,-1.000109,57098
64,913,-1.000056,57263
64,914,-1,57303
64,915,-1.000272,57498
64,916,-1,57573
64,917,-1.00028,57578
64,918,-0.98025,57638
64,919,-1.00028,57643
64,920,-1.000272,57648
64,921,-1.000272,57708
64,922,-1.000272,57713
64,923,-1.000272,57783
64,924,-1.000163,57838
64,925,-1.00028,57843
64,926,-1.000168,57893
64,927,-1.000054,57948
64,928,-1.000272,57953
64,929,-1,57993
64,930,-1.000272,58053
64,931,-1.000272,58123
64,932,-1.000272,58128
64,933,-0.9842,58233
64,934,-0.98025,58378
64,935,-1.000272,58458
64,936,-1.000272,58518
64,937,-1.000168,58698
64,938,-0.9842,58813
64,939,-1.000272,58873
64,940,-0.98025,58948
64,941,-1.000272,59028
64,942,-1.000112,59148
64,943,-1.000272,59153
64,945,-2.000168,59213
64,946,-1.000054,59308
65,946,1.079728,59433
65,947,-1.000272,59498
65,948,-1.000272,59563
65,950,-2.000218,59683
65,951,-1.000168,59793
65,952,-1.000272,59798
65,953,-0.9842,59868
65,954,-1.000272,59938
65,955,-1.00028,59943
65,956,-0.98025,59948
65,957,-1.000112,60038
65,959,-2.000164,60163
65,960,-1.00028,60168
65,961,-1.000168,60273
65,962,-1,60338
65,963,-1.00028,60343
65,964,-1.000272,60348
65,965,-0.98025,60413
65,966,-0.98025,60428
65,967,-1.000163,60463
66,967,1.123184,60548
66,968,-1.000163,60663
66,969,-1.000163,60723
66,970,-0.98025,60793
66,971,-1.000218,60833
66,972,-0.98815,60878
66,973,-1.000272,60958
66,974,-1.000272,60963
66,975,-1.000272,60968
66,976,-0.99605,60998
66,977,-1.000272,61003
67,977,1.148981,61073
67,978,-0.98025,61193
67,979,-1.000218,61338
67,980,-1,61393
67,981,-1.000163,61433
67,982,-1.000272,61438
67,983,-1.000272,61498
67,984,-1.000272,61503
67,985,-1.000112,61593
67,986,-1,61658
67,987,-1.000163,61753
67,988,-1.000163,61948
67,989,-1.000272,61988
67,990,-1.000168,62048
67,991,-0.98025,62178
67,992,-1.000272,62183
67,993,-1.000054,62298
67,994,-1.000054,62393
67,995,-1.000272,62583
67,996,-1.000163,62653
67,997,-1.000163,62753
67,998,-1.000272,62923
68,998,1.054372,63108
68,999,-1.00028,63113
68,1000,-1.000054,63158
68,1001,-1.000272,63313
68,1002,-1,63398
68,1003,-1.000272,63523
68,1004,-1.000054,63583
68,1005,-1.000272,63588
68,1006,-0.98025,63653
68,1007,-0.98025,63713
68,1008,-1.000272,63793
68,1009,-1.000109,63813
68,1010,-1.000112,63918
68,1011,-1.000272,63923
68,1012,-1.000218,63983
68,1013,-1.000112,64068
68,1014,-1.000272,64073
68,1015,-1.000272,64138
68,1016,-1.000112,64238
68,1017,-1.000272,64243
68,1018,-1.000168,64273
68,1019,-1.000272,64343
68,1020,-1.000272,64468
68,1021,-0.9921,64563
68,1022,-1.000272,64568
68,1023,-1,64588
68,1024,-1.000218,64638
68,1025,-1.000272,64698
68,1026,-1.00028,64703
68,1027,-0.98815,64828
68,1028,-0.9842,64978
68,1029,-1.000109,65023
68,1030,-1.00028,65088
68,1032,-2.000164,65148
68,1033,-1.00028,65208
68,1034,-1.000272,65338
68,1035,-1.000272,65473
68,1036,-1.000272,65663
68,1037,-1.000272,65733
68,1038,-1.000109,65778
68,1039,-1.000272,65783
68,1040,-1,65828
68,1041,-1.00028,66018
68,1042,-1.000272,66023
68,1043,-1,66043
68,1044,-1.00028,66048
68,1045,-1.000218,66133
68,1046,-0.98025,66213
68,1047,-1.000272,66218
68,1048,-0.9842,66398
68,1049,-1.000168,66453
68,1050,-0.98025,66528
68,1051,-1.000168,66643
69,1051,1.141701,66728
69,1052,-1.000112,66778
69,1054,-2.000164,66838
69,1055,-1.00028,66968
69,1056,-1.000272,67033
70,1056,1.082372,67158
70,1057,-1,67323
71,1057,1.067755,67473
72,1057,1.116007,67563
72,1058,-1.000224,67618
72,1059,-0.98815,67658
72,1060,-1.000109,67783
72,1061,-1.000272,67788
72,1062,-0.98815,67838
72,1063,-1.000054,67893
72,1064,-1.000218,68138
72,1065,-0.98025,68143
72,1066,-0.99605,68208
72,1067,-1.000109,68263
72,1068,-1.000272,68343
72,1069,-1.000272,68393
72,1070,-0.98025,68398
72,1071,-1.000054,68508
72,1072,-1.000272,68673
72,1073,-1.000272,68733
72,1074,-1.000109,68828
72,1075,-1.000272,69088
73,1075,1.062621,69248
73,1076,-1.000272,69308
73,1077,-1,69353
73,1078,-1.000163,69423
73,1079,-1,69483
73,1080,-1.000168,69533
73,1081,-1.000272,69588
73,1082,-1.000272,69593
73,1083,-0.98025,69598
73,1084,-1.000218,69708
73,1085,-1.000272,69713
73,1086,-1.000272,69718
73,1087,-1.000109,69803
73,1088,-1.000218,69848
73,1089,-1.000272,69913
73,1090,-1.000272,69918
73,1091,-1.000272,69983
73,1092,-1.000272,70043
73,1093,-1,70138
73,1094,-1.000272,70143
73,1095,-0.98025,70213
73,1096,-1.00028,70288
73,1097,-1,70298
73,1098,-1.000272,70358
73,1099,-1.00028,70363
73,1100,-1.000272,70498
73,1101,-1.000054,70543
73,1102,-1.000272,70608
73,1103,-1,70653
73,1104,-1.000218,70698
73,1105,-1.000109,70803
73,1106,-1.000272,70878
73,1107,-1,70938
73,1108,-1.000054,71403
73,1110,-2.000218,71478
73,1111,-1.000272,71483
73,1112,-1.000272,71548
74,1112,1.142585,71618
74,1113,-1.000112,71653
74,1114,-1.000109,71723
75,1114,1.072191,71863
75,1115,-0.9921,71983
75,1116,-1.000218,72173
75,1117,-1.000272,72248
75,1118,-1.000272,72258
75,1119,-1.00028,72263
75,1120,-0.98025,72268
75,1121,-0.98025,72328
75,1122,-1.000218,72383
75,1123,-1.00028,72388
75,1124,-1.000272,72518
75,1125,-1.00028,72578
75,1126,-1.000218,72753
75,1127,-0.98025,72828
75,1128,-1.000112,72883
75,1130,-2.000218,73033
75,1131,-1.000272,73038
75,1132,-1.000109,73083
75,1133,-1.000272,73088
75,1134,-1.000272,73168
75,1135,-1.000109,73348
75,1136,-1.000272,73413
75,1137,-1.00028,73543
75,1138,-0.98025,73613
75,1139,-0.9921,73698
75,1140,-1.000056,73753
75,1141,-1.000272,73758
75,1142,-1.000272,73883
75,1143,-1.000054,73918
75,1144,-0.98815,74043
75,1145,-1.000218,74213
75,1146,-1.000272,74353
75,1147,-1.00028,74413
75,1148,-0.98025,74418
75,1149,-0.9921,74448
75,1151,-1.9842,74568
75,1152,-1.000272,74633
75,1153,-1.00028,74638
75,1154,-1.000224,74758
76,1154,1.124728,74838
76,1155,-0.98025,74843
76,1156,-1.000218,74943
76,1157,-1.000109,75003
76,1157,-5.448073E-05,75009
76,1158,-1.000272,75134
76,1159,-1.000272,75194
76,1160,-1.000272,75254
76,1161,-0.9842,75384
76,1162,-1.000272,75454
76,1163,-0.98025,75459
76,1164,-0.9842,75559
76,1165,-1.000109,75679
76,1167,-2.000164,75754
76,1168,-0.98815,75809
76,1169,-0.98025,75814
76,1170,-1.000272,75819
76,1171,-1,75869
76,1172,-1.00028,75874
76,1173,-1.000218,75984
76,1174,-1,76039
76,1175,-0.99605,76149
76,1176,-1.000054,76209
76,1177,-1.000272,76214
76,1178,-0.98025,76219
76,1179,-1.000109,76254
76,1180,-1.000272,76319
76,1181,-0.98815,76369
76,1182,-1.000272,76374
76,1183,-1.000168,76464
76,1184,-1,76514
76,1185,-1.000163,76564
76,1186,-1.000054,76614
76,1187,-1.000109,76729
76,1188,-1.000272,76789
76,1189,-1.00028,76884
76,1190,-1.00028,77014
76,1191,-0.99605,77089
76,1192,-0.9921,77199
76,1193,-0.98025,77264
76,1194,-1,77379
76,1195,-0.9842,77454
76,1196,-1.000272,77459
76,1197,-1,77534
76,1198,-1.000272,77659
76,1199,-1.000272,77719
76,1200,-1.000272,77924
76,1201,-1.000224,77979
76,1202,-1.000109,78184
76,1203,-1.000163,78249
76,1204,-0.9921,78429
76,1205,-1.000109,78554
76,1206,-1.000272,78629
76,1207,-1.000272,78689
76,1208,-1.000218,78724
76,1209,-1.000054,78764
76,1210,-1.000272,78769
77,1210,1.100395,78894
77,1211,-0.98025,78899
77,1212,-1.000218,79004
77,1213,-1,79099
77,1214,-1,79204
77,1215,-1.000272,79209
77,1216,-1.000272,79274
78,1216,1.083853,79434
78,1217,-1.000272,79439
78,1218,-1.000056,79469
78,1219,-0.98025,79474
78,1220,-1.000218,79514
78,1221,-1.000109,79584
78,1222,-0.98025,79654
78,1223,-1.000054,79699
78,1224,-0.98815,79724
78,1225,-0.98025,79729
78,1226,-1,79769
78,1227,-0.98025,79774
78,1228,-1.000272,79839
78,1229,-0.98815,79909
78,1230,-1.000163,80024
78,1231,-1.000218,80064
78,1232,-1,80119
78,1233,-1.000109,80164
78,1234,-1.000272,80169
78,1235,-1.000109,80214
78,1236,-1.00028,80219
78,1237,-1.000163,80264
78,1238,-1.00028,80334
78,1239,-1.000272,80399
78,1240,-1.000056,80504
78,1241,-1.000272,80569
78,1242,-1.000054,80629
78,1243,-1.00028,80634
78,1244,-1.000272,80639
78,1245,-1.00028,80644
78,1246,-1.00028,80669
78,1247,-1.000056,80819
78,1248,-1.000272,80824
78,1249,-1.000272,80904
78,1250,-1,80964
78,1251,-1.000272,81024
78,1252,-1.000272,81029
78,1253,-1.000272,81104
78,1254,-1.000163,81109
78,1255,-1.00028,81114
78,1256,-1.000272,81234
78,1257,-1.000272,81434
78,1258,-1.000218,81554
78,1259,-1.000218,81614
78,1260,-1.000272,81744
78,1261,-1.000272,81809
79,1261,1.101761,81909
79,1262,-0.98025,81979
79,1263,-1.00028,81984
80,1263,1.186417,82044
80,1264,-1.000272,82169
80,1265,-1,82284
80,1267,-2.000164,82414
80,1268,-1.000163,82469
80,1269,-1.000163,82519
81,1269,1.082372,82644
81,1270,-1.000054,82679
81,1271,-0.98025,82734
81,1272,-1.000272,82799
81,1273,-1,82919
81,1274,-1.000272,83259
81,1275,-1.000272,83524
81,1276,-1,83644
81,1277,-1.000272,83699
81,1278,-1.000272,83704
81,1279,-1,83744
81,1280,-1,83799
81,1281,-1,83844
81,1282,-1,83919
81,1283,-1.000168,83979
81,1284,-0.98025,83984
81,1285,-0.98815,84089
81,1286,-1.00028,84094
81,1287,-1.000272,84099
81,1288,-1.000272,84104
81,1289,-1.000112,84289
81,1290,-0.98025,84294
81,1291,-1,84389
81,1292,-1.000054,84439
82,1292,1.099728,84539
82,1293,-1.000272,84544
82,1294,-1.000272,84549
82,1295,-1.000272,84554
82,1296,-1.000272,84614
83,1296,1.155978,84679
83,1297,-1.000272,84684
83,1298,-1.000272,84754
83,1299,-1,84799
83,1300,-1.000272,84864
83,1301,-1.000272,84879
83,1302,-1.000272,84884
83,1303,-1.000163,84994
83,1304,-1.000272,85069
83,1305,-1.000272,85074
83,1306,-0.98025,85204
83,1307,-0.98025,85264
83,1309,-2.000218,85324
83,1310,-1.000054,85489
83,1311,-1.000163,85589
84,1311,1.074916,85724
84,1313,-2.000218,85789
84,1314,-1.000272,85854
84,1315,-1.000272,85924
84,1316,-0.9921,86039
84,1317,-1.000109,86139
84,1318,-1.000272,86144
84,1319,-1.000109,86249
84,1320,-1,86354
84,1321,-1.000109,86479
84,1322,-1.000163,86539
84,1323,-1.000272,86599
84,1324,-1.000272,86744
84,1325,-1.000109,86774
84,1326,-1.000272,86779
84,1327,-0.98025,86784
84,1328,-1.000272,86844
84,1329,-1,86889
84,1330,-1.00028,87009
84,1331,-1.000163,87054
84,1332,-1.00028,87059
84,1333,-1.000272,87149
84,1334,-1.000163,87254
84,1335,-0.98025,87259
84,1336,-1.000272,87384
84,1337,-1.000218,87534
84,1338,-1.000272,87539
84,1339,-0.98025,87664
84,1340,-0.99605,87839
84,1341,-1.000109,87894
84,1342,-1.000272,87964
84,1343,-1.000272,88034
84,1344,-1.000272,88139
84,1345,-0.99605,88189
84,1346,-1.000272,88194
84,1347,-1.00028,88199
84,1348,-1.000224,88269
84,1349,-1.000272,88274
84,1350,-1.000272,88279
84,1351,-1.00028,88354
85,1351,1.056225,88534
85,1352,-1,88569
85,1353,-1,88624
85,1354,-0.98025,88754
85,1356,-1.9842,88814
85,1357,-1.000056,88839
85,1358,-1,88959
85,1359,-1.000109,89059
85,1360,-1.000272,89064
85,1361,-0.98025,89129
85,1362,-0.98025,89134
85,1363,-1.000272,89209
85,1364,-1.000272,89269
85,1365,-0.98025,89274
85,1366,-1.000054,89319
85,1367,-1.000272,89454
85,1368,-1.000109,89554
85,1369,-1.000272,89619
85,1370,-1.000224,89684
85,1371,-1.000272,89744
85,1372,-1.000272,89804
85,1373,-1.000112,89969
85,1374,-1.000272,90029
85,1375,-1.000272,90034
85,1376,-1.000272,90109
85,1377,-1.000272,90114
85,1378,-1.000168,90189
85,1379,-1.000112,90309
85,1380,-1.000272,90314
85,1381,-1.000168,90319
85,1382,-1,90399
85,1383,-1.000272,90404
85,1384,-1.000272,90409
85,1385,-1.000272,90414
85,1386,-1,90469
85,1387,-1.000163,90494
85,1388,-1.000109,90594
85,1389,-1.000218,90724
85,1390,-1.000272,90729
85,1391,-1.000272,90794
85,1392,-1.000163,90854
85,1393,-1.000272,90984
85,1394,-1.000163,91109
85,1395,-1.000272,91114
85,1397,-2.000164,91184
85,1398,-1.000163,91309
85,1399,-1.000163,91374
85,1400,-0.9921,91439
85,1401,-1.000163,91494
85,1402,-1.000272,91499
85,1403,-0.99605,91599
85,1404,-1.000272,91604
85,1405,-1.00028,91609
85,1406,-1.00028,91614
86,1406,1.075485,91749
86,1407,-0.99605,91789
86,1408,-1.000272,91849
86,1409,-0.99605,91904
86,1410,-0.98025,91909
86,1411,-1.00028,91914
86,1412,-1,92094
86,1413,-1.000054,92124
86,1414,-1.000056,92174
86,1415,-1.000272,92179
86,1416,-1,92219
86,1417,-0.98025,92234
86,1418,-1.000272,92239
86,1419,-1.000056,92284
87,1419,1.091692,92424
87,1420,-1,92484
87,1421,-1.000218,92589
87,1422,-1.000272,92594
87,1423,-0.9921,92679
88,1423,1.178299,92739
88,1425,-2.000164,92864
88,1426,-0.98025,92944
88,1427,-0.98025,92949
88,1428,-1.000272,93009
88,1429,-1.000272,93079
88,1430,-1.000272,93154
88,1431,-1.00028,93159
88,1432,-1,93169
88,1433,-1.000054,93279
88,1434,-1.000109,93414
88,1435,-1,93469
88,1436,-1.000272,93474
88,1437,-1.000109,93519
89,1437,1.109611,93614
89,1438,-1.000224,93664
90,1438,1.164678,93734
90,1439,-0.98025,93739
90,1440,-1.000054,93779
90,1441,-1.000054,93959
90,1442,-1.000272,93964
90,1443,-1.000168,94009
90,1444,-0.98025,94014
90,1445,-1.000218,94144
90,1446,-1.000272,94149
90,1447,-1.000112,94279
90,1448,-1.000272,94344
90,1449,-1.000168,94459
90,1450,-1.000224,94514
90,1451,-1.000272,94519
90,1452,-1.000272,94664
90,1453,-1,94754
90,1454,-1.000272,94829
90,1455,-1.00028,94834
90,1456,-1.000054,94874
90,1457,-1.000112,94914
90,1458,-1,95019
90,1460,-2.000164,95079
90,1461,-1.000218,95169
90,1462,-0.98025,95234
90,1463,-1.000272,95239
90,1464,-1.000272,95244
90,1465,-1.000163,95289
90,1466,-0.9921,95334
90,1467,-1.000056,95364
90,1468,-1.000109,95724
90,1469,-1.000218,95824
90,1470,-1.000272,95829
90,1471,-1.000163,95934
90,1472,-1.00028,96064
90,1473,-1.000218,96124
90,1474,-1.000272,96194
90,1475,-1.000272,96269
90,1476,-1.000168,96314
90,1477,-1.00028,96379
90,1478,-1.000163,96404
90,1479,-1.000112,96459
90,1480,-1.00028,96604
90,1481,-1.000163,96609
90,1482,-1.000054,96654
90,1483,-0.98025,96659
90,1484,-1.000272,96664
90,1485,-1.000054,96714
90,1486,-1,96759
90,1487,-1.000218,96939
90,1488,-1.000272,97059
90,1489,-1,97144
90,1491,-2.000164,97209
90,1492,-1.000272,97284
90,1493,-1.000272,97289
90,1495,-1.9842,97364
90,1496,-1.000272,97369
90,1497,-1,97429
90,1498,-1.000272,97434
90,1499,-0.9921,97579
90,1500,-1.00028,97629
90,1501,-1.00028,97634
90,1502,-1.000109,97849
90,1503,-1,98044
90,1504,-0.98025,98104
90,1505,-1.000272,98234
90,1506,-1.000272,98239
90,1507,-1.000054,98359
90,1508,-1.000163,98394
90,1509,-1.000272,98399
90,1510,-1.000272,98404
90,1511,-1.000218,98579
90,1512,-1.000054,98694
90,1513,-1.000224,98794
90,1514,-1.000272,98869
91,1514,1.073802,99004
91,1515,-1.000272,99009
91,1516,-1.000054,99189
91,1517,-1.000109,99314
91,1518,-1,99409
91,1519,-1,99449
91,1520,-1.000109,99494
91,1521,-1.000218,99544
91,1522,-1.000218,99579
91,1523,-1.000272,99584
91,1524,-1.000109,99699
91,1525,-1,99844
91,1526,-1.000272,99849
91,1527,-0.98025,99919
91,1528,-1.000272,99979
91,1529,-1.000163,100009
91,1529,-5.448073E-05,100010
92,1529,1.133061,100085
92,1530,-1.000054,100230
92,1531,-0.9842,100305
92,1532,-1.000054,100415
92,1533,-1.000272,100420
92,1534,-1.00028,100485
92,1535,-1.000272,100490
92,1536,-1.000109,100545
92,1537,-1,100695
92,1538,-1.000163,100880
92,1539,-1.000112,100935
92,1540,-1.000054,100995
92,1541,-1,101040
92,1542,-1.000109,101215
92,1543,-1.000272,101240
92,1544,-1.000272,101245
92,1545,-0.98025,101250
92,1546,-0.98025,101320
92,1547,-1.00028,101380
92,1548,-1.000272,101385
92,1550,-1.9842,101450
92,1551,-1.000272,101455
93,1551,1.082372,101580
93,1552,-1.000272,101640
93,1553,-1.000163,101675
93,1554,-0.98025,101680
93,1555,-1.00028,101750
93,1556,-1.000054,101795
93,1557,-0.98025,101800
93,1558,-1.000272,101980
93,1559,-1.000163,102040
93,1560,-1.00028,102045
93,1561,-1.000272,102050
93,1562,-1.000272,102055
93,1563,-1.000272,102060
93,1564,-0.98025,102185
93,1565,-1.000272,102190
93,1566,-0.9842,102385
93,1567,-1.000272,102390
93,1568,-1.000109,102445
93,1569,-0.98025,102450
93,1570,-0.9921,102505
93,1571,-1.000272,102640
94,1571,1.158639,102715
94,1572,-0.98025,102835
94,1573,-1.000112,102875
94,1574,-1.000272,102935
94,1575,-0.99605,102990
94,1576,-1.000272,102995
94,1577,-1.000272,103000
94,1578,-1.000272,103100
94,1579,-1.000054,103220
94,1580,-1.000109,103315
94,1581,-0.98025,103395
94,1582,-1.000272,103400
94,1584,-1.98815,103465
94,1585,-1.000109,103520
94,1586,-1.000272,103525
94,1587,-1.000218,103580
94,1588,-1.000272,103585
94,1589,-1.000163,103690
94,1590,-1.000272,103775
94,1591,-1.000272,103780
94,1592,-0.99605,103900
94,1593,-1.000163,103940
95,1593,1.059251,104110
95,1594,-1.000163,104190
95,1595,-1.00028,104195
95,1596,-1.000218,104255
95,1597,-1.000218,104380
95,1598,-1.000272,104385
95,1599,-1.000109,104500
95,1600,-1,104555
95,1601,-1,104655
95,1602,-1.000272,104720
95,1603,-1.000272,104725
95,1604,-1.000109,104775
95,1605,-1.000054,104870
95,1606,-0.9842,104990
95,1607,-1.000272,105130
95,1608,-1.000218,105195
95,1609,-1,105350
95,1610,-1.000109,105405
95,1611,-0.99605,105565
95,1612,-1.000109,105620
95,1613,-1.000163,105750
95,1614,-1.000272,105755
95,1615,-1,105855
95,1616,-1.000054,105925
95,1617,-1.000109,106015
95,1618,-0.98025,106180
95,1619,-0.9842,106300
95,1620,-1.000218,106335
95,1621,-1.000272,106345
95,1622,-1,106525
95,1623,-1,106640
95,1624,-1,106725
95,1625,-1.000218,107130
95,1626,-0.9842,107245
95,1627,-1.000272,107250
95,1628,-0.98025,107255
95,1629,-1.000272,107260
95,1630,-1,107365
95,1631,-1.000163,107455
95,1632,-1.000054,107490
95,1633,-0.98025,107550
95,1634,-1.000272,107610
95,1635,-1.000109,107830
95,1636,-1,107925
95,1637,-1,107965
95,1638,-1,108075
95,1639,-1.000272,108080
95,1640,-1.000218,108185
95,1641,-1.000272,108245
95,1642,-0.98025,108315
95,1643,-1.000054,108370
95,1644,-1.000272,108535
95,1646,-2.000164,108595
95,1647,-1.000272,108600
95,1648,-1.000272,108605
95,1649,-1.000272,108680
95,1650,-1.000272,108685
95,1651,-1.000272,108755
95,1652,-0.98025,108760
95,1653,-1.000054,108825
95,1654,-1.000272,108830
95,1655,-1.000109,108945
95,1656,-0.98025,108960
95,1657,-1.000272,108965
95,1658,-0.9921,109035
95,1659,-1.000163,109150
95,1660,-0.98025,109215
95,1661,-1.00028,109220
95,1662,-1.000272,109225
95,1663,-1.000272,109285
95,1664,-1.000218,109505
95,1665,-1.000272,109510
96,1665,1.059969,109680
96,1666,-1.000109,109730
97,1666,1.183684,109795
97,1667,-1.000272,109860
97,1668,-1.000218,109960
97,1669,-1.000218,110065
97,1670,-1.000163,110185
97,1671,-1.000218,110345
97,1672,-1,110525
97,1673,-1.00028,110660
97,1674,-1.000218,110685
97,1675,-1.00028,110690
98,1675,1.151329,110770
98,1676,-1.000272,110850
98,1677,-1.000272,110855
98,1678,-1.000109,110950
98,1679,-1.000272,110955
98,1680,-1.000272,111025
98,1681,-1.000109,111070
98,1683,-1.9842,111130
98,1684,-1.000272,111135
98,1685,-1.000163,111195
98,1686,-1.000272,111260
98,1687,-1.000272,111265
98,1688,-1.000224,111315
98,1689,-1.000272,111320
98,1690,-1,111470
98,1691,-1.000272,111530
98,1693,-2.000164,111655
98,1694,-1.000224,111710
99,1694,1.069255,111915
99,1695,-1.000272,111975
99,1696,-1.000272,111980
99,1697,-0.98025,111985
99,1698,-1.000272,111990
99,1699,-1,112045
99,1700,-1,112155
99,1701,-1.000109,112230
99,1702,-0.98025,112235
99,1703,-0.98025,112240
99,1704,-0.98025,112305
99,1705,-1,112365
99,1706,-1.000272,112370
99,1707,-1.000168,112420
99,1708,-1.000109,112525
99,1709,-0.98025,112620
99,1710,-1.000272,112705
99,1711,-1.00028,112770
99,1712,-1,112880
99,1713,-1.000163,112985
99,1714,-1.000218,113080
99,1715,-1.000272,113235
99,1716,-1.000272,113360
99,1717,-1.000272,113365
100,1717,1.055907,113545
100,1718,-1.000272,113615
101,1718,1.127933,113695
101,1719,-1.000272,113755
101,1720,-1.00028,113760
101,1721,-1.000272,113765
101,1722,-1.00028,113905
101,1723,-1.000272,113910
101,1724,-0.98025,113965
101,1725,-1.000218,114115
101,1726,-1.000272,114180
101,1727,-1.000218,114295
101,1728,-0.98025,114300
101,1729,-0.99605,114680
101,1730,-1.000054,114785
101,1731,-0.98025,115040
101,1732,-1.000272,115045
101,1733,-0.98025,115170
101,1734,-1.000272,115240
101,1735,-1.000054,115360
101,1736,-1.000109,115400
101,1737,-1.000272,115405
101,1738,-1.000218,115490
101,1739,-0.98025,115565
101,1740,-1.000272,115570
101,1741,-0.99605,115685
101,1742,-1.000272,115690
101,1743,-1.000218,115775
101,1744,-1.000218,115840
101,1745,-1.000163,115895
101,1746,-1.000109,115975
101,1747,-0.98025,115980
102,1747,1.105957,116100
102,1748,-0.98025,116105
102,1749,-1.000272,116110
102,1750,-1.000054,116225
102,1751,-1.000272,116230
102,1752,-1,116365
102,1753,-1.000272,116370
102,1754,-1.000163,116445
102,1755,-1.000272,116620
102,1756,-1.000272,116680
102,1757,-1.000163,116725
102,1758,-0.98025,116730
102,1759,-1.000272,116735
102,1760,-1.000056,116965
102,1761,-1.00028,116970
102,1762,-1.000272,116975
102,1763,-1.000163,117025
102,1764,-0.99605,117135
102,1765,-1.000272,117140
102,1766,-1.000224,117260
102,1767,-1.000218,117370
102,1768,-1.00028,117440
102,1769,-1.000272,117520
102,1770,-1.000272,117525
102,1771,-0.98025,117530
102,1772,-1.00028,117535
102,1773,-1.000056,117585
102,1774,-0.99605,117750
102,1775,-1.000168,117845
102,1776,-1.000163,117960
102,1777,-1.00028,117965
102,1778,-1.000272,118215
102,1779,-1,118260
102,1780,-0.98025,118275
102,1781,-1.000272,118335
102,1783,-2.000164,118425
102,1784,-1,118480
102,1785,-1.000272,118485
102,1786,-1,118545
102,1787,-1,118655
102,1788,-0.98025,118660
102,1789,-1.000109,118755
103,1789,1.085198,118875
103,1790,-1.000054,118925
103,1791,-1.000272,118985
103,1792,-0.9921,119035
103,1793,-0.98025,119040
103,1794,-1.000272,119265
103,1795,-1.000218,119320
103,1796,-1.000272,119325
103,1797,-1.000218,119380
103,1798,-0.9921,119480
103,1799,-1.000272,119485
103,1800,-1.000163,119645
103,1801,-0.98025,119650
103,1802,-0.99605,119710
103,1804,-2.000218,119895
103,1805,-1.00028,119900
103,1806,-1.000272,119905
103,1807,-1.000272,119910
104,1807,1.166387,119970
104,1808,-0.98025,119975
104,1809,-1,120095
104,1810,-1.000054,120140
104,1811,-1.000272,120145
104,1812,-1.000224,120335
104,1813,-1.000272,120400
104,1814,-0.99605,120460
104,1815,-1.000272,120465
104,1816,-1.000163,120505
104,1817,-1,120545
104,1818,-1.000272,120735
104,1819,-1,120880
104,1820,-1.000272,120885
105,1820,1.07015,121030
105,1821,-0.99605,121210
105,1822,-1.000163,121260
105,1823,-1.000163,121355
105,1824,-1.000056,121465
105,1825,-1.000112,121580
105,1826,-1.000272,121670
105,1827,-0.98025,121675
105,1828,-1.000272,121810
105,1829,-1.000272,121865
105,1830,-1.00028,121930
105,1831,-1.000272,121935
106,1831,1.184913,121990
106,1832,-0.98815,122080
106,1833,-1.000272,122085
106,1834,-1.000272,122090
106,1835,-0.9842,122160
106,1836,-1.00028,122165
106,1837,-1.000272,122170
106,1838,-1.000272,122360
106,1839,-1.000272,122375
106,1840,-1.000272,122390
106,1841,-1.000163,122445
106,1842,-1.000272,122450
106,1843,-1.000109,122545
106,1844,-1.000218,122735
106,1845,-1.000218,122915
106,1846,-1.00028,123045
107,1846,1.192035,123100
107,1847,-1.000272,123425
107,1848,-1.000054,123470
107,1849,-1.00028,123530
107,1850,-1.000272,123535
107,1851,-1.000054,123585
107,1852,-0.98025,123710
107,1853,-1.00028,123765
107,1854,-0.98025,123955
107,1855,-1.000054,124010
107,1856,-1.000272,124045
107,1857,-1.000272,124105
107,1858,-0.98025,124170
107,1859,-0.98025,124305
107,1860,-1.000272,124310
107,1861,-1.00028,124315
107,1862,-0.98025,124320
107,1864,-1.9842,124380
107,1865,-1.000272,124440
107,1866,-1.000054,124480
107,1867,-1.000272,124550
107,1869,-2.000168,124615
107,1870,-0.98025,124670
107,1871,-0.9842,124800
107,1872,-1,124955
107,1872,-5.448073E-05,125011
107,1873,-1.000272,125016
107,1874,-0.98025,125081
107,1875,-1.000163,125126
107,1877,-2.000164,125441
107,1878,-1.000163,125556
107,1879,-1.00028,125621
108,1879,1.07272,125761
108,1880,-0.98025,125766
108,1881,-1.000272,125836
108,1882,-0.9842,125901
108,1883,-1,125961
108,1884,-1.000272,126111
108,1885,-1,126146
108,1886,-1.000054,126251
108,1887,-1.00028,126366
108,1888,-0.98025,126551
108,1889,-0.98025,126631
108,1890,-1.000054,126651
108,1891,-1.000054,126761
109,1891,1.142585,126831
109,1892,-1.000272,127016
110,1892,1.173596,127081
110,1893,-1,127121
110,1894,-1.000272,127311
110,1895,-1.000218,127381
110,1896,-1.000272,127431
110,1897,-1.000218,127616
110,1898,-0.98025,127621
110,1899,-1.000109,127791
110,1900,-1.000168,127846
110,1901,-0.99605,127946
110,1902,-1.000272,128026
110,1903,-1.000218,128056
110,1904,-1,128176
110,1905,-1.000109,128261
110,1906,-1.000218,128366
110,1907,-1.000272,128371
110,1908,-1,128386
110,1909,-1,128441
110,1910,-1.000163,128611
110,1911,-1.000272,128676
110,1912,-1.000272,128731
110,1913,-1.000109,128766
110,1914,-1.000272,128836
110,1915,-1.000272,128841
110,1916,-1,128981
110,1917,-0.98025,129176
110,1918,-1.000272,129241
110,1919,-1.000218,129441
110,1920,-1.000054,129486
110,1921,-1.000054,129621
110,1922,-0.9842,129701
110,1923,-1.000272,129761
110,1924,-0.9921,129816
110,1925,-1.000109,129851
110,1926,-1.000054,129991
110,1927,-1.000163,130211
110,1928,-0.98025,130216
111,1928,1.095508,130351
111,1929,-1.000272,130356
111,1930,-0.9842,130401
111,1931,-1.000272,130486
111,1932,-1.000272,130556
111,1933,-0.98025,130616
111,1934,-0.98025,130681
111,1935,-1.000168,130806
111,1936,-1.000109,130871
111,1937,-1.000109,130901
111,1938,-1.000272,130956
111,1939,-1.000272,131161
111,1940,-1.000272,131166
111,1941,-1.000054,131196
111,1942,-1.000168,131286
111,1943,-1.000163,131331
111,1944,-1.000054,131446
111,1945,-1.000272,131451
111,1946,-1.000272,131456
111,1947,-1.000272,131521
111,1948,-1.000109,131736
111,1949,-0.98025,131741
111,1950,-1.000054,131921
111,1951,-1.000272,132046
111,1952,-1,132101
111,1953,-1.000272,132231
111,1954,-0.98815,132281
111,1955,-1.000272,132551
111,1956,-1.00028,132676
111,1957,-1.000054,132791
111,1959,-2.000218,132881
111,1960,-1.000272,132886
111,1961,-1.000272,132941
111,1962,-1,133151
111,1963,-1,133366
111,1964,-1.000272,133371
111,1965,-0.98025,133466
111,1966,-1.00028,133531
111,1967,-1.000272,133596
111,1968,-1.000272,133761
111,1969,-1.000272,133876
112,1969,1.052359,134066
112,1970,-1.000272,134071
112,1971,-0.98025,134126
112,1972,-0.98025,134131
112,1973,-1.000272,134146
112,1974,-1.000054,134231
112,1975,-1.000272,134291
112,1976,-1.000272,134296
112,1977,-1,134336
112,1978,-1.000054,134406
112,1979,-1.000272,134411
112,1980,-1,134476
112,1981,-1.000272,134606
112,1982,-1.000272,134661
112,1983,-1,134761
112,1984,-1.000272,134776
112,1985,-1,134886
112,1986,-1.000272,134891
112,1987,-0.99605,134941
112,1988,-1.000272,135006
112,1989,-1.000218,135056
112,1990,-0.98025,135136
112,1991,-0.98025,135141
112,1992,-1.000272,135216
112,1993,-1.000218,135271
112,1994,-1.000163,135316
112,1995,-1.000272,135321
112,1996,-1.00028,135391
112,1997,-1.000272,135456
112,1998,-1.000272,135461
112,1999,-0.98025,135466
112,2000,-0.99605,135516
112,2002,-1.9842,135741
112,2003,-1.000272,135931
112,2004,-1.000054,136111
112,2005,-1.00028,136116
112,2006,-1.000218,136306
112,2007,-1.000056,136406
112,2008,-0.98025,136411
112,2009,-0.98025,136471
112,2010,-1.000054,136506
112,2011,-1.000109,136691
112,2012,-1.000218,136931
112,2013,-1.000272,136991
112,2014,-1.000272,136996
112,2015,-1.000272,137126
112,2016,-1.000272,137186
112,2017,-1.000163,137356
112,2018,-0.99605,137446
112,2019,-1.000272,137511
112,2020,-1.000272,137516
112,2021,-1.000272,137521
112,2022,-1.000272,137661
112,2023,-1,137706
112,2024,-1.000272,138061
112,2025,-1.000054,138121
112,2026,-1.000272,138191
112,2027,-1.000272,138196
112,2028,-1.000272,138201
112,2029,-1.000272,138651
112,2030,-1.000163,138711
112,2031,-1.000272,138716
112,2032,-1.000112,138771
112,2033,-0.98025,138831
112,2035,-2.000218,138891
112,2036,-0.98025,138896
112,2037,-1.000272,138961
112,2038,-1.000054,138991
112,2039,-1.000272,139051
112,2040,-1.000272,139056
112,2041,-1.000109,139356
112,2042,-0.98025,139361
112,2043,-0.98025,139366
112,2044,-1.000272,139371
112,2045,-1.000163,139431
112,2046,-1,139466
112,2047,-1.000272,139531
112,2048,-1.000272,139536
112,2049,-1.000272,139671
112,2050,-0.98025,139676
112,2051,-1.00028,139821
112,2052,-1.00028,139826
113,2052,1.036628,140101
113,2053,-1.000109,140136
113,2054,-1.000054,140246
113,2055,-1.000272,140306
113,2056,-1.00028,140446
113,2057,-1.00028,140511
113,2058,-1.000272,140516
113,2059,-1.000272,140521
113,2060,-1.000272,140591
113,2061,-1.000272,140596
113,2062,-1.000054,140641
113,2063,-1.000272,140646
113,2064,-1,140681
113,2065,-1.000272,140686
113,2066,-1.00028,140691
113,2067,-1.000272,140711
113,2068,-1.00028,140781
113,2069,-0.98025,140916
113,2070,-1.000056,140961
113,2071,-1.00028,140966
113,2072,-1.000272,140971
113,2073,-1.000272,141061
113,2074,-1.000272,141066
113,2075,-1.000218,141136
113,2076,-0.98025,141141
113,2077,-1.000272,141146
113,2078,-1.000163,141196
113,2079,-1.000272,141321
113,2080,-1,141371
113,2081,-1.000054,141426
113,2082,-0.99605,141621
113,2083,-1,141716
113,2085,-2.000168,141776
114,2085,1.178299,141836
114,2086,-1.000272,141841
114,2087,-1.000272,141916
114,2088,-1.000109,142071
114,2089,-1.00028,142076
114,2090,-0.98025,142206
114,2091,-0.98025,142266
115,2091,1.088216,142381
115,2092,-1.000272,142386
115,2093,-1.000272,142391
115,2094,-1.000272,142396
115,2095,-1.000272,142481
115,2096,-0.98025,142761
115,2097,-1.000272,142891
115,2098,-0.98025,143146
115,2099,-1.000272,143271
115,2100,-1,143586
115,2101,-1.000272,143706
115,2102,-1,143836
115,2103,-1.000218,144026
115,2104,-0.98025,144136
115,2105,-1.000218,144176
115,2106,-1.000163,144296
115,2107,-1.000272,144491
115,2108,-1.000054,144526
115,2109,-1.000218,144576
115,2110,-0.98815,144706
115,2111,-1.000218,144766
115,2112,-1.000272,144771
115,2113,-1.00028,144911
115,2114,-1.00028,144916
115,2115,-1.000218,145051
115,2116,-0.98025,145056
115,2117,-1.000272,145061
115,2118,-1.000168,145236
115,2119,-1.000163,145461
115,2120,-1.000272,145471
115,2121,-1,145571
115,2122,-1.000218,145666
115,2123,-1.000272,145791
115,2124,-1.000272,145911
115,2125,-1.000272,145916
115,2126,-1.000272,145921
115,2127,-1.000272,145986
115,2128,-1.000218,146031
115,2129,-1.000272,146151
115,2130,-1.000272,146156
115,2131,-0.98025,146216
115,2132,-1,146331
115,2133,-1.000272,146396
115,2134,-1.000163,146436
115,2135,-1.00028,146441
115,2136,-1.000163,146536
115,2137,-1.000272,146541
115,2138,-1.000109,146766
115,2139,-1.000272,146771
115,2140,-1.00028,146776
115,2141,-1.000054,146876
115,2142,-1.000163,146931
115,2143,-1.000272,147071
115,2145,-2.000218,147146
115,2146,-1.00028,147206
115,2147,-1,147241
115,2148,-1.000163,147351
115,2149,-1.00028,147356
115,2150,-1,147471
115,2151,-0.98025,147476
115,2152,-1.000272,147481
115,2153,-1.000272,147486
115,2154,-1.000272,147546
115,2155,-1.000272,147551
115,2156,-1.000272,147731
115,2157,-1.000054,147771
115,2158,-0.98025,147916
115,2159,-1.000224,148036
115,2160,-1.000272,148041
115,2161,-0.98025,148046
115,2162,-1.000272,148051
115,2163,-0.99605,148106
115,2164,-1.000272,148166
115,2165,-1.000109,148281
115,2166,-1.000272,148286
115,2167,-1.000163,148316
115,2168,-1.000272,148571
115,2169,-1.000054,148661
115,2170,-1.000224,148866
115,2171,-1,148921
115,2172,-1.000272,148926
115,2173,-1.000056,148981
115,2174,-1.000163,149156
115,2175,-0.99605,149216
115,2176,-1.000168,149301
115,2177,-1.000272,149361
115,2178,-1.000109,149446
115,2179,-1.000272,149511
115,2180,-0.9842,149631
115,2181,-1.000272,149751
115,2181,-5.448073E-05,150012
115,2182,-1.000272,150017
115,2183,-1.000056,150387
115,2184,-1.000054,150422
115,2185,-0.98025,150492
115,2186,-1.000272,150497
115,2187,-1.00028,150502
115,2188,-0.98025,150577
116,2188,1.036492,150852
116,2189,-1.00028,150857
116,2190,-1.000218,150967
116,2191,-1.000272,151107
116,2192,-0.98025,151172
116,2193,-1,151287
116,2194,-1.000272,151342
116,2195,-1.000272,151347
116,2196,-1.000218,151607
116,2197,-1,151657
116,2198,-1.000112,151792
116,2199,-1.000272,151992
116,2200,-1.000272,151997
116,2201,-1.000163,152092
116,2202,-1.000218,152287
116,2203,-1.000218,152392
116,2204,-1.00028,152397
116,2205,-1.000109,152442
116,2206,-1.000272,152497
116,2207,-1.000272,152502
116,2208,-1.000272,152782
116,2209,-0.98025,152857
116,2210,-1.000054,152972
116,2211,-1.000163,153072
116,2212,-1,153232
116,2213,-1.00028,153237
116,2214,-0.98025,153242
116,2215,-1,153332
116,2217,-2.000224,153467
116,2218,-1,153572
116,2219,-1,153622
116,2220,-0.98025,153717
116,2221,-1.000272,153722
116,2222,-0.98025,153727
116,2223,-1,153842
116,2224,-1.000272,153847
116,2225,-1.000272,153932
116,2226,-1.000272,153937
116,2227,-0.98025,153947
116,2228,-1.000272,153952
116,2229,-1.000224,154197
116,2230,-1,154242
116,2231,-1.000163,154422
116,2232,-1.000163,154547
116,2233,-1,154752
116,2234,-1.000224,154797
116,2235,-1.000272,154802
116,2236,-1.000168,154852
116,2237,-0.98025,154947
116,2238,-0.98025,155072
116,2239,-0.98025,155132
116,2240,-1.000272,155397
116,2241,-1.000054,155422
116,2242,-1.000272,155542
116,2243,-0.98025,155667
116,2244,-0.98815,155732
116,2245,-1.000163,155807
116,2246,-1.000272,155867
116,2247,-1.000272,155957
116,2248,-0.98025,156152
116,2249,-1.00028,156157
116,2250,-1.000054,156192
116,2251,-1.000272,156197
116,2252,-1.000109,156247
116,2253,-1.000272,156252
116,2254,-1.000272,156257
116,2255,-1.000112,156437
116,2256,-1.000054,156552
116,2257,-1.00028,156612
116,2258,-1.000218,156642
116,2259,-0.98025,157067
116,2260,-1,157207
116,2261,-1.000224,157307
116,2262,-0.9921,157447
116,2263,-1.000272,157517
116,2264,-1.000272,157712
116,2266,-2,157892
116,2267,-1.000272,157992
116,2268,-1.000054,158032
116,2269,-1.000272,158102
116,2270,-1.000163,158152
116,2271,-1.000054,158192
116,2272,-0.98025,158272
116,2273,-1.000272,158277
116,2274,-1.000272,158417
116,2275,-1.000168,158512
116,2276,-1.000272,158577
117,2276,1.166394,158637
117,2277,-0.98025,158642
117,2278,-1.000272,158707
117,2279,-1.000272,158822
117,2280,-1,158892
117,2281,-1.000272,158952
117,2282,-0.98025,159082
117,2284,-2.000164,159217
117,2285,-1,159257
117,2286,-1.000272,159327
117,2287,-1.000272,159387
117,2288,-1.000272,159392
117,2289,-0.98025,159397
117,2290,-1.000272,159402
117,2291,-1.000272,159467
117,2292,-0.98815,159652
117,2293,-1,159717
117,2294,-1.000054,159777
117,2295,-1.000272,159782
117,2296,-1,159902
118,2296,1.068294,160112
118,2297,-0.9842,160162
118,2298,-1.000272,160222
118,2299,-0.99605,160267
118,2300,-1.000163,160387
118,2301,-1.000272,160657
118,2302,-1.000272,160777
118,2303,-1.000272,160782
118,2304,-0.98025,160787
118,2305,-0.98025,160842
118,2306,-1.000218,161022
118,2307,-0.98025,161027
118,2308,-1.000163,161322
118,2309,-1.000272,161382
118,2310,-0.9842,161497
118,2311,-0.98025,161502
118,2312,-1.000218,161602
118,2313,-1.000054,161667
118,2314,-1.000272,161672
118,2315,-1.000272,161802
118,2316,-1,161852
118,2317,-1.000054,161887
118,2318,-0.98025,161892
118,2319,-0.98025,161972
118,2320,-1.000054,162027
118,2321,-1.000272,162362
118,2322,-1.000272,162367
118,2323,-1.000056,162457
119,2323,1.054352,162747
119,2324,-1.000054,162922
119,2325,-1.000272,162927
119,2326,-0.98025,163012
119,2327,-1.000272,163102
119,2328,-1.000272,163112
119,2329,-1.000272,163117
119,2330,-1.000054,163357
119,2332,-1.98815,163497
119,2333,-1,163542
119,2334,-1.000272,163547
119,2335,-1,163587
119,2336,-1.000054,163692
120,2336,1.075485,163827
120,2337,-1.000109,163922
120,2338,-1.000272,164177
120,2339,-1,164312
120,2340,-0.98025,164317
120,2341,-1.000272,164322
120,2342,-1.000272,164392
120,2343,-1.000272,164647
120,2344,-0.99605,164732
120,2345,-1,164772
120,2346,-1.000272,164892
120,2347,-1.000054,165007
120,2348,-0.9921,165232
120,2349,-1.000272,165237
120,2350,-0.98815,165287
120,2351,-1.000163,165397
120,2352,-1.000272,165402
120,2353,-0.98025,165407
120,2354,-1.000272,165532
120,2355,-1.000272,165617
120,2356,-1.000272,165682
120,2357,-1.000163,165787
120,2358,-1.000056,165842
120,2359,-0.98025,165962
120,2360,-1.00028,166022
120,2361,-1,166127
120,2362,-1.000272,166132
120,2363,-1.00028,166192
120,2364,-1.000168,166237
120,2365,-1.000054,166292
120,2366,-0.98025,166297
120,2367,-1.00028,166302
120,2368,-1.000272,166372
120,2369,-1.000163,166527
120,2370,-1.000109,166572
120,2371,-1.00028,166762
120,2372,-1.000054,166837
120,2373,-1.000109,166962
120,2375,-2.000164,167042
120,2376,-1.000163,167192
120,2377,-0.98025,167397
120,2378,-0.98025,167402
120,2380,-2.000224,167522
120,2381,-1.000218,167587
120,2382,-1.000272,167667
120,2383,-1.000272,167737
120,2384,-1.000054,167842
120,2385,-1.000272,167847
121,2385,1.064236,168002
121,2386,-1.000272,168147
121,2387,-1.000056,168202
121,2388,-1,168232
121,2389,-1.000272,168452
121,2390,-1.000109,168772
122,2390,1.051699,169087
122,2391,-1.000272,169232
122,2392,-1.00028,169302
122,2393,-1.000272,169307
122,2394,-1.000272,169367
122,2395,-1.000272,169452
122,2396,-0.98025,169512
122,2397,-1.000272,169517
122,2398,-1.000272,169617
122,2399,-1.000272,169622
122,2400,-1.000272,169627
122,2401,-1,169637
122,2402,-1.000272,169642
122,2403,-1,169827
122,2404,-1.000272,169832
122,2405,-1.000272,169907
122,2406,-1,169927
123,2406,1.099115,170057
123,2407,-1.000272,170252
123,2408,-1,170422
123,2409,-1.000272,170427
123,2410,-1.00028,170622
123,2411,-1.000163,170717
123,2412,-1.000224,170817
123,2413,-0.98025,170842
123,2414,-1.000054,171097
123,2415,-1,171212
123,2416,-1.000272,171277
123,2418,-2.000218,171342
123,2419,-1.000112,171592
123,2420,-0.98025,171652
123,2421,-1.000218,171812
123,2422,-1.000054,171882
124,2422,1.07065,172027
124,2423,-1.000272,172032
124,2424,-1,172097
124,2425,-1.000272,172222
124,2426,-1.000272,172227
124,2427,-1.000272,172282
124,2428,-1.000272,173072
124,2429,-1.000272,173077
124,2430,-1.00028,173082
124,2431,-1.000272,173142
124,2432,-0.98815,173297
124,2433,-1.000272,173367
124,2434,-1,173407
124,2435,-1.000272,173527
124,2436,-0.98025,173742
124,2437,-1.000109,173902
124,2438,-1.000272,174102
124,2439,-1.000218,174292
124,2440,-0.98025,174297
124,2441,-1,174472
124,2442,-1.000054,174562
124,2443,-1.000272,174567
124,2444,-1.000272,174647
124,2445,-0.98025,174682
124,2446,-0.98025,174802
124,2446,0.00395,175013
124,2447,-1.000272,175018
124,2448,-0.98025,175023
124,2449,-1.000272,175028
124,2450,-1.000272,175033
124,2451,-1.000272,175048
124,2452,-1.000272,175303
124,2453,-1.000163,175353
124,2454,-1.000272,175358
124,2455,-1.000112,175403
124,2456,-1.000272,175408
124,2457,-1.000163,175538
124,2458,-1.000272,175598
124,2459,-1.000272,175683
124,2460,-1.000109,175778
124,2461,-1.000218,175833
124,2462,-1.000272,175838
124,2463,-1.000272,175843
124,2464,-1.000272,175848
124,2465,-1.000218,176048
124,2466,-1.000272,176053
124,2467,-1.000163,176118
124,2468,-1.000272,176193
124,2469,-1.000163,176523
124,2470,-1.000054,176623
124,2471,-1.000272,176848
124,2472,-0.98025,176908
124,2473,-1.000272,176913
124,2474,-1,176968
124,2475,-1.000272,176973
124,2476,-1.000109,177233
125,2476,1.053204,177423
126,2476,1.07593,177603
126,2477,-1.000218,177718
126,2478,-0.98025,177838
126,2479,-1.000218,177988
126,2480,-1.000272,177993
126,2481,-1.00028,178058
126,2482,-0.98025,178063
126,2483,-1.000272,178068
126,2484,-1,178108
126,2485,-1.000218,178568
126,2486,-1.000272,178583
126,2487,-1.000272,178648
126,2488,-1.000272,178708
126,2489,-1.000272,178798
126,2490,-1.000272,178803
126,2491,-1.000272,179168
126,2492,-1,179568
126,2493,-1.000272,179573
127,2493,1.085935,179693
127,2494,-0.98025,179698
127,2495,-1.000218,179888
127,2496,-1,180013
127,2497,-0.98815,180173
127,2498,-1.000272,180178
127,2499,-0.99605,180343
127,2500,-1.000163,180498
127,2501,-1.000272,180558
127,2502,-1.000272,180563
127,2503,-0.9921,180663
127,2504,-1.000168,180788
127,2505,-0.9842,180938
127,2506,-1.000272,180943
127,2507,-1.000272,181068
127,2508,-0.98025,181128
127,2509,-1,181178
127,2510,-1,181243
127,2511,-1.000272,181248
127,2512,-1.000054,181408
127,2513,-1.000109,181518
127,2514,-1,181623
127,2515,-1.000272,181913
127,2516,-1.000272,182108
127,2517,-1.000272,182113
127,2518,-1.000272,182118
127,2519,-1.000272,182123
127,2520,-1.000272,182218
127,2521,-1.000218,182268
127,2522,-1.000272,182403
127,2523,-1,182468
127,2524,-1.00028,182528
127,2525,-1.000272,182588
127,2526,-1.000272,182658
127,2527,-1,182848
127,2528,-1.000272,182903
127,2529,-1.000109,182938
127,2530,-1.000054,183178
127,2531,-1.000054,183508
127,2532,-1.000109,183563
127,2533,-1.000272,183688
127,2534,-1.000272,183888
127,2535,-1.000272,183893
127,2536,-1.000272,184098
127,2537,-1.000272,184103
127,2538,-1.000109,184218
127,2539,-1.000272,184278
127,2540,-1.000272,184283
127,2541,-1.000109,184398
127,2542,-1.000272,184613
127,2543,-0.98025,184618
127,2544,-0.9842,184658
127,2545,-1.000272,184663
127,2546,-1.000272,184668
127,2547,-1.000109,184828
127,2548,-0.9921,185073
127,2549,-1,185138
127,2550,-0.98025,185203
127,2551,-1.00028,185208
127,2552,-1.000272,185363
127,2553,-1.000054,185398
127,2554,-1.000272,185403
127,2555,-1.000272,185588
127,2556,-1.000272,185593
127,2557,-1,185713
127,2558,-1.000163,185818
127,2559,-1.000109,185863
127,2560,-1.000054,185978
127,2561,-1,186143
127,2562,-1.000109,186253
127,2563,-1.00028,186258
127,2564,-0.9842,186313
127,2565,-1.000163,186373
127,2566,-1.000272,186378
127,2567,-1.000272,186383
127,2568,-1.000272,186763
127,2569,-1.000272,186768
127,2570,-1.000109,186918
127,2571,-1.000272,186923
127,2572,-1,186978
127,2573,-1.000272,186983
128,2573,1.052008,187293
128,2574,-1.000272,187298
128,2575,-1.000272,187363
128,2576,-1.000272,187428
128,2577,-0.98025,187618
128,2578,-1.000272,187873
128,2579,-1.000272,187963
128,2580,-0.98815,188043
128,2581,-1.000163,188083
128,2582,-1.000272,188088
128,2583,-1.000272,188093
128,2584,-1.000272,188158
128,2585,-1.00028,188213
128,2586,-1.000272,188353
128,2587,-1.00028,188428
128,2588,-1.000054,188513
128,2589,-1.000272,188518
128,2590,-1.000218,188553
128,2591,-1,188688
128,2592,-1.000054,188713
128,2593,-1.000272,188718
128,2594,-1.000163,188883
128,2595,-1.000272,188888
128,2596,-1.000272,188893
128,2597,-0.98025,188898
128,2598,-0.98815,188943
128,2599,-1.000272,189023
128,2600,-1.000272,189093
128,2601,-1,189213
128,2602,-0.98025,189218
128,2603,-1.000109,189303
128,2604,-1.000272,189508
128,2605,-0.99605,189878
128,2606,-1,189918
128,2607,-1.000109,189968
128,2608,-1.000272,190193
128,2609,-1.00028,190253
128,2610,-1.000163,190303
128,2611,-1.00028,190453
128,2612,-1.000109,190513
128,2613,-1.000272,190518
128,2614,-1.000112,190638
128,2615,-1.000272,190643
128,2616,-1.00028,190668
128,2617,-1.000272,190673
128,2618,-1.000163,190723
128,2619,-1.000272,190778
128,2620,-1.000272,190783
128,2621,-0.98025,190788
128,2622,-0.98025,190813
128,2623,-0.98025,190818
128,2624,-1.000272,190823
128,2625,-0.98025,190828
128,2626,-1.000272,190883
129,2626,1.06508,191038
129,2627,-0.98025,191043
129,2628,-1.000272,191048
129,2629,-1.000272,191168
129,2630,-1.000272,191248
129,2631,-1.000272,191348
129,2632,-1.000272,191353
129,2633,-0.9842,191458
129,2634,-1.000109,191653
129,2635,-1.000272,191658
129,2636,-1.00028,191663
129,2637,-1.000272,191793
129,2638,-0.98025,191798
129,2639,-1.00028,191863
129,2640,-1,192138
129,2641,-1.000272,192193
129,2642,-1.000109,192358
129,2643,-0.98025,192363
129,2644,-1.000054,192488
129,2645,-0.98025,192613
129,2646,-1.000272,192618
129,2647,-1.000218,192738
129,2648,-1.000272,193053
129,2649,-1.000272,193133
129,2650,-1.000272,193208
129,2651,-0.98025,193268
129,2652,-1.00028,193273
129,2653,-1.000163,193378
129,2654,-1.000272,193383
129,2655,-1.000272,193703
129,2656,-1.000272,194018
129,2657,-0.98025,194083
129,2658,-1.000272,194088
129,2659,-0.98025,194188
129,2660,-1.000109,194243
129,2661,-0.98025,194303
129,2662,-1.000272,194523
129,2663,-1.000272,194528
129,2664,-1.00028,194533
129,2665,-0.98025,194713
130,2665,1.029668,195048
130,2666,-1.000224,195083
130,2667,-1.000272,195088
130,2668,-1.00028,195218
130,2669,-1.000272,195418
130,2670,-1.000272,195633
130,2671,-1,195678
130,2672,-1.000272,195683
130,2673,-0.98025,195888
130,2674,-1,196058
130,2675,-1,196183
130,2676,-0.99605,196238
130,2677,-1.000272,196363
130,2678,-1.00028,196368
130,2679,-0.98025,196373
131,2679,1.055592,196653
131,2680,-0.98025,196728
131,2681,-1.000163,197363
131,2682,-1.000272,197423
131,2683,-1.00028,197428
131,2684,-1.000272,197433
131,2685,-1.000272,197498
132,2685,1.070143,197643
132,2686,-1.000163,197708
132,2687,-1.000218,197808
132,2688,-1.000272,197938
132,2689,-1,197963
132,2690,-0.98025,198018
132,2691,-1.000218,198188
132,2692,-1.00028,198193
132,2693,-1.000272,198253
132,2694,-0.98815,198438
132,2695,-1.000272,198503
132,2696,-0.98815,198678
132,2697,-1.000163,198708
132,2698,-1.000272,198813
132,2699,-1.000272,198933
132,2700,-1.000272,199053
132,2701,-1.000272,199058
132,2702,-0.9842,199123
132,2703,-1.000272,199128
132,2704,-1.000272,199133
132,2705,-1.000272,199138
132,2706,-0.98815,199253
132,2707,-0.98025,199373
132,2708,-0.98025,199493
132,2709,-1.000272,199818
132,2710,-0.98025,199823
132,2710,-5.448073E-05,200014
132,2711,-1.00028,200019
132,2712,-1.000054,200114
132,2713,-1.000272,200209
132,2714,-1.000272,200274
132,2715,-0.98025,200399
132,2716,-1.000272,200474
132,2717,-0.98025,200479
132,2718,-1.000272,200484
132,2719,-1.000272,200544
132,2720,-0.98025,200604
132,2721,-1,200679
132,2722,-1.00028,200754
132,2723,-1.000272,200949
132,2724,-1.000163,201139
132,2725,-0.98025,201144
132,2726,-1.000218,201259
132,2727,-0.9921,201329
132,2728,-1.000272,201334
132,2729,-1.000272,201519
132,2730,-1.000218,201674
132,2731,-1.000272,201734
132,2732,-1.000054,201869
132,2733,-0.98025,201874
132,2734,-1.000272,201954
132,2735,-1.000163,202229
132,2736,-1,202364
133,2736,1.081478,202529
133,2737,-1.000054,203494
133,2738,-1.000272,203569
133,2739,-0.98025,203644
133,2740,-0.98025,203839
133,2741,-1.000218,203969
133,2742,-0.98025,204049
133,2743,-1.000272,204054
133,2744,-1.000054,204119
133,2745,-1,204164
133,2746,-0.98025,204169
133,2747,-1.000272,204374
133,2748,-0.98025,204379
133,2749,-1.000056,204419
133,2750,-1.000272,204424
133,2751,-1.000163,204579
133,2752,-1.000272,204584
133,2753,-1.00028,204734
133,2754,-0.9842,204829
133,2755,-0.9842,204954
133,2756,-1.000272,204959
133,2757,-1.000272,205039
133,2758,-1.000272,205044
133,2760,-2.000164,205104
133,2762,-2.000164,205229
133,2763,-1.000272,205289
133,2764,-1.000272,205294
133,2765,-1.000272,205399
133,2766,-0.98025,205464
133,2767,-0.9921,205624
133,2768,-1,205714
133,2769,-1.000218,205824
133,2770,-1.000272,205949
133,2771,-1.00028,205954
133,2772,-1,205999
133,2773,-0.98025,206004
133,2774,-1.000272,206009
133,2775,-0.98025,206054
133,2776,-0.98025,206134
133,2777,-0.98025,206194
133,2778,-1.000272,206199
133,2779,-0.9921,206589
133,2780,-1.000163,206774
133,2781,-1.000272,206954
133,2782,-1.000272,206959
133,2783,-0.98025,207029
133,2784,-1.000272,207149
133,2785,-1.000109,207269
133,2786,-1.000272,207399
133,2787,-1.000272,207714
133,2788,-1.00028,207779
133,2789,-0.98025,207784
133,2790,-0.98025,207904
133,2791,-1.000109,208034
133,2792,-1.000163,208184
133,2793,-1.000054,208389
133,2794,-1.000109,208569
133,2795,-1.000109,208809
133,2796,-1.000272,208869
133,2797,-0.98025,208994
133,2798,-1.000272,209054
133,2799,-1.000272,209129
133,2800,-1.000272,209134
133,2801,-1.000272,209139
133,2802,-1.000054,209319
133,2803,-0.98025,209324
133,2804,-1.000272,209524
133,2805,-1.000272,210149
133,2806,-1.000272,210294
133,2807,-1.000272,210364
133,2808,-1,210414
133,2809,-1,210449
133,2810,-1.000054,210554
133,2811,-1.000272,210809
133,2812,-1.000272,210814
133,2813,-1.000109,210859
133,2814,-0.98025,210864
133,2815,-1.000272,210869
133,2816,-1.000272,210929
133,2817,-1.000272,210934
133,2818,-1.000272,210939
133,2819,-1.000272,210954
134,2819,1.057486,211219
134,2820,-1.00028,211224
134,2821,-1.000272,211359
134,2822,-0.98025,211364
134,2823,-0.98025,211484
134,2824,-0.99605,211639
134,2825,-1.000272,211719
134,2826,-1,211874
134,2827,-1.000272,211964
134,2828,-1.000163,212174
134,2829,-1.000218,212309
134,2830,-1.000272,212369
134,2831,-1.000272,212494
134,2832,-1.000272,212749
134,2833,-1.000272,212809
134,2834,-1.000272,212814
134,2835,-0.98025,212889
134,2836,-1.000109,213039
134,2837,-1.000272,213109
134,2838,-1.000272,213114
135,2838,1.082372,213239
135,2839,-1.00028,213369
135,2840,-1.000272,213734
135,2841,-1.000163,213864
135,2842,-0.98025,213939
135,2843,-1.000272,213999
135,2844,-1.000272,214004
135,2845,-1,214244
135,2846,-1.000056,214399
136,2846,1.054673,214584
136,2847,-1.000272,214654
136,2848,-1.000272,214659
136,2849,-1.000272,214854
136,2850,-1.000272,214934
136,2851,-1.000272,215084
136,2852,-1.000272,215154
136,2853,-0.98025,215309
136,2854,-1.00028,215364
136,2855,-1.000272,215369
136,2856,-0.9842,215474
136,2857,-1.000218,215529
136,2858,-1.000272,215534
136,2859,-1.000272,215654
136,2860,-1.000272,215659
136,2861,-0.98025,215714
136,2862,-1.000054,215969
136,2863,-1.000218,216244
136,2864,-0.98025,216249
136,2865,-0.98025,216319
136,2866,-0.98025,216324
136,2867,-1.000218,216454
136,2868,-0.99605,216759
136,2869,-1.000272,216764
136,2870,-1.000054,216814
136,2871,-1.000109,216984
136,2872,-0.98025,216989
137,2872,1.020177,217479
137,2873,-0.98025,217639
137,2874,-1.000272,217644
137,2875,-1.000272,217729
137,2876,-1.000272,217734
137,2877,-1.000272,217794
137,2878,-1.000272,217799
137,2879,-1.000272,217804
137,2880,-1.000109,217889
137,2881,-1.000272,217894
137,2882,-1.000272,217899
137,2883,-1.000272,218034
137,2884,-1.000272,218489
137,2885,-1.000272,218544
137,2886,-1.000272,218604
137,2887,-1.000272,218609
137,2888,-1,218769
137,2889,-1.000272,218959
137,2890,-1.000272,219014
137,2891,-1,219069
137,2892,-1.000272,219149
137,2893,-1.000112,219359
137,2894,-1.00028,219364
137,2895,-1,219479
137,2896,-1.000272,219709
137,2897,-1.000163,219859
137,2898,-0.98025,219864
137,2899,-0.98025,219919
137,2900,-0.98025,219984
137,2901,-0.98025,220004
137,2902,-0.98025,220009
137,2903,-1.000272,220014
137,2904,-0.98025,220019
137,2905,-1.000272,220084
137,2906,-1.000054,220134
137,2907,-1.000272,220194
137,2908,-1.00028,220309
137,2909,-1.000218,220374
137,2910,-1,220449
137,2911,-1.000224,220584
137,2912,-0.98025,220739
137,2913,-1.000272,220799
137,2914,-1.000272,220859
137,2915,-1.000272,220864
137,2916,-1.000054,220919
137,2917,-1.00028,220924
137,2918,-1.000272,220929
137,2919,-1.000272,221124
137,2920,-1.000272,221194
137,2921,-1.000272,221274
137,2922,-0.98025,221344
137,2923,-1.000272,221349
137,2924,-1.000272,221609
137,2925,-0.98815,221894
137,2926,-1.000272,221899
137,2927,-1.000112,221944
137,2928,-1.000168,222039
137,2929,-1.000109,222304
137,2930,-1.000272,222574
137,2931,-1.000272,222579
137,2932,-1.000272,222639
137,2933,-1.00028,222644
138,2933,1.046024,222864
138,2934,-1.000272,222869
138,2935,-1.000163,223109
138,2936,-1.000163,223139
138,2937,-1.000272,223144
139,2937,1.07065,223289
139,2938,-1.000272,223294
139,2939,-1.000218,223354
139,2940,-1.000163,223524
140,2940,1.192035,223579
140,2941,-1.000218,223754
140,2942,-1.000272,223759
140,2943,-1.000272,223764
140,2944,-1.000163,223914
140,2945,-0.9842,224089
140,2946,-1.000054,224119
140,2947,-1.000272,224124
140,2948,-1.000112,224289
140,2949,-1.000112,224334
140,2950,-0.9921,224439
140,2951,-1.000272,224844
140,2952,-0.98025,224849
140,2952,-5.448073E-05,225015
141,2952,1.091179,225155
141,2953,-0.98025,225160
141,2954,-1.000272,225575
141,2955,-1.000272,225630
141,2956,-1.000272,225755
141,2957,-1.000272,225760
141,2958,-1,225870
141,2959,-1.000272,226050
141,2960,-1.000272,226135
141,2961,-0.98025,226140
141,2962,-1.000054,226200
141,2963,-0.98815,226450
141,2964,-1.000272,226575
142,2964,1.059969,226745
142,2965,-1.000272,226750
142,2966,-0.98025,226820
142,2967,-1.000163,227050
142,2968,-1.000272,227115
142,2969,-0.98025,227180
142,2970,-1.00028,227240
142,2971,-0.9921,227355
143,2971,1.028629,227705
143,2972,-1.000272,227710
143,2973,-0.98025,227795
143,2974,-1.000218,227885
143,2975,-0.98815,228095
143,2976,-1.000054,228190
143,2977,-0.98025,228195
143,2978,-1.000272,228200
143,2979,-1.000272,228315
143,2980,-1.000272,228320
143,2981,-1.000272,228325
143,2982,-0.99605,228485
143,2983,-1.000163,228520
143,2984,-1.000272,228810
143,2985,-1.000163,229025
143,2986,-0.98025,229030
143,2987,-1.000109,229465
143,2988,-1.000112,229715
143,2989,-1.000272,230415
143,2990,-1.00028,230420
143,2991,-1.000272,230425
143,2992,-1,230480
143,2993,-0.98025,230550
144,2993,1.038638,230810
144,2994,-0.98815,230865
144,2995,-1.000272,230945
144,2996,-0.98025,230950
144,2997,-1.000272,231010
144,2998,-1,231045
144,2999,-1.000272,231130
144,3000,-0.9842,231435
144,3001,-1.000272,231495
144,3002,-1.000109,231885
144,3003,-1,232335
144,3004,-1.000109,232825
144,3005,-0.98025,233425
144,3006,-1.000109,233590
144,3007,-1.00028,233595
144,3008,-1.000272,233600
144,3009,-0.98025,233610
144,3010,-1.000109,233755
144,3011,-1.00028,233815
144,3012,-1,233860
145,3012,1.076064,233995
145,3013,-1.000272,234110
145,3014,-1.000272,234115
145,3015,-1.000109,234155
145,3016,-1.00028,234280
145,3017,-1.000168,234445
145,3018,-1.00028,234450
146,3018,1.069658,234595
146,3019,-1.000272,234795
147,3019,1.127933,234875
147,3020,-0.98025,234880
147,3021,-1.000272,234885
147,3022,-0.98025,234965
147,3023,-0.98025,234970
147,3024,-1.000272,234975
147,3025,-1.000272,235225
147,3026,-1.000054,235335
147,3027,-1.000272,235390
147,3028,-0.98025,235445
147,3029,-1.00028,235450
147,3030,-1.000218,235715
148,3030,1.184913,235770
148,3031,-1.000109,236020
148,3032,-1.00028,236025
148,3033,-0.98025,236165
148,3034,-1,236375
148,3035,-1.000168,236515
148,3036,-1.000272,236520
148,3037,-1.000272,236525
148,3038,-0.9921,236585
148,3039,-1.000109,236630
148,3040,-0.9842,236710
148,3041,-1.000272,236855
148,3042,-0.98025,237020
148,3043,-1.000109,237265
148,3044,-1.000218,237370
148,3045,-1.000109,237550
149,3045,1.038943,237805
149,3046,-1,237850
149,3047,-0.98025,237980
149,3048,-1.000272,238055
149,3049,-1.000272,238120
149,3050,-1.000054,238415
149,3051,-1,238515
150,3051,1.103894,238615
150,3052,-1.000272,238675
150,3053,-1.000272,238980
150,3054,-1.000272,238985
150,3056,-2.000164,239050
150,3057,-1.000218,239155
150,3058,-1.000272,239160
150,3059,-0.98025,239165
150,3060,-1.000272,239170
150,3061,-1.000272,239340
150,3062,-0.98025,239395
150,3063,-1.000272,239515
150,3064,-1.000272,239520
150,3065,-1.000109,239575
150,3066,-1.000109,239820
150,3067,-1.000054,239970
150,3068,-1.000272,240030
150,3069,-1.000163,240095
150,3070,-1.000272,240100
150,3071,-0.99605,240240
150,3072,-1.000272,240300
150,3073,-1.000272,240360
150,3074,-1.000054,240420
150,3075,-1.000272,240425
150,3076,-0.98025,240495
150,3077,-1.000054,240895
150,3078,-1.000272,241105
150,3079,-1.000272,241110
150,3080,-0.98025,241115
150,3081,-0.98025,241175
150,3082,-1.000272,241235
150,3083,-0.99605,241340
150,3084,-0.98025,241560
151,3084,1.026755,241930
151,3085,-1.000054,242050
151,3086,-1.000272,242135
151,3087,-0.98025,242260
152,3087,1.058812,242520
152,3088,-1,242775
152,3089,-0.98025,242780
153,3089,1.026387,243155
153,3090,-0.98025,243160
153,3091,-1.000218,243420
153,3092,-1.000163,243475
153,3093,-1.000272,243480
153,3094,-1.000218,243635
153,3095,-1.000272,243640
153,3096,-1.000163,243680
153,3097,-1.000272,243685
153,3098,-0.98025,243690
153,3099,-1.000272,243820
153,3100,-1.000272,243875
153,3101,-1.000272,243995
153,3102,-1.000272,244060
153,3103,-1.000272,244065
153,3104,-0.98025,244070
153,3105,-1.000163,244125
153,3106,-1.000272,244320
153,3107,-0.9842,244365
153,3108,-1.000272,244435
154,3108,1.068294,244645
154,3109,-0.98025,244735
154,3110,-1.000272,244905
154,3111,-1.000272,244910
154,3112,-0.98025,244975
154,3113,-0.98025,244980
154,3115,-2.000218,245045
154,3116,-1,245170
154,3117,-0.98025,245230
154,3118,-1.000218,246090
154,3119,-1.000272,246095
154,3120,-1.000272,246165
154,3121,-1.000272,246170
154,3122,-1.000272,246175
154,3123,-1.000218,246395
154,3124,-1.00028,246400
154,3125,-1.000163,246445
154,3126,-0.98025,246450
154,3127,-1,246645
154,3128,-0.98025,246710
154,3129,-1.000272,246715
154,3130,-1.000272,246720
154,3131,-1.000272,246785
154,3132,-1.000272,246915
154,3133,-0.98025,246920
154,3134,-1.000272,246975
154,3135,-1.000163,247085
154,3136,-0.99605,247245
154,3137,-1.000272,247250
154,3138,-1.000272,247255
154,3139,-1.000272,247260
154,3140,-1.000163,247375
154,3141,-1,247430
154,3143,-1.98815,247565
154,3144,-0.98025,247620
154,3145,-1.000272,247625
154,3146,-1.000272,247630
154,3147,-1.000272,247660
154,3148,-1.000054,247810
154,3149,-1,247965
154,3150,-1.000272,247970
154,3151,-1.00028,248240
154,3152,-1.000272,248310
154,3153,-1.000163,248715
154,3154,-1.000218,248805
154,3155,-1.000163,248850
154,3156,-1.000109,248985
154,3157,-1.000272,248990
154,3158,-1.000272,248995
154,3159,-1.000054,249120
154,3160,-1.000272,249335
154,3161,-1.000218,249510
155,3161,1.076893,249685
155,3162,-0.98025,249690
155,3163,-1.000272,249695
155,3164,-1.000224,249830
155,3165,-1.000272,249960
155,3166,-0.98025,249965
