Goals,Deaths,Reward,Step 
0,0,0,0
1,0,1.134863,75
1,1,-1,100
1,2,-1.000272,105
1,3,-1.00028,175
1,4,-1.000272,180
1,5,-1.00028,240
1,6,-1.000272,305
1,7,-1.000054,340
1,8,-1,400
1,9,-1.000056,450
1,10,-1.000272,455
1,11,-1.000272,525
1,12,-1.000272,595
1,13,-1.000054,596
1,13,-1.000054,596
1,14,-1.000163,661
1,15,-1.000272,666
1,16,-1.000272,721
1,17,-1.000218,851
1,18,-0.99605,936
1,19,-1.000109,996
1,20,-1.000218,1126
1,21,-1.000272,1251
2,21,1.192035,1306
2,22,-0.9921,1426
2,23,-1.000272,1431
3,23,1.198321,1491
4,23,1.192035,1546
4,24,-0.98025,1551
4,25,-0.98815,1641
5,25,1.195806,1696
5,26,-0.99605,1731
6,26,1.215828,1786
6,27,-0.9921,1886
6,28,-1.000163,1941
6,29,-0.98815,2036
6,30,-1.000272,2041
6,31,-0.98815,2096
6,32,-0.98025,2101
6,33,-1.000272,2171
6,34,-1,2251
6,35,-1.000272,2256
6,36,-1.000109,2346
6,37,-1.00028,2411
6,38,-1.000272,2471
6,40,-2.000164,2591
6,41,-1,2691
6,42,-1.00028,2751
6,43,-1.000054,2781
6,44,-1.000272,2786
6,45,-0.98025,2791
6,46,-1.000272,2796
6,47,-1.000054,2856
6,48,-1.000168,2911
6,49,-1.000054,2961
7,49,1.117375,3046
7,50,-1.000109,3106
7,51,-1,3146
7,52,-1.000272,3151
7,53,-1.000218,3291
8,53,1.195806,3346
8,54,-1.000054,3391
8,55,-1.00028,3456
9,55,1.188407,3511
9,56,-1.000272,3516
9,57,-0.9842,3626
9,58,-1.000272,3831
9,59,-1.00028,3836
9,60,-1.000272,3841
9,61,-0.9921,3956
9,62,-1.000109,4016
9,63,-1,4081
9,64,-1.000163,4191
9,65,-1.00028,4196
10,65,1.103784,4316
10,66,-0.98025,4321
11,66,1.158458,4386
11,67,-1.000272,4391
11,68,-0.98815,4426
11,69,-1.000272,4431
11,70,-0.98025,4436
11,71,-0.98025,4441
11,72,-1.000218,4491
11,73,-1.00028,4521
11,74,-1.000056,4571
11,75,-1.000272,4576
12,75,1.065953,4731
12,76,-1.000163,4781
12,78,-2.000164,4911
12,79,-1.000272,5041
12,80,-1.000272,5076
12,81,-1.000272,5141
12,82,-1.00028,5211
12,83,-1,5266
13,83,1.153083,5341
13,84,-1.000272,5401
13,85,-1.000163,5436
13,86,-1.000109,5471
13,87,-1.000163,5561
13,88,-1,5651
13,89,-1.000272,5726
13,90,-0.98025,5801
13,91,-1,5901
13,92,-1.000218,5966
13,93,-1,6006
13,94,-0.9921,6061
13,95,-1.00028,6126
13,96,-1.000163,6166
13,97,-1,6276
13,98,-1.000272,6351
13,99,-1.000054,6381
13,100,-1.000054,6441
13,101,-1.000272,6506
13,102,-0.98025,6511
13,103,-1.000168,6516
13,104,-1,6566
13,105,-1.000054,6621
13,106,-0.98025,6626
13,107,-1,6736
13,108,-1.000272,6741
13,109,-1.000272,6746
13,110,-1.000272,6806
13,111,-0.98025,6811
13,112,-1.000272,6896
13,113,-1.000272,6901
13,114,-1.000054,6996
13,115,-1.000272,7061
13,116,-1.000054,7121
13,117,-1.000218,7236
13,118,-1.000272,7241
13,119,-1.000054,7301
13,120,-0.99605,7481
13,121,-1.000272,7486
13,122,-1.000054,7536
13,124,-2.000168,7596
14,124,1.195806,7651
15,124,1.158639,7726
15,125,-1.000163,7756
15,126,-1,7796
15,127,-1.000054,7911
15,128,-1.000163,7971
15,129,-1.000112,8081
15,130,-1.000218,8181
15,131,-1,8231
15,132,-1,8286
15,133,-1.000224,8371
15,134,-1.000163,8401
15,135,-1.000272,8406
16,135,1.142577,8476
16,136,-1.00028,8536
17,136,1.195806,8591
17,137,-0.98025,8656
17,138,-1.000163,8716
17,139,-1.000163,8816
17,140,-0.98815,8876
17,141,-1.000163,8911
17,142,-1.000163,9001
17,143,-1,9051
17,144,-1.00028,9056
17,145,-1.000272,9121
17,146,-0.98815,9146
17,147,-1.000163,9186
17,148,-1.000272,9246
17,149,-1,9356
17,151,-2.000164,9426
17,152,-1.000109,9471
17,153,-0.98025,9546
17,154,-0.98025,9551
17,155,-1.000054,9616
17,156,-0.9842,9696
17,157,-1.00028,9701
17,158,-0.98815,9726
17,159,-1.000163,9786
17,160,-1.000109,9841
17,161,-1.000054,9881
17,162,-1.000272,9946
17,163,-1.000272,9951
17,164,-0.98815,9996
17,165,-1,10091
17,166,-1.000272,10096
17,167,-0.9921,10201
17,168,-1.000272,10266
17,169,-0.99605,10316
17,170,-1.000112,10376
17,171,-0.98025,10381
17,172,-1.000054,10541
17,173,-1.000272,10616
17,174,-0.98025,10676
18,174,1.077853,10806
19,174,1.140573,10881
19,175,-1.000218,10931
19,176,-0.9921,11021
19,177,-1.000224,11151
19,179,-1.98815,11221
19,180,-1.000272,11226
19,181,-0.9921,11296
19,182,-1.000224,11376
19,183,-1.000109,11501
19,184,-1.000218,11616
19,185,-0.9921,11736
19,186,-1.000109,11876
19,187,-1.000272,11946
19,188,-1,11971
19,189,-0.9921,12026
19,190,-1.000054,12166
19,191,-0.99605,12211
19,192,-1.000218,12401
19,193,-1.000168,12446
19,194,-1.000272,12521
19,195,-1,12581
19,196,-0.98025,12646
19,197,-1.000112,12721
19,198,-1,12826
19,199,-1.000272,12831
19,200,-1.000272,12891
19,201,-0.98025,12896
19,202,-1.000163,12996
19,204,-1.98815,13056
19,205,-0.98025,13061
19,206,-1.000163,13101
19,207,-1.000168,13151
19,208,-1.000168,13191
20,208,1.178299,13251
20,209,-1.000056,13301
20,210,-1.00028,13306
20,211,-1.000163,13356
20,212,-1.000054,13411
20,213,-1,13526
20,214,-1.000168,13566
20,215,-1.000168,13621
20,216,-1.000218,13791
20,217,-1.000054,13826
20,218,-1.00028,13891
20,219,-1,13941
20,220,-1,13996
20,221,-0.98025,14121
20,222,-1.000272,14181
20,223,-0.98025,14256
20,224,-1.000168,14351
20,225,-1.000109,14466
20,226,-1,14521
20,227,-1.000272,14531
20,228,-1.00028,14596
20,229,-1.000272,14601
20,230,-1.000272,14606
20,231,-1.000054,14706
20,232,-1,14831
20,233,-1.000163,14941
20,234,-1.000218,14996
20,235,-1.00028,15001
20,236,-0.9842,15171
20,237,-1.00028,15176
20,239,-2.000168,15306
20,240,-0.9921,15341
20,241,-0.9842,15411
20,242,-1.000272,15416
20,243,-0.98815,15466
20,244,-1,15506
20,246,-2.000164,15571
20,247,-1.000224,15681
20,248,-1,15731
20,249,-1.000112,15836
20,250,-0.9842,15946
20,251,-1.000218,16006
20,252,-1.000272,16011
20,253,-1.000218,16081
20,254,-0.99605,16176
20,255,-1,16266
20,256,-1,16376
20,257,-1.000272,16436
20,258,-1.000054,16481
20,259,-1.000272,16546
20,260,-1.000272,16551
20,261,-1,16591
20,262,-1.000054,16631
20,263,-1.000163,16661
20,264,-1.000272,16666
20,265,-1.000168,16776
21,265,1.127933,16856
21,266,-1.000109,16936
21,267,-1.000272,17061
21,268,-1.00028,17066
21,270,-2.000164,17126
21,271,-1.00028,17181
21,272,-1,17301
21,273,-1.000168,17461
21,274,-0.9921,17501
21,275,-1.000056,17551
21,276,-1.000272,17556
21,277,-1.000163,17641
21,278,-1.000272,17706
21,279,-1,17766
21,280,-1.000272,17901
21,281,-1.00028,18026
21,282,-1.000272,18031
21,283,-1.000112,18091
21,284,-1.000272,18096
21,285,-1.000163,18166
21,286,-0.98025,18171
21,287,-1.000109,18201
21,288,-1.000272,18206
21,289,-1.000056,18266
21,290,-1.000109,18321
21,291,-1,18361
21,292,-0.98025,18366
21,293,-1.000272,18371
21,294,-0.98025,18496
21,295,-1.00028,18556
21,296,-0.98025,18561
21,298,-2.000218,18646
22,298,1.195806,18701
22,299,-1.000163,18806
22,300,-1.000272,18871
22,301,-1.000272,18876
22,302,-1.000272,18881
22,303,-1.000272,18886
22,304,-0.98025,18896
22,305,-0.9842,19016
22,306,-1.000109,19081
22,307,-1.00028,19146
22,308,-1.00028,19211
22,309,-1.00028,19216
22,310,-1.000054,19271
22,311,-1.000054,19381
22,312,-0.99605,19446
22,313,-0.9921,19486
22,314,-1.000272,19561
22,315,-1.000272,19566
23,315,1.169004,19636
23,316,-1.000109,19676
23,317,-1.000109,19781
23,318,-1.000056,19831
23,319,-1.000272,19836
23,321,-2.000218,19896
23,322,-1.000272,19901
23,323,-1.000109,19991
23,324,-1,20036
23,325,-1.000218,20096
23,326,-1.000272,20156
23,327,-1.000272,20161
23,328,-1.00028,20166
23,329,-1.00028,20171
23,330,-1.00028,20231
23,331,-0.98025,20236
23,332,-1.000218,20276
24,332,1.136714,20351
24,333,-1.000272,20426
24,334,-1.000163,20491
24,335,-1.000054,20511
24,336,-1.000218,20601
24,337,-1.000272,20661
24,338,-1,20691
24,339,-1.000054,20741
24,340,-1.000272,20746
24,341,-1.00028,20751
24,342,-1,20811
24,343,-1.000056,20891
25,343,1.163662,20956
25,344,-1.000056,21011
25,345,-0.98025,21071
25,346,-1.000272,21076
25,347,-1.000272,21081
25,348,-1.000163,21166
25,349,-1.000272,21171
25,351,-2.000164,21231
25,352,-1.000272,21236
25,353,-0.98025,21241
25,354,-1.000054,21291
25,355,-1.00028,21296
25,356,-1,21351
25,357,-1.000272,21416
25,358,-1,21426
25,359,-0.9842,21541
25,360,-0.98025,21616
25,361,-1,21636
25,362,-1.000272,21641
25,363,-1.000272,21646
25,364,-1,21731
25,365,-1.000272,21736
25,366,-1.000272,21741
26,366,1.146786,21811
26,367,-1,21926
26,368,-1.000272,21986
26,369,-0.98025,22046
26,370,-1.000218,22226
26,371,-1.000272,22291
26,372,-1.000272,22361
26,373,-1.000056,22471
26,374,-0.99605,22506
26,375,-1.000054,22611
26,376,-1.000168,22661
27,376,1.085935,22781
28,376,1.084473,22901
28,377,-1.000168,22996
28,378,-1.000054,23101
29,378,1.178299,23161
29,379,-1.000272,23306
29,380,-1.000054,23461
29,381,-1.000109,23516
29,382,-1.000163,23556
29,383,-1.000109,23591
29,384,-0.98025,23716
29,385,-1.000272,23721
30,385,1.077853,23851
30,386,-1.000109,23886
30,387,-1.000218,23916
30,388,-0.98025,23921
30,389,-1.000272,23981
30,390,-1.000054,24076
30,391,-1.000272,24136
30,392,-1.000163,24191
30,393,-0.98025,24261
30,394,-1.000272,24266
31,394,1.172134,24326
31,395,-1,24406
31,396,-1.000272,24411
31,397,-1,24471
31,398,-1.000272,24531
31,399,-1.000272,24591
31,400,-1.000163,24706
31,401,-1.000272,24766
31,402,-1.000168,24821
31,403,-1,24851
31,404,-0.98025,24911
31,405,-1,24961
31,406,-1.00028,24981
31,406,0.00395,25007
31,407,-1.000272,25087
31,408,-1.000218,25162
31,409,-1.000054,25207
32,409,1.155978,25272
32,410,-1.000272,25277
32,411,-1,25317
32,412,-1,25372
32,413,-1,25427
32,414,-1.000163,25597
32,415,-1.000272,25602
32,416,-0.98025,25787
32,417,-1.000054,25837
32,418,-0.98815,25897
32,419,-1,26017
33,419,1.104496,26137
33,420,-1.000272,26322
33,421,-1.000272,26327
33,422,-0.98815,26362
33,423,-0.98025,26372
33,424,-1.000109,26482
33,425,-1,26522
33,426,-0.98025,26527
33,427,-1.000272,26602
33,428,-0.98815,26717
34,428,1.176,26782
34,429,-1.000224,26842
34,431,-2.000218,26977
34,432,-1,27102
34,433,-1,27142
35,433,1.064244,27297
35,434,-1,27462
35,435,-1.000218,27497
35,436,-0.98025,27557
35,437,-1.00028,27562
35,438,-1.00028,27627
36,438,1.134863,27702
36,439,-1.000272,27707
36,440,-1.00028,27797
36,441,-1.000163,27922
36,442,-1.000272,27927
37,442,1.148981,27997
37,443,-1.000218,28047
37,444,-1,28157
38,444,1.081028,28282
38,445,-1.000163,28332
38,446,-1.000272,28337
38,447,-1.000112,28437
38,448,-1.000272,28442
38,449,-1.00028,28632
38,450,-1.000109,28692
38,451,-0.98025,28752
38,452,-1.000272,28827
38,453,-1.000218,28882
38,454,-1.000272,28887
38,455,-1.000218,28947
38,456,-1.000056,29002
38,457,-1.00028,29067
38,458,-1.000112,29117
38,459,-1,29157
38,460,-1.000272,29232
38,461,-1.000109,29337
38,462,-0.98815,29432
38,463,-1.000272,29502
38,464,-0.9921,29627
38,465,-1.00028,29632
38,466,-0.98025,29637
38,467,-1.000163,29752
38,468,-1.000272,29812
38,469,-1.000109,29862
38,470,-1.000272,29982
38,471,-0.98025,29987
38,472,-1,30032
38,473,-0.98025,30112
38,474,-1.000272,30172
38,475,-1.00028,30177
39,475,1.100395,30302
39,476,-1.000109,30337
40,476,1.114663,30427
40,477,-1.000272,30487
40,478,-1.000272,30492
40,479,-0.9842,30597
40,480,-1.000272,30602
40,481,-1.000272,30672
40,482,-0.9921,30712
40,483,-1.000272,30772
40,484,-1.000272,30777
40,485,-0.98815,30887
40,486,-0.9842,30957
40,487,-1.000112,31002
40,488,-0.9921,31062
40,489,-1.000163,31102
40,490,-1,31212
40,491,-1.000272,31217
40,492,-0.98025,31222
40,493,-1.000218,31267
40,494,-1.000218,31307
40,495,-1,31362
40,496,-1.000218,31427
40,497,-0.98025,31432
40,499,-1.9842,31497
40,500,-1.000109,31542
40,501,-1.000272,31547
40,502,-1.000272,31552
40,503,-0.9842,31682
41,503,1.189242,31742
41,504,-0.9921,31837
41,505,-0.98025,31902
41,506,-1.000112,32002
41,507,-1,32107
41,508,-1.000112,32157
41,509,-1.000272,32162
41,510,-1,32212
41,511,-0.99605,32232
41,512,-1.000109,32292
41,513,-1.000272,32357
41,514,-1.000272,32362
41,516,-2.000164,32432
41,517,-1,32477
41,518,-1.000109,32587
41,519,-1.000054,32622
41,520,-1.000272,32757
41,521,-1.000272,32762
41,523,-2.000168,32837
41,524,-1,32922
41,525,-0.99605,32957
41,526,-1.000054,32997
41,527,-1.000163,33027
41,528,-1.000054,33072
41,529,-1.000163,33177
41,530,-1.000056,33212
41,531,-1.000218,33267
41,532,-1.000224,33362
41,533,-1.000218,33422
41,534,-1.000224,33522
41,535,-1.000272,33582
41,536,-0.98025,33712
41,537,-1.000218,33742
41,538,-1,33792
41,539,-1.000218,33852
41,540,-1.000163,33887
41,541,-1,33927
41,542,-1.00028,33932
41,543,-1.00028,34002
41,544,-0.98025,34007
41,545,-1.000272,34012
41,546,-1.000272,34072
41,547,-1.000054,34132
41,548,-1.000054,34172
41,549,-1,34217
41,550,-1.000272,34277
41,552,-1.98815,34337
41,553,-1.000218,34397
41,554,-0.98025,34402
41,555,-1,34462
41,556,-1.00028,34527
41,557,-1,34652
41,558,-0.98025,34712
41,559,-1.000272,34837
41,560,-1.00028,34842
41,561,-1.000272,34862
41,562,-1.000272,34922
41,564,-1.98815,34982
42,564,1.162607,35052
42,565,-1.000109,35102
42,566,-1.000109,35157
42,567,-1.00028,35162
42,568,-1.000163,35212
42,569,-0.9921,35262
42,570,-1,35302
42,571,-0.98815,35337
42,572,-1.00028,35342
42,573,-1,35372
42,574,-0.98815,35487
42,575,-1.000218,35537
42,576,-1.000054,35602
42,577,-1.000272,35737
42,578,-1.000272,35802
42,579,-1.000163,35857
42,580,-1.000054,35962
42,581,-1.000272,35967
42,582,-1.000272,35972
42,583,-1.000163,36002
42,584,-1.000272,36007
42,585,-1.000272,36012
42,586,-0.98025,36017
43,586,1.123184,36102
43,587,-1.00028,36107
43,588,-1.000109,36197
43,589,-0.9921,36247
44,589,1.133386,36337
44,590,-1.000224,36452
44,591,-1.000272,36542
44,592,-1.000272,36547
44,593,-1.000163,36602
44,594,-1.000112,36692
44,595,-1.000272,36697
44,596,-1,36737
44,597,-0.98025,36742
44,598,-1,36782
44,599,-1.000163,36812
44,600,-1.000272,36817
44,601,-0.9921,36862
44,602,-0.98025,36922
44,603,-1.000272,36927
44,604,-1.000109,36967
44,605,-1.000272,37032
45,605,1.166394,37092
45,606,-0.99605,37282
45,607,-0.98025,37347
45,608,-1.00028,37412
45,609,-1,37462
45,610,-1.000163,37502
45,611,-1.000272,37507
45,612,-1.000163,37642
45,613,-1.00028,37702
45,614,-1.000218,37872
45,615,-1.000272,37877
45,616,-0.98025,37882
45,617,-1,37937
45,618,-1.00028,38012
45,619,-1.000054,38072
45,620,-1.000112,38117
45,621,-0.98815,38177
45,622,-1.000272,38182
45,623,-1.000272,38257
45,624,-1.000109,38332
45,625,-1.000163,38417
45,626,-1.000218,38452
45,627,-1.000054,38472
45,628,-1.00028,38557
45,629,-0.99605,38607
45,630,-1.000056,38692
45,631,-1.000272,38697
45,632,-1.000272,38702
45,633,-1,38722
45,634,-0.98025,38812
45,635,-1.000224,38927
45,636,-1,39047
45,637,-1.00028,39052
45,638,-0.98025,39057
45,639,-1.000272,39062
45,640,-0.9842,39127
45,641,-1.000218,39167
45,642,-1.000056,39242
45,643,-0.98025,39322
45,644,-1,39357
45,645,-1.000272,39362
45,646,-1.000054,39417
45,647,-1.000272,39422
45,648,-1.000272,39482
45,649,-0.98025,39552
45,650,-1.000272,39557
46,650,1.198321,39617
46,651,-0.98025,39752
46,652,-1.000272,39757
46,653,-1.000163,39792
46,654,-1,39907
46,655,-1.000272,39972
46,656,-1.000272,39987
46,657,-0.9921,40047
46,658,-0.98025,40182
46,659,-0.9921,40287
46,660,-1.000272,40292
46,661,-1.000168,40302
46,662,-1.000272,40307
46,663,-1.000272,40367
46,664,-0.98025,40372
46,665,-1.000272,40442
46,666,-1.000272,40447
46,667,-1.000224,40507
46,668,-1,40537
46,669,-1.000218,40642
46,670,-1.000272,40707
46,671,-1.000272,40712
46,672,-1.000054,40767
46,673,-1.000272,40902
46,674,-1.000272,40972
46,675,-1.000272,40977
46,676,-0.98025,41047
46,677,-1.000272,41132
46,678,-1.000109,41232
46,679,-0.98025,41317
46,680,-0.9842,41417
46,681,-0.98025,41422
46,682,-1.000272,41492
46,683,-0.98025,41497
46,684,-1.000272,41577
46,685,-1.000218,41752
47,685,1.183684,41817
47,687,-2.000164,41882
48,687,1.079093,42012
48,688,-1,42072
48,689,-1.000224,42132
48,690,-1.00028,42202
48,692,-2.000164,42262
48,693,-1.000272,42397
48,694,-1.000272,42402
49,694,1.083061,42522
49,695,-1.000054,42567
49,696,-1.000272,42627
49,697,-1.000054,42667
50,697,1.054075,42852
50,698,-1,42897
50,699,-1,42962
50,700,-1.00028,42967
50,701,-0.98025,43037
50,702,-1.000218,43132
50,703,-1.000272,43202
50,704,-0.98025,43207
50,705,-0.98025,43267
50,706,-0.98025,43322
50,707,-0.98025,43462
50,708,-1.000163,43517
50,709,-0.9921,43607
50,710,-1.000272,43667
50,711,-1.000272,43727
50,712,-1.000272,43732
50,713,-1,43762
50,714,-1.000272,43767
50,715,-1,43822
50,716,-1.000272,43827
50,717,-1.000054,43887
51,717,1.085198,44007
51,719,-1.98815,44067
51,720,-1.000272,44132
51,721,-1.000112,44222
51,722,-1.000109,44312
51,723,-1.000272,44317
51,724,-1,44372
51,725,-1.000163,44437
51,726,-1.000272,44497
51,727,-1.000109,44537
51,728,-1,44587
51,729,-1.000272,44652
51,730,-1.000109,44677
51,731,-1.000109,44707
51,732,-1.00028,44712
52,732,1.195806,44767
52,733,-1.000272,44827
52,734,-1.000272,44832
52,735,-1,44877
52,736,-0.99605,44932
52,737,-1.000112,45037
52,738,-0.9921,45142
52,739,-1.000272,45147
52,740,-1.000272,45152
52,741,-1,45257
52,742,-0.98025,45262
53,742,1.137397,45347
53,743,-0.99605,45387
53,744,-1.000054,45432
53,745,-1.000272,45437
53,746,-1.000054,45487
53,747,-0.98025,45492
53,748,-0.98025,45497
53,750,-1.98815,45642
53,751,-1.00028,45647
53,752,-1,45687
53,753,-1.00028,45692
53,754,-0.98025,45792
53,755,-1.000272,45852
53,756,-0.9842,45882
53,757,-1.000272,45887
53,758,-1.000272,45952
53,759,-0.99605,46112
53,760,-1.000272,46117
53,761,-1.000054,46227
53,762,-1.000272,46232
53,763,-1.000272,46237
53,764,-1.000054,46287
53,765,-1.000163,46312
53,766,-1.000109,46412
53,767,-1.000272,46417
53,768,-1.000054,46462
53,769,-1.000056,46642
53,770,-1.000272,46647
53,771,-1.000272,46707
53,772,-0.98025,46767
54,772,1.151243,46837
54,773,-0.9842,46977
54,774,-1.000163,47037
54,775,-1,47127
54,776,-0.98025,47222
54,777,-1.000272,47227
54,778,-0.98025,47232
54,779,-0.98025,47292
54,780,-1.000272,47357
54,781,-1.000272,47432
55,781,1.10984,47547
55,782,-1.000272,47612
55,783,-1.000056,47702
55,784,-1.000272,47717
55,785,-1,47797
55,786,-1.000218,47927
55,787,-1.00028,48002
56,787,1.183684,48067
56,788,-1.000224,48182
56,789,-1.000218,48282
56,790,-1.000163,48317
56,791,-1.000109,48367
56,792,-1,48407
56,793,-1,48467
56,794,-1.000272,48537
56,795,-0.99605,48627
56,796,-1.000054,48717
56,797,-1.000272,48722
56,798,-1.000054,48837
56,799,-0.9921,48932
56,800,-1.000272,48937
56,801,-1.000272,49002
56,802,-1.000272,49062
56,803,-1.000272,49067
56,804,-1.000163,49117
56,805,-1.000054,49172
56,806,-1.000218,49267
56,807,-0.98025,49412
56,808,-1.000054,49517
56,809,-0.9842,49572
56,810,-1.000163,49602
56,811,-1.000272,49607
56,812,-1.000272,49662
56,813,-1.000054,49762
56,814,-0.98025,49832
56,815,-1.000272,49902
56,816,-1.00028,49907
56,816,0.00395,50008
56,817,-0.98025,50068
56,818,-0.98025,50073
56,819,-0.98025,50193
56,820,-1.000109,50233
56,821,-1.000054,50293
56,822,-1.000272,50298
56,823,-0.98815,50428
56,824,-1.00028,50433
56,825,-1.000218,50543
56,826,-1.000054,50588
56,827,-1.000272,50648
56,828,-1.000054,50758
56,829,-1.000056,50793
56,830,-1.000272,50858
56,831,-1.000109,50918
56,832,-0.98025,50983
56,833,-1.000272,51038
56,834,-1.000272,51043
56,835,-0.98025,51108
56,836,-1,51133
56,837,-1.000272,51208
56,838,-1.00028,51283
56,839,-1,51423
56,840,-0.98025,51493
56,841,-0.9921,51543
57,841,1.074355,51678
57,842,-1.00028,51683
57,843,-1,51728
57,844,-0.9842,51783
57,845,-1.000272,51978
57,846,-1.000112,52013
57,847,-0.98815,52058
57,848,-1.000056,52098
57,849,-1.000272,52153
57,850,-1.000163,52253
57,851,-1.000054,52338
57,852,-1.000272,52343
57,853,-1.000272,52463
57,854,-1,52503
57,855,-1,52613
57,856,-1.000054,52848
57,857,-1.000056,52873
57,858,-1.000163,52993
57,859,-1.000272,52998
57,860,-1.000109,53043
57,861,-1.000272,53108
57,862,-1.000054,53148
57,863,-1.00028,53293
57,864,-1.000056,53348
57,865,-1,53388
57,866,-1.000054,53493
57,867,-1.000218,53598
57,869,-2.000164,53783
57,870,-1.000272,53843
57,871,-1,53878
57,872,-1.000272,53883
57,873,-1.000272,53958
57,874,-1.000272,54078
57,875,-1.000109,54133
57,876,-1.000272,54138
57,877,-1.000272,54203
57,878,-1.00028,54208
57,879,-1.000272,54328
57,880,-1.000218,54433
57,882,-2.000164,54498
57,883,-1.00028,54558
57,884,-0.98025,54563
57,885,-1.000109,54658
57,886,-1.00028,54728
57,887,-1.000224,54773
57,888,-1.000054,54888
57,889,-1.000168,54993
57,890,-0.98025,55088
57,891,-1,55138
57,892,-1,55163
57,893,-1.000272,55168
57,894,-1.000272,55173
57,896,-2.000164,55243
57,897,-0.9921,55298
57,898,-1.00028,55363
57,899,-1,55413
57,900,-1.000218,55523
57,901,-1,55603
57,902,-0.98815,55658
57,903,-0.98025,55728
57,904,-1.000272,55858
57,905,-1.000272,55863
57,906,-0.98025,55868
57,907,-1.000163,55913
57,908,-1.00028,55973
57,909,-1.000054,56038
57,910,-1.000224,56083
57,911,-1.000272,56208
57,912,-1.000056,56278
57,913,-1.000272,56283
57,914,-1.000272,56288
57,915,-1.000272,56308
57,916,-1,56473
57,917,-1.000272,56538
57,918,-1.000272,56543
57,919,-1.000109,56588
57,920,-1.000218,56633
57,921,-1.000054,56718
57,922,-0.98025,56778
57,923,-1.000163,56833
57,924,-1,56878
57,925,-1.000163,56933
57,926,-1,56983
57,927,-1.00028,57048
57,928,-0.98025,57053
57,929,-1.000272,57058
57,930,-0.98815,57168
57,931,-1.000272,57243
57,932,-1.000272,57248
57,933,-1,57288
57,934,-0.98025,57293
57,935,-1.000112,57338
57,936,-0.98025,57343
57,937,-1.000218,57378
57,938,-0.98025,57383
57,939,-1.000272,57443
57,940,-1.000272,57503
57,941,-0.98025,57558
57,942,-1.000272,57563
57,943,-0.98025,57568
57,944,-0.98025,57573
57,945,-1.000272,57578
57,946,-1.000272,57653
58,946,1.085935,57773
58,947,-1.000272,57778
58,948,-1,57803
59,948,1.089818,57918
59,949,-1.000056,57953
59,950,-1.000272,57958
59,951,-1.000272,57963
59,952,-1.000109,58058
59,953,-1.000272,58113
59,954,-0.98025,58118
59,955,-1.000218,58178
59,956,-1.000218,58233
59,957,-1.000163,58288
59,958,-1.000109,58333
59,959,-0.9842,58433
59,960,-1.000109,58498
59,961,-0.99605,58548
59,962,-1.00028,58613
59,963,-1.000109,58728
59,964,-1.000272,58808
59,965,-1.000272,58813
59,966,-1.000272,58818
59,967,-1.000218,58873
59,968,-1.00028,58898
59,969,-1,58948
59,970,-0.98815,59013
59,971,-1.000163,59128
59,972,-1.000272,59133
59,973,-0.98025,59138
59,974,-1.000272,59273
59,975,-0.98025,59328
59,976,-1.000272,59388
59,977,-0.98025,59448
59,978,-0.98025,59453
59,979,-1,59558
59,980,-1.000054,59598
59,981,-1.000218,59663
59,982,-0.99605,59813
59,983,-1.00028,59888
59,984,-1.000168,59953
59,985,-1.00028,59958
59,986,-1.000272,59963
59,987,-1.000112,60078
59,988,-1.00028,60083
60,988,1.17848,60148
60,989,-1,60243
60,990,-0.9842,60328
61,990,1.085935,60448
61,991,-1.000224,60508
61,992,-1.000272,60513
61,993,-1.000272,60518
61,994,-1.000272,60538
61,995,-1.000272,60543
61,996,-0.98025,60608
61,997,-1.000218,60653
61,998,-1.00028,60658
61,999,-1.00028,60663
61,1000,-1.00028,60668
61,1001,-1.000224,60723
61,1002,-0.98025,60788
61,1003,-1.000112,60828
61,1004,-1.000272,60903
61,1005,-0.9921,61003
61,1006,-1.000163,61163
61,1007,-0.9842,61278
61,1008,-1.000218,61328
61,1009,-1.000272,61343
61,1010,-1.000218,61388
61,1011,-1.000272,61393
61,1012,-1.000054,61463
61,1013,-1.00028,61533
61,1014,-1.000272,61538
61,1015,-1.000218,61598
61,1016,-1.00028,61688
61,1017,-0.9842,61743
61,1018,-1.00028,61748
61,1019,-1.000272,61823
61,1020,-0.9842,61933
61,1021,-1.000218,61978
61,1023,-2.000164,62103
61,1024,-1.000109,62158
61,1025,-0.98025,62278
61,1026,-1.000272,62408
61,1027,-0.9842,62593
61,1028,-0.9842,62633
61,1029,-1,62698
61,1030,-1.00028,62703
61,1032,-2.000218,62823
61,1033,-0.98025,62888
61,1034,-0.9842,62933
62,1034,1.136706,63008
62,1035,-0.98025,63068
62,1036,-0.99605,63223
62,1037,-0.98815,63313
62,1038,-1.00028,63388
62,1039,-0.98025,63463
62,1040,-1.000054,63563
63,1040,1.144655,63633
63,1041,-1,63768
63,1042,-0.98025,63773
63,1043,-1,63833
63,1044,-1,63863
63,1045,-1.000272,63868
63,1046,-1,63958
63,1047,-1.000109,63993
63,1048,-1.000272,63998
64,1048,1.138616,64073
65,1048,1.085935,64193
65,1049,-1.000272,64198
65,1050,-1,64298
65,1051,-1.000054,64418
65,1052,-1.00028,64423
65,1053,-1,64488
65,1054,-1.00028,64493
65,1055,-1.000054,64533
65,1056,-0.98025,64538
65,1057,-1.000109,64628
65,1058,-1.000109,64668
65,1059,-1.000272,64673
66,1059,1.073257,64813
66,1060,-1.000272,64818
67,1060,1.101717,64943
67,1061,-0.99605,64993
67,1062,-1.000272,64998
68,1062,1.101051,65123
68,1063,-1.000272,65128
68,1064,-1.00028,65143
68,1065,-1.000054,65243
68,1066,-1.000272,65363
68,1067,-1.000054,65423
68,1068,-1.000168,65478
68,1069,-1.000272,65548
68,1070,-1.000224,65573
68,1071,-1.000109,65688
68,1072,-1.00028,65748
68,1073,-1.000272,65828
68,1074,-0.98025,65833
68,1075,-1.000272,65838
68,1076,-1.00028,65903
68,1077,-1,66003
68,1078,-1.000054,66058
68,1079,-1,66118
68,1080,-0.98815,66173
68,1081,-0.98815,66233
68,1082,-1.000272,66238
68,1083,-1.000272,66373
68,1084,-1,66418
69,1084,1.07272,66558
69,1085,-1.000168,66613
69,1086,-1,66668
69,1087,-1.000272,66728
69,1088,-1.000109,66798
69,1089,-1.000272,66858
69,1090,-1.00028,66863
69,1091,-1,66918
69,1092,-1.00028,66993
69,1093,-1.000056,67038
69,1094,-0.98815,67148
69,1095,-1.000272,67153
69,1096,-1.000272,67228
69,1098,-2.000164,67288
69,1099,-0.99605,67333
69,1100,-1.00028,67338
69,1101,-1.000109,67373
69,1102,-1.00028,67378
69,1103,-1.000272,67498
69,1104,-1.000272,67558
69,1105,-0.9842,67588
69,1106,-0.98815,67713
69,1107,-1.000168,67753
69,1108,-1.000054,67793
69,1109,-1.000272,67853
69,1110,-1.000272,67918
70,1110,1.077853,68048
70,1111,-0.98025,68053
70,1112,-1.000109,68163
70,1113,-1.000272,68288
70,1114,-1,68393
70,1115,-0.98025,68593
70,1116,-1.00028,68598
70,1117,-1.000272,68603
70,1118,-1,68693
70,1119,-1.000218,68813
70,1120,-0.98025,68883
70,1121,-1.000272,68943
70,1123,-2.000218,69078
70,1124,-1.000272,69083
70,1125,-1.000109,69213
70,1126,-1.000272,69273
70,1127,-1.000109,69323
71,1127,1.195806,69378
71,1128,-1.000272,69383
71,1129,-1.000272,69388
71,1130,-1.000109,69428
71,1131,-0.98025,69493
71,1132,-1.000054,69563
71,1133,-0.98815,69683
71,1134,-1.000272,69763
71,1135,-1.000218,69863
71,1136,-1.000218,70038
71,1137,-0.98025,70168
71,1138,-1.000218,70218
71,1139,-0.9842,70248
71,1140,-1.000272,70368
71,1141,-1.000272,70373
71,1142,-1.000054,70483
71,1143,-1,70518
71,1144,-0.98025,70598
71,1145,-0.9842,70653
71,1146,-1.000272,70658
71,1147,-1.000218,70778
71,1148,-1.000218,70833
71,1149,-1.000272,70838
71,1150,-1.000272,70898
71,1151,-1,70933
72,1151,1.162607,71003
72,1152,-1,71103
72,1153,-1.000272,71108
72,1154,-0.98025,71113
72,1155,-1.000272,71118
72,1156,-1.000272,71183
72,1157,-1.000056,71278
72,1158,-0.98025,71283
72,1159,-1.000272,71288
72,1160,-1.000054,71338
72,1161,-1,71373
72,1162,-1.000272,71378
72,1163,-1.000272,71383
73,1163,1.169219,71443
73,1164,-1.000054,71558
73,1165,-0.98025,71563
73,1166,-1.000218,71698
73,1167,-0.98025,71763
73,1168,-1.000054,71793
73,1169,-1,71903
73,1170,-0.98025,71908
73,1171,-1.000272,71973
73,1172,-1.000224,72023
73,1173,-0.98025,72028
73,1174,-0.98025,72158
73,1175,-1,72203
73,1176,-1.00028,72208
73,1177,-1.000168,72328
73,1178,-1.000218,72363
73,1179,-0.9842,72423
73,1180,-1.000109,72473
74,1180,1.073802,72608
74,1181,-1.000163,72728
74,1182,-1.000056,72773
74,1183,-1.000109,72883
74,1184,-1.000109,72928
74,1185,-1,73028
74,1186,-1.000218,73083
74,1187,-1,73183
75,1187,1.184913,73238
75,1188,-0.98025,73243
75,1189,-1.000163,73328
75,1190,-1.000272,73333
75,1191,-0.98025,73448
75,1192,-1.00028,73588
75,1193,-1.00028,73593
75,1194,-1.000109,73698
75,1195,-1.000054,73748
75,1196,-1.000272,73818
75,1197,-1.000054,73873
75,1198,-1.000054,73913
75,1199,-1,73983
75,1200,-1.000272,74048
75,1201,-1.000109,74143
75,1202,-1.000272,74203
75,1203,-1.000109,74263
75,1204,-1.000272,74268
75,1205,-1.000272,74273
75,1206,-1.000112,74318
75,1207,-1.000163,74378
75,1208,-1.000272,74458
75,1209,-1.000054,74608
75,1210,-0.98025,74613
75,1211,-1.000272,74618
76,1211,1.12472,74698
76,1212,-1.000272,74703
76,1213,-1.000218,74823
76,1214,-1,74873
76,1215,-0.9921,74908
76,1216,-1.000272,74963
76,1217,-1.00028,74968
76,1218,-1.00028,74973
76,1218,-5.59846E-05,75009
76,1219,-1,75064
76,1220,-1.000056,75194
76,1221,-1.000272,75264
76,1222,-1,75429
76,1223,-1.000054,75489
76,1224,-1.000272,75494
76,1225,-1.000168,75594
76,1226,-0.98025,75649
77,1226,1.085935,75769
77,1227,-1,75884
77,1228,-0.98815,75919
77,1229,-1.000272,75924
77,1230,-1.000109,76044
77,1231,-1.000272,76049
77,1232,-1.000272,76054
77,1233,-1.000272,76059
77,1234,-0.9842,76084
78,1234,1.073802,76219
78,1235,-1.000272,76279
78,1236,-1.00028,76354
78,1237,-1.000163,76514
78,1238,-1.00028,76519
78,1239,-1.000272,76579
78,1240,-1.000272,76644
78,1241,-1.000109,76759
78,1242,-1,76814
79,1242,1.123184,76899
79,1243,-1.000218,76959
79,1244,-1.000272,77144
79,1245,-1.00028,77214
79,1246,-1.000163,77249
79,1247,-0.98025,77254
79,1248,-1.000272,77329
79,1249,-1.000054,77359
79,1250,-1.00028,77364
79,1251,-1.000272,77424
79,1252,-1.000163,77514
79,1253,-1.000054,77609
79,1254,-1,77724
79,1255,-1.000168,77779
80,1255,1.079093,77909
80,1256,-1.000272,78139
80,1257,-1.00028,78144
80,1258,-1.000054,78284
80,1259,-1.000054,78329
80,1260,-1.000218,78464
80,1261,-1.000054,78504
80,1262,-1.000109,78619
80,1263,-1,78679
81,1263,1.079728,78804
81,1264,-0.98025,78874
81,1265,-1.000272,78934
81,1266,-0.9842,78984
81,1267,-1.000054,79089
81,1268,-1.000054,79204
81,1270,-2.000224,79264
82,1270,1.082372,79389
82,1271,-0.98025,79454
82,1272,-0.98815,79554
82,1273,-1.00028,79569
82,1274,-1.000272,79629
82,1275,-1.000272,79634
82,1276,-1.000054,79669
82,1277,-0.98025,79674
82,1278,-0.98025,79749
82,1279,-1.000218,79809
83,1279,1.054673,79994
83,1280,-1.000272,79999
83,1281,-1.000272,80069
83,1282,-0.98815,80119
83,1283,-1,80149
83,1284,-0.98025,80224
83,1285,-1.000054,80324
83,1286,-1.00028,80329
83,1287,-1.000168,80479
83,1288,-1.000272,80549
83,1289,-0.98025,80609
83,1290,-0.9842,80719
83,1291,-1.000272,80724
83,1292,-1,80779
83,1293,-0.98025,80859
83,1294,-1,80979
83,1295,-1.000109,81089
83,1296,-1.000272,81234
83,1297,-0.98025,81239
83,1298,-1.000109,81364
83,1299,-0.98025,81369
83,1300,-1.000272,81494
83,1301,-1.000272,81499
83,1302,-0.9921,81604
83,1303,-1.000272,81669
83,1304,-1.000272,81789
83,1305,-1.000054,81829
83,1306,-1.000168,81919
83,1307,-1.000054,81959
83,1308,-0.98025,82019
84,1308,1.054976,82204
84,1309,-1,82364
84,1310,-1.000272,82434
84,1311,-1.000272,82439
84,1312,-1.000272,82509
84,1313,-1.00028,82514
84,1314,-0.98025,82519
84,1315,-1.000272,82524
84,1316,-1.000272,82584
84,1317,-0.98025,82664
84,1318,-0.9921,82719
84,1319,-1.000272,82779
84,1320,-1.000272,82844
84,1321,-1.000272,82929
84,1322,-0.98815,83019
84,1323,-1.000272,83024
85,1323,1.076064,83159
85,1324,-1.00028,83279
85,1325,-0.99605,83359
85,1326,-0.98815,83429
85,1327,-1.000272,83434
85,1328,-1.000224,83549
85,1329,-1.000272,83674
85,1331,-1.98815,83734
85,1332,-1.000218,83819
86,1332,1.084473,83939
86,1333,-1.000109,83969
86,1334,-1.000272,84099
86,1335,-1.000163,84199
86,1336,-1.000272,84204
86,1337,-1.000272,84209
86,1338,-1.000272,84274
86,1339,-0.98025,84404
86,1340,-1.000109,84439
86,1341,-1,84484
86,1342,-1.000163,84529
86,1343,-0.98025,84594
86,1344,-1.000272,84654
86,1345,-0.99605,84694
86,1346,-1.00028,84754
86,1347,-1.000109,84799
86,1348,-1.000272,84859
86,1349,-0.9842,84949
86,1350,-0.9921,85019
86,1351,-1.000272,85024
86,1352,-1.000168,85074
86,1353,-1.000272,85129
86,1354,-0.99605,85239
86,1355,-1.000218,85284
86,1356,-1.000272,85419
86,1357,-1.000054,85529
86,1358,-1,85639
86,1359,-1.00028,85714
86,1360,-1.000272,85799
86,1361,-1.000112,85874
86,1362,-1.000056,85934
86,1363,-1.000272,85999
86,1364,-0.98025,86004
86,1365,-1,86039
86,1366,-1.000272,86094
86,1367,-1,86189
86,1368,-0.9921,86244
86,1369,-1.000272,86249
86,1370,-1.000224,86284
86,1371,-1.000112,86369
86,1372,-1.00028,86444
86,1373,-1.000112,86474
86,1374,-1.000272,86479
86,1375,-1.000218,86559
86,1376,-1.00028,86564
86,1377,-0.98025,86569
86,1378,-1.000272,86574
86,1379,-1.000054,86594
86,1380,-1.000272,86649
86,1381,-0.98025,86719
86,1382,-0.98025,86724
86,1383,-1.000272,86729
86,1384,-1.000218,86764
86,1385,-1.000054,86834
86,1386,-0.98025,86894
87,1386,1.097269,87024
87,1387,-1.000272,87094
87,1388,-0.9842,87184
87,1389,-1.000272,87189
87,1390,-1.000272,87254
87,1391,-1.000272,87329
87,1392,-1,87369
87,1393,-1.000272,87374
87,1394,-1.000272,87379
87,1395,-1,87464
87,1396,-1.000054,87549
87,1397,-1.000109,87644
87,1398,-1.00028,87704
87,1399,-1.000109,87949
87,1400,-1.00028,87959
87,1401,-1.00028,87964
87,1402,-1.000054,88009
87,1403,-1.00028,88014
87,1404,-1.000218,88069
87,1405,-1.000109,88099
87,1406,-0.98025,88104
87,1408,-2.000218,88164
87,1409,-1.000218,88274
88,1409,1.105957,88394
88,1410,-0.98025,88399
88,1411,-1.000272,88479
88,1412,-1.000272,88544
88,1413,-0.98025,88614
88,1414,-1.000272,88689
88,1415,-1.000168,88769
88,1416,-1.000272,88834
88,1417,-0.98025,88839
88,1418,-1.000272,88844
88,1419,-1.000163,88959
88,1420,-1.000272,88964
88,1421,-1.000218,89064
88,1422,-1.000056,89189
88,1423,-1.000272,89194
88,1424,-1,89204
88,1425,-1,89354
88,1426,-1,89419
88,1427,-0.98815,89544
88,1428,-1.000054,89589
89,1428,1.084473,89709
90,1428,1.121679,89794
90,1429,-0.98815,89844
90,1430,-1.000112,89894
90,1431,-1.000272,89899
90,1432,-1.000272,90034
90,1433,-0.9921,90074
90,1434,-1.000218,90259
90,1435,-0.98025,90264
90,1436,-1.000272,90269
90,1437,-1.000272,90274
90,1438,-1.000272,90334
90,1439,-1.000272,90394
90,1440,-0.9921,90479
90,1441,-1.00028,90484
90,1442,-0.9842,90539
90,1443,-1.000272,90544
90,1444,-1.000163,90599
90,1445,-1.000272,90604
90,1446,-1.000272,90669
91,1446,1.082372,90794
91,1447,-1.000272,90854
91,1448,-1.000056,90884
91,1449,-1.000272,90889
91,1450,-1.000054,90939
91,1451,-0.98025,90944
91,1452,-0.9842,91004
91,1453,-1.000272,91129
91,1454,-1.000272,91194
91,1455,-1.000272,91259
91,1456,-1.000112,91314
91,1457,-0.98025,91319
91,1458,-0.9921,91379
91,1459,-0.98025,91499
91,1460,-1.000272,91504
91,1461,-1.000218,91549
92,1461,1.072191,91689
92,1462,-1.000272,91694
92,1463,-0.99605,91829
92,1464,-1.000218,91869
92,1465,-1.00028,91874
92,1466,-1.000163,91924
92,1467,-1,92044
92,1468,-1.000272,92104
92,1469,-0.98025,92234
92,1470,-0.98815,92269
92,1471,-1.000218,92319
92,1472,-1.000112,92359
92,1473,-1.000218,92474
92,1474,-0.98025,92479
92,1475,-1.000109,92584
92,1476,-1.000272,92644
92,1477,-1.000272,92714
93,1477,1.163662,92779
93,1478,-0.98025,92784
93,1479,-1.000168,92829
93,1480,-0.98815,92864
93,1481,-1.000109,92904
93,1482,-1.00028,93029
93,1483,-1.000272,93034
93,1484,-1.000272,93039
93,1486,-2.000168,93124
93,1487,-0.98025,93194
93,1488,-1.000272,93254
93,1489,-1,93364
93,1490,-1,93474
93,1491,-1.000272,93479
94,1491,1.18104,93544
94,1492,-1.000218,93619
94,1493,-1.000163,93684
94,1494,-1,93724
94,1495,-1.000163,93779
94,1496,-1.000109,93829
94,1497,-1,93914
94,1498,-1.000218,93969
94,1499,-1.000163,94004
94,1500,-1.000272,94009
94,1501,-1.000054,94064
94,1502,-0.98025,94124
94,1503,-1.000272,94129
94,1504,-1.000054,94164
94,1505,-1.000272,94169
94,1506,-0.9921,94209
94,1507,-1,94259
94,1508,-1.000272,94264
94,1509,-0.98025,94349
94,1510,-1.000056,94384
94,1511,-0.98815,94489
94,1512,-1.000168,94589
94,1513,-1.000272,94654
94,1514,-1.00028,94714
94,1515,-0.98025,94719
94,1516,-1.000056,94819
94,1517,-1.000163,94869
94,1518,-1,94974
94,1519,-1.00028,95034
94,1520,-1.00028,95114
94,1521,-1.00028,95194
94,1522,-1.000272,95334
94,1523,-1.000272,95414
94,1524,-1.000109,95454
94,1525,-1.000272,95459
94,1526,-1.000056,95539
94,1527,-0.98025,95594
94,1528,-0.98025,95664
94,1529,-1,95709
94,1530,-1.000272,95714
94,1531,-1.000272,95719
94,1532,-1.000272,95779
94,1533,-1.000168,95834
94,1534,-1,95884
94,1535,-1,95964
94,1536,-1.000109,96029
94,1537,-1.000272,96089
94,1538,-1.000272,96119
94,1539,-1.000272,96124
94,1540,-1.000163,96194
94,1541,-1.000272,96374
94,1542,-1.000163,96484
94,1543,-1.000272,96539
94,1544,-1.000056,96599
94,1545,-1.000272,96604
94,1546,-1.000168,96659
94,1547,-0.98025,96719
94,1548,-1.000054,96774
94,1549,-1.00028,96844
94,1550,-1.000272,96849
94,1551,-1.000056,96984
94,1552,-1.000272,97049
94,1553,-1.000218,97174
94,1554,-0.98815,97224
94,1555,-1.000272,97354
94,1556,-1.000056,97454
94,1557,-1.000218,97554
94,1558,-1.000272,97559
94,1559,-0.9921,97644
95,1559,1.099115,97774
95,1560,-1.000054,97819
95,1561,-1.000109,97869
95,1562,-1.000056,97909
95,1563,-1.000109,97974
95,1564,-1.000272,97979
95,1565,-1.000054,98029
95,1566,-1.000056,98139
95,1567,-0.98025,98204
95,1568,-1.000272,98209
95,1569,-1.00028,98269
96,1569,1.076064,98404
96,1570,-0.98025,98479
96,1571,-1.000272,98484
96,1572,-0.98025,98489
96,1573,-1.000054,98534
96,1574,-1.000218,98654
96,1575,-1,98734
96,1576,-1,98829
96,1577,-1.00028,98834
96,1578,-1.000112,98929
96,1579,-0.98025,98994
96,1580,-0.99605,99079
96,1581,-1,99124
96,1582,-1.000272,99129
96,1583,-1.000109,99179
96,1584,-1.000218,99294
96,1585,-1.000272,99299
96,1586,-0.9921,99369
96,1588,-2.000164,99429
96,1589,-1.000272,99434
96,1590,-1.000272,99439
96,1591,-1,99474
96,1592,-1.000272,99479
96,1594,-2.000218,99604
96,1595,-1.00028,99609
96,1596,-1.000054,99809
96,1597,-1.00028,99869
96,1598,-1.000272,99924
96,1599,-1.000272,99984
96,1599,0.00395,100010
96,1600,-0.9842,100100
96,1601,-1.00028,100220
96,1602,-1.00028,100225
96,1603,-1.000163,100290
96,1604,-1.000272,100345
96,1605,-1.000272,100350
96,1606,-0.98815,100405
96,1607,-0.9921,100510
96,1608,-1.000272,100570
96,1609,-1.00028,100575
96,1610,-0.9842,100660
96,1611,-1.000054,100705
96,1612,-1.000218,100740
96,1613,-0.98025,100925
96,1614,-1.000224,100970
96,1615,-0.98025,101030
96,1616,-1.00028,101035
96,1617,-1,101075
96,1618,-1.000272,101145
96,1619,-0.99605,101345
96,1620,-0.98025,101450
96,1621,-1.000272,101525
96,1622,-0.99605,101690
96,1623,-1.000272,101695
96,1624,-1,101805
96,1625,-0.98815,101855
96,1626,-1.000163,102090
96,1627,-0.98025,102095
96,1628,-1.000163,102215
97,1628,1.118768,102300
97,1629,-1.000272,102305
97,1630,-0.98025,102380
97,1631,-0.98025,102385
97,1632,-1.000218,102440
97,1633,-1.00028,102445
97,1634,-1.000168,102505
97,1635,-0.98025,102510
97,1636,-1.000163,102595
97,1637,-0.9921,102765
97,1638,-1.000056,102920
97,1639,-1.000272,102995
97,1641,-2.000164,103055
97,1642,-1.000054,103105
97,1643,-1.000272,103165
97,1644,-1.000272,103235
97,1645,-1.000272,103240
97,1646,-0.98025,103245
97,1647,-1.000109,103275
97,1648,-1.000163,103390
97,1649,-0.98025,103395
97,1650,-0.9921,103440
97,1651,-1.000272,103570
97,1652,-1.000163,103665
97,1653,-1.00028,103805
97,1654,-0.98815,103905
97,1655,-1.000272,103975
97,1656,-1,104065
97,1657,-1.000272,104070
97,1658,-1.000109,104120
97,1659,-1.00028,104125
98,1659,1.153566,104190
99,1659,1.195189,104250
99,1660,-1.000272,104375
99,1661,-0.9842,104430
99,1662,-1.000054,104460
99,1664,-2.000224,104520
99,1665,-0.98025,104525
99,1666,-1.000272,104585
99,1667,-1.000272,104650
99,1668,-1.000054,104705
99,1669,-1.000272,104770
99,1670,-1.00028,104775
99,1671,-1.000272,104830
99,1672,-1.000109,104880
100,1672,1.14475,104960
101,1672,1.075485,105095
101,1673,-1.000272,105165
101,1674,-1,105210
101,1676,-1.98815,105330
101,1677,-1.000272,105335
101,1678,-1.000163,105370
101,1679,-0.98025,105375
101,1680,-0.98025,105380
101,1681,-1.000218,105430
101,1682,-1.000272,105435
101,1683,-1.000218,105480
101,1684,-1.000056,105570
101,1685,-1.000112,105615
101,1686,-0.98025,105620
101,1687,-1.000272,105695
101,1688,-1.000109,105745
101,1690,-1.98815,105805
101,1691,-1.000218,105980
101,1692,-1.000272,106110
101,1693,-1,106130
101,1694,-1.000272,106135
101,1695,-1.000272,106195
101,1696,-1.000112,106305
101,1697,-0.98815,106355
101,1698,-1.000272,106360
101,1699,-0.98025,106420
101,1700,-1.00028,106425
101,1701,-1,106520
101,1702,-1.000272,106580
101,1704,-2.000218,106645
101,1705,-1.000163,106735
101,1706,-1.000224,106860
101,1707,-0.98025,106930
102,1707,1.108246,107045
102,1708,-1.000218,107145
102,1709,-1.000272,107205
102,1710,-1.000272,107270
102,1711,-1.000272,107330
102,1712,-0.98025,107335
102,1713,-0.98025,107410
102,1714,-1.00028,107430
102,1715,-1.00028,107435
102,1716,-0.99605,107550
102,1717,-1.000272,107555
102,1718,-0.99605,107625
102,1719,-1,107680
102,1720,-0.98025,107685
102,1721,-1.000163,107785
102,1722,-1,107870
102,1723,-1.000272,107875
102,1724,-1.000112,107915
102,1725,-1.000163,107945
102,1726,-1.00028,107950
102,1727,-1.000272,107955
102,1728,-1.000272,107960
102,1729,-0.98025,107965
102,1730,-1.000112,108065
102,1731,-0.98025,108070
102,1732,-1,108115
103,1732,1.123184,108200
103,1733,-1.00028,108205
103,1734,-0.98025,108210
103,1735,-0.9842,108260
103,1737,-2.000164,108325
103,1738,-1.00028,108450
104,1738,1.054976,108635
104,1739,-1.000054,108665
104,1740,-1.000272,108670
104,1741,-1.000109,108765
104,1742,-1.000054,108815
104,1743,-1.000272,108875
104,1744,-1.00028,108940
104,1745,-1.000272,108960
104,1747,-2.000168,109020
104,1748,-0.98815,109080
104,1749,-0.98025,109140
104,1750,-1.000109,109175
104,1751,-0.99605,109235
104,1752,-1.000272,109305
104,1753,-1,109360
104,1754,-1.00028,109420
104,1755,-1.00028,109425
104,1756,-1.000218,109535
104,1757,-1,109570
104,1758,-1.000272,109575
104,1759,-0.98025,109630
104,1760,-1.000272,109700
104,1761,-1.000163,109750
104,1762,-1.000272,109810
104,1763,-1.000272,109875
104,1764,-1.000218,109920
104,1765,-1.000218,110150
104,1766,-0.9921,110270
104,1767,-1.000272,110390
104,1768,-1.000054,110490
104,1769,-1,110560
104,1770,-1.000272,110565
104,1771,-1.000054,110690
104,1772,-1.000272,110760
104,1773,-1.000224,110805
104,1774,-0.99605,110840
104,1775,-1.000168,110955
104,1776,-1.000272,110960
104,1777,-1.000218,111065
104,1778,-0.9842,111120
104,1779,-1.00028,111125
104,1780,-1.000163,111130
104,1781,-1.00028,111220
104,1782,-1.000272,111355
104,1783,-1.000168,111460
104,1784,-1.000272,111525
104,1785,-1.000272,111585
104,1786,-1.000218,111770
104,1787,-1.000272,111775
104,1788,-1.000272,111780
105,1788,1.156736,111855
105,1789,-1.000272,112045
105,1790,-1.00028,112115
105,1792,-1.98815,112240
105,1793,-1.000218,112345
105,1794,-1.000272,112350
105,1795,-1.000218,112465
105,1796,-0.98025,112475
105,1797,-0.98025,112530
105,1798,-0.9842,112595
105,1799,-0.99605,112635
105,1800,-1.000163,112690
105,1801,-1.000109,112735
105,1802,-0.9842,112780
105,1803,-1.000218,112820
105,1804,-1.000272,112895
105,1805,-0.99605,112945
105,1806,-0.98025,112950
105,1807,-1.000272,112955
105,1808,-1.000109,113000
105,1809,-1.00028,113005
105,1810,-1.000112,113115
105,1811,-1.000054,113235
105,1812,-1.000163,113350
105,1813,-1.000272,113355
105,1814,-1.000272,113425
105,1815,-1.000272,113485
105,1816,-1.000272,113555
105,1817,-1.000272,113560
105,1818,-1.000109,113615
105,1819,-1.000168,113730
105,1820,-1.000272,113790
105,1821,-1.000272,113795
105,1822,-0.9842,113915
105,1823,-1,114035
105,1824,-1.000272,114040
105,1825,-1.00028,114045
105,1826,-1.000272,114050
105,1827,-1.000272,114055
105,1828,-1.000163,114180
105,1829,-0.98025,114310
105,1830,-0.98815,114365
105,1831,-0.98815,114475
105,1832,-0.99605,114555
105,1833,-0.99605,114655
105,1834,-1.000272,114660
105,1835,-1.000054,114710
105,1836,-0.98025,114765
105,1837,-0.9842,114810
105,1838,-1.000272,114815
105,1839,-1.000112,114895
105,1840,-1.00028,114900
105,1841,-0.98025,114970
105,1842,-1.000109,115075
105,1843,-0.98025,115080
105,1844,-1.000163,115175
105,1845,-0.98025,115255
105,1846,-1,115310
105,1847,-1.000218,115425
105,1848,-0.99605,115480
105,1849,-0.9842,115595
105,1850,-1.000272,115655
105,1851,-1.000272,115775
105,1852,-1.000109,115880
105,1853,-0.98025,115885
105,1854,-0.98025,115890
105,1855,-1.000272,115960
105,1856,-1,116045
105,1857,-0.99605,116185
105,1858,-1.00028,116245
105,1860,-2.000168,116385
105,1861,-1.000272,116390
105,1862,-1.000218,116420
105,1863,-1,116520
105,1864,-0.98025,116525
105,1865,-0.98025,116530
105,1866,-1.00028,116650
105,1867,-0.9921,116760
105,1868,-1.000163,116815
105,1869,-1.00028,116875
105,1870,-1.000272,116930
105,1871,-1.000272,117000
105,1872,-0.98025,117005
105,1873,-1.000224,117120
105,1874,-0.98025,117130
105,1875,-1.00028,117135
105,1876,-1,117290
105,1877,-1.000112,117380
105,1878,-1.000112,117405
105,1879,-1.000272,117410
105,1880,-0.98025,117470
105,1882,-1.9842,117545
105,1883,-1.000168,117575
105,1884,-1.000272,117580
105,1885,-1.000168,117665
105,1886,-0.98025,117670
105,1887,-0.98025,117745
105,1888,-1.000272,117750
105,1889,-1.000054,117855
105,1890,-1.000272,117860
105,1891,-1.000056,117985
105,1892,-1,118040
105,1893,-1.000272,118170
105,1894,-1.000272,118230
105,1895,-1.000272,118235
106,1895,1.136714,118310
106,1896,-1.000272,118315
106,1897,-1.000163,118420
106,1898,-1.000109,118500
106,1899,-1.000272,118565
106,1900,-1.000272,118570
106,1901,-1.000272,118635
106,1902,-1.000054,118745
106,1903,-1.000054,118865
106,1904,-1.000272,118870
106,1905,-1,118925
106,1906,-1.000168,118955
106,1907,-1.000272,118960
106,1908,-1,119060
106,1909,-1.000272,119065
107,1909,1.077853,119195
107,1910,-1,119225
107,1911,-0.98815,119325
107,1912,-1.000054,119435
107,1913,-0.98025,119505
107,1914,-1.000272,119700
107,1915,-1.000054,119750
107,1916,-1.000109,119800
107,1917,-1.000163,119870
107,1918,-0.98025,119935
107,1919,-1.000272,119995
107,1920,-0.9842,120035
107,1921,-0.9921,120090
107,1922,-1.000163,120135
108,1922,1.089818,120250
108,1923,-1.00028,120255
108,1924,-1.000272,120270
108,1925,-0.98025,120335
108,1926,-1.000272,120340
108,1927,-1.00028,120405
108,1928,-0.98815,120505
108,1929,-1.000056,120600
108,1930,-1.000272,120675
108,1931,-1.00028,120680
108,1932,-1.00028,120735
108,1933,-1,120785
109,1933,1.198321,120845
109,1934,-1.000218,120895
109,1935,-1.000272,120900
109,1936,-1.000272,120905
109,1937,-1.000272,120980
109,1938,-1.000272,120985
109,1939,-1.00028,121105
109,1940,-0.98025,121110
109,1941,-1.000272,121175
109,1942,-1.000054,121205
109,1943,-0.98025,121210
109,1944,-1.000109,121255
109,1945,-1.000272,121315
109,1946,-1.000272,121320
109,1948,-2.000168,121390
109,1949,-1,121500
109,1950,-1.000272,121560
109,1951,-0.98815,121675
109,1952,-0.9921,121780
109,1953,-1.000272,121785
109,1954,-1.000163,121880
109,1955,-1.000272,121885
109,1956,-1.000272,121960
109,1957,-1.000112,122020
109,1958,-1.00028,122025
109,1959,-0.98815,122140
109,1960,-0.98025,122145
109,1961,-1.000163,122255
109,1962,-1.000272,122315
110,1962,1.074916,122450
110,1963,-1.000272,122455
110,1964,-0.9842,122500
110,1965,-1.000218,122565
110,1966,-0.98025,122685
110,1967,-1.000272,122690
110,1968,-1.000054,122825
110,1969,-1,122885
110,1970,-0.98815,123000
110,1971,-1.000272,123005
110,1972,-1.000224,123125
110,1973,-1.00028,123250
110,1974,-1.00028,123310
110,1975,-1.000218,123445
110,1976,-1.000218,123560
110,1977,-1,123610
110,1978,-1.000218,123805
110,1979,-1.00028,123810
110,1980,-1,123860
110,1981,-1.000163,123955
110,1982,-0.98025,123960
110,1983,-1.000163,124055
110,1984,-1.000272,124060
110,1985,-1,124150
110,1986,-1.000272,124155
110,1987,-1.000163,124205
110,1988,-1.000054,124250
110,1989,-1.000272,124255
110,1990,-1.000272,124335
110,1991,-1.00028,124340
110,1992,-1.000272,124410
110,1993,-1.00028,124430
110,1994,-1,124480
110,1995,-1.00028,124545
110,1996,-1.000272,124550
110,1997,-1.000272,124555
110,1998,-1.000109,124610
110,1999,-1.000272,124615
110,2000,-1.000272,124620
110,2001,-1.00028,124625
110,2002,-0.98025,124750
110,2003,-1.000163,124870
110,2004,-1,124970
110,2005,-0.98025,124975
110,2006,-0.98025,124980
110,2006,0.00395,125011
110,2007,-1.000272,125016
110,2008,-1,125051
110,2009,-1.000054,125116
110,2010,-0.98025,125186
110,2011,-0.98025,125191
110,2012,-0.98025,125256
110,2013,-1.000272,125386
110,2014,-0.9842,125431
110,2015,-1.000224,125481
110,2016,-1.000054,125541
110,2017,-1.000272,125546
110,2018,-0.98025,125681
110,2019,-1.000272,125686
110,2020,-1.000272,125741
110,2021,-1.000168,125891
110,2022,-1.000272,125896
110,2023,-1.000272,125961
110,2024,-0.98025,125966
110,2025,-1.000163,126021
110,2026,-1.000163,126086
110,2027,-1.000218,126136
110,2028,-1.000272,126141
110,2029,-1.000272,126206
110,2030,-1.000218,126306
110,2031,-0.99605,126536
110,2032,-0.98025,126606
110,2034,-2.000164,126681
110,2035,-1.000272,126686
110,2036,-0.99605,126786
110,2037,-1.000056,126891
111,2037,1.081028,127016
112,2037,1.172141,127076
112,2038,-1.000272,127081
112,2039,-1.000272,127141
112,2040,-1.000272,127146
112,2041,-1,127251
112,2042,-0.98025,127311
112,2043,-1.000272,127316
112,2044,-1,127326
112,2045,-1.000109,127426
112,2046,-1.000272,127496
112,2047,-0.98025,127501
112,2048,-1.000272,127506
112,2049,-0.9921,127651
112,2050,-1.000272,127656
112,2051,-1.000272,127721
112,2052,-0.98815,127821
112,2053,-1.000272,127896
112,2054,-1.000272,127901
112,2055,-1,127911
112,2056,-1.000272,127916
112,2057,-1,127961
112,2058,-1.000272,128021
112,2059,-1.000112,128116
112,2060,-1.000272,128121
112,2061,-1.000272,128126
112,2062,-1,128231
112,2063,-1.000272,128356
112,2064,-0.98025,128361
112,2065,-1.000272,128366
112,2066,-1.000056,128421
112,2067,-0.98025,128426
112,2068,-1.000109,128476
112,2069,-1,128581
112,2070,-1.000054,128671
112,2071,-1.000272,128676
112,2072,-0.98025,128681
112,2073,-1.000272,128746
112,2074,-1.000272,128751
112,2075,-1.000272,128886
112,2076,-0.98025,128891
112,2077,-1.000272,128896
112,2078,-0.99605,128926
112,2079,-1.000272,129001
112,2080,-1.000272,129066
112,2081,-1.000272,129071
112,2082,-1.000272,129131
112,2083,-1.000272,129196
112,2084,-1.000109,129266
112,2085,-1.00028,129271
112,2086,-1,129496
112,2087,-0.99605,129596
112,2089,-2.000218,129666
112,2090,-0.98025,129731
112,2091,-0.98025,129851
112,2092,-1.000272,129926
112,2093,-1,129971
112,2094,-1.000272,129976
112,2095,-0.98025,129981
112,2096,-1.000272,130051
112,2097,-1.000272,130056
112,2098,-1.000272,130061
112,2099,-1.000054,130126
113,2099,1.075485,130261
113,2100,-1.000272,130266
113,2101,-1.000224,130331
113,2102,-1.000272,130401
113,2103,-0.98025,130406
113,2104,-1.000272,130411
113,2105,-1.000272,130486
113,2106,-1.000163,130541
113,2107,-1.000272,130606
113,2108,-1.00028,130611
113,2109,-1.000272,130616
113,2110,-1.000109,130716
113,2111,-1.000054,130751
113,2112,-0.9921,130871
113,2113,-1.000112,130966
113,2114,-1.000163,131011
113,2115,-1.000056,131056
114,2115,1.134863,131131
114,2116,-1.000168,131241
114,2117,-1.000272,131246
114,2118,-1,131271
114,2119,-1,131356
114,2120,-1.00028,131416
114,2121,-1.000272,131481
114,2122,-1.000272,131486
114,2123,-1.000272,131491
114,2124,-1.000056,131606
114,2125,-1.000163,131666
114,2126,-1.000272,131671
114,2127,-1.000272,131676
114,2128,-1.000054,131816
114,2129,-1,131921
114,2131,-2.000164,131981
114,2132,-1.000272,132046
114,2134,-2.000168,132131
114,2135,-1.00028,132196
114,2136,-1.000272,132201
114,2137,-1,132296
114,2138,-1.000272,132436
114,2139,-1.000054,132516
114,2140,-1.000272,132586
114,2141,-0.98025,132591
114,2142,-0.9842,132706
114,2143,-1.000218,132751
114,2144,-0.98025,132811
114,2145,-1.000272,132871
114,2146,-1.000054,132986
114,2147,-0.98025,133111
114,2148,-0.98025,133176
114,2149,-0.98025,133371
114,2150,-1.000272,133376
114,2151,-1.000272,133381
114,2152,-1.000272,133441
114,2153,-1.000272,133506
114,2154,-1.000218,133556
114,2155,-1,133611
114,2156,-0.98815,133726
114,2157,-1,133766
114,2158,-1.000272,133836
114,2159,-1.00028,133841
115,2159,1.055283,134021
115,2160,-1.000112,134106
115,2161,-0.98025,134111
115,2162,-1,134231
115,2163,-0.99605,134356
116,2163,1.181546,134411
116,2164,-1.000272,134481
116,2165,-1.000272,134486
116,2166,-1.000054,134526
116,2167,-1.000272,134531
116,2168,-1.000054,134586
116,2169,-1.000163,134686
116,2170,-1.000224,134746
116,2171,-1.00028,134751
116,2172,-1.000109,134801
116,2173,-0.9842,134886
116,2174,-1.000272,134946
116,2175,-0.98025,135016
116,2176,-1.000218,135081
116,2177,-0.99605,135116
116,2178,-1.00028,135121
116,2179,-1.000109,135216
116,2180,-1.000272,135316
116,2181,-1.000272,135321
116,2182,-1.000112,135371
116,2183,-1.000272,135451
116,2184,-0.98025,135456
116,2185,-0.9921,135566
116,2186,-1.000218,135691
116,2187,-1.000272,135751
116,2188,-1.000272,135756
116,2189,-1.000272,135761
116,2190,-0.9921,135881
116,2191,-0.98025,135941
116,2192,-1.00028,136001
116,2193,-1.000054,136046
116,2194,-1.000272,136051
116,2195,-0.99605,136176
116,2196,-0.98025,136181
116,2197,-1,136236
116,2198,-1.000163,136261
116,2199,-1.000272,136266
116,2200,-0.9921,136431
116,2201,-1.000272,136496
116,2202,-1.000272,136501
116,2203,-1.000272,136621
116,2204,-0.98025,136691
116,2205,-0.99605,136766
116,2206,-0.98025,136826
116,2207,-1.000168,136876
116,2208,-1.000054,136911
116,2209,-1.000218,136956
116,2210,-0.98025,137026
116,2211,-1.00028,137086
116,2212,-1.000054,137146
116,2213,-1.000109,137261
116,2214,-0.98815,137311
116,2215,-1,137421
116,2216,-0.99605,137546
116,2217,-0.99605,137606
116,2218,-1.000056,137666
116,2219,-1.000054,137716
116,2220,-0.98815,137761
117,2220,1.12076,137861
117,2221,-1.000112,137906
117,2223,-2.000164,138026
117,2224,-1.000272,138031
117,2225,-1.000272,138096
117,2226,-1.000272,138156
117,2227,-1.000272,138161
117,2228,-1.000272,138166
117,2229,-1.000272,138171
117,2230,-1.000054,138231
117,2231,-1.000272,138236
117,2232,-1.000056,138336
117,2233,-1.000163,138446
117,2234,-1.000054,138501
117,2235,-1.000272,138606
117,2236,-1.000272,138611
117,2237,-1.000168,138701
117,2238,-1,138741
117,2239,-1.00028,138746
117,2240,-1.000272,138801
117,2241,-1.000109,138901
117,2242,-1.000272,138961
117,2243,-1.000272,139026
117,2244,-0.98025,139031
117,2245,-0.98025,139091
117,2246,-1.000054,139266
117,2247,-0.98025,139271
117,2248,-1.00028,139276
117,2249,-1,139396
118,2249,1.104496,139516
118,2250,-0.98815,139556
118,2251,-1.000272,139631
118,2252,-0.98025,139711
118,2253,-1.000272,139771
118,2254,-1.000272,140026
118,2255,-0.98025,140031
118,2256,-1.000272,140036
118,2257,-1.000056,140121
118,2258,-0.99605,140171
118,2259,-0.98025,140226
118,2260,-1.000163,140281
118,2261,-1.000272,140286
118,2262,-1.000272,140291
118,2263,-1.00028,140296
118,2264,-1.000168,140351
118,2265,-1.000272,140356
118,2266,-1.000272,140431
118,2267,-1.00028,140491
118,2268,-1.000272,140616
118,2269,-1.000168,140646
118,2270,-1.000218,140831
118,2271,-1.000272,140886
119,2271,1.161018,140951
119,2272,-1.000054,141026
119,2273,-1.000272,141031
119,2274,-1.000109,141186
119,2275,-1.000272,141306
119,2277,-2.000164,141446
119,2278,-1.000168,141586
119,2279,-0.98025,141646
119,2280,-1.000054,141696
119,2281,-1.00028,141791
119,2282,-1.000272,141851
119,2283,-1.000054,141866
119,2284,-0.98025,141986
119,2285,-1.000109,142101
119,2286,-1.000218,142161
119,2287,-0.98025,142166
119,2288,-1.000272,142176
119,2289,-1.000272,142181
120,2289,1.11975,142281
120,2291,-2.000218,142436
120,2292,-1.000112,142511
120,2293,-1.000163,142546
121,2293,1.113357,142636
121,2294,-1.000272,142711
121,2295,-0.99605,142766
121,2296,-1.000272,142771
121,2297,-1.000272,142831
121,2298,-1.000218,142916
121,2299,-1.000272,142921
121,2300,-1.000218,142966
121,2301,-1.000109,143071
121,2302,-1.000272,143131
121,2303,-1.000224,143176
121,2304,-1.000272,143181
121,2305,-0.9921,143261
121,2306,-0.9921,143341
121,2307,-1,143466
121,2308,-1.000272,143596
121,2309,-1.000272,143606
121,2310,-1,143726
121,2311,-0.9842,143836
121,2312,-1.000272,143841
121,2313,-1.00028,143901
121,2314,-1.000163,143936
121,2315,-1.000163,144056
121,2316,-0.9842,144106
121,2317,-1.000272,144111
121,2318,-0.98815,144176
121,2319,-1.000272,144181
121,2320,-1.000272,144306
121,2321,-0.98025,144366
122,2321,1.072191,144506
122,2322,-0.98025,144511
122,2323,-1.000272,144571
122,2324,-1,144616
122,2325,-1.000218,144746
122,2326,-0.98025,144871
122,2328,-2.000218,144931
122,2329,-1.000218,144981
122,2330,-1.000054,145176
122,2331,-1.000163,145211
122,2332,-0.98025,145216
122,2333,-1.000272,145316
122,2334,-1,145371
122,2335,-0.9842,145481
122,2336,-1.000163,145531
122,2337,-1.00028,145606
122,2338,-0.98025,145671
122,2339,-1.00028,145736
122,2340,-1.000163,145836
122,2341,-1.000054,145941
122,2342,-0.98025,145946
122,2343,-1.000272,146001
122,2344,-0.9842,146096
122,2345,-1.000272,146151
122,2346,-0.98025,146216
122,2347,-1.000272,146341
122,2348,-1.000163,146436
122,2349,-1.000054,146476
122,2350,-0.98815,146536
122,2351,-0.98025,146541
122,2352,-1.000056,146581
122,2354,-1.98815,146771
122,2355,-1.000272,146846
122,2356,-1,146891
122,2357,-1.000163,147071
122,2358,-0.9842,147111
122,2359,-1.000272,147116
122,2360,-0.99605,147151
122,2361,-1.00028,147211
122,2362,-0.98025,147221
122,2363,-0.98025,147281
122,2364,-0.98025,147286
122,2365,-1.000272,147351
122,2366,-1.000109,147406
122,2367,-1.00028,147531
122,2368,-1.000163,147581
122,2369,-1.000272,147646
122,2370,-1.000054,147691
122,2371,-1.000054,147791
122,2372,-1.000112,147841
122,2373,-1.000272,147846
122,2374,-1.000218,147966
122,2375,-1.000272,147971
122,2376,-1.000109,148086
122,2377,-0.98025,148091
122,2378,-0.98025,148096
122,2379,-1.000163,148116
122,2380,-1.000054,148176
122,2381,-1.00028,148256
122,2382,-1.000272,148261
122,2383,-1.000272,148391
122,2384,-1.000109,148496
122,2385,-1.000272,148501
122,2386,-1.00028,148511
122,2387,-0.9842,148561
122,2388,-1.000272,148566
122,2389,-1.00028,148641
122,2390,-1.000109,148736
122,2391,-1,148771
122,2392,-1.000272,148836
122,2393,-1.00028,148841
122,2394,-0.98025,148901
122,2395,-1.000272,148976
122,2396,-0.98025,149036
122,2397,-1.000272,149041
122,2398,-1.000272,149126
122,2399,-0.98025,149246
123,2399,1.075485,149381
123,2400,-1.000272,149386
123,2401,-1.000224,149501
123,2402,-0.98025,149556
123,2403,-1.000272,149741
123,2404,-1.000112,149841
123,2405,-1.000109,149956
123,2406,-1.00028,149961
123,2406,0.00395,150012
123,2407,-1.000272,150017
123,2408,-1,150117
123,2409,-1.000272,150122
123,2410,-1.000272,150127
123,2411,-1.000168,150177
123,2412,-1.000272,150257
123,2413,-1,150407
123,2414,-1.000272,150472
123,2415,-1.000163,150502
123,2416,-1.000272,150507
123,2417,-1,150542
123,2418,-1.00028,150547
123,2419,-1.000056,150582
123,2420,-1.00028,150642
123,2421,-0.98025,150782
123,2422,-1.000272,150787
123,2423,-1.000218,150837
123,2424,-0.98025,150902
123,2425,-1.000272,150977
123,2426,-1,151012
123,2427,-0.98025,151017
123,2428,-0.98025,151077
123,2429,-1.000272,151197
123,2430,-1,151292
123,2431,-1.000056,151342
123,2432,-1.000218,151457
123,2433,-1.000272,151512
123,2434,-1.000163,151557
123,2435,-1.000218,151667
123,2436,-0.98025,151672
123,2437,-1.000272,151807
123,2438,-1.000272,151812
123,2439,-0.98025,151817
123,2440,-1.000163,151932
123,2441,-1.000054,151982
123,2443,-2.000109,152167
123,2444,-0.98025,152292
124,2444,1.057199,152467
124,2445,-1.000272,152532
124,2446,-1.000168,152582
124,2447,-1.000218,152687
124,2448,-1.000054,152807
124,2449,-1.000272,152812
124,2450,-1.000272,152817
124,2451,-0.9842,152927
124,2452,-0.98025,152932
124,2453,-0.98025,152992
124,2454,-1.000109,153077
124,2455,-1.000112,153117
124,2456,-1.000272,153122
124,2457,-0.9842,153237
124,2458,-1.000272,153307
124,2459,-1.00028,153312
124,2460,-0.98025,153377
124,2461,-1.000109,153462
124,2462,-1.000272,153582
124,2463,-0.9921,153632
124,2464,-1.000054,153747
124,2465,-1.000109,153797
124,2466,-1.000054,153852
124,2467,-1.00028,153977
124,2468,-0.98025,154057
124,2469,-1.000163,154097
124,2470,-1.000272,154102
124,2471,-1,154182
125,2471,1.096086,154317
125,2472,-1.000272,154322
125,2473,-1.000109,154357
125,2474,-1.000272,154432
125,2475,-1.000272,154507
125,2476,-1.00028,154582
125,2477,-1.000272,154587
125,2478,-1,154642
125,2479,-1.000272,154652
125,2480,-0.98025,154657
125,2481,-1.000272,154662
125,2482,-1.000218,154712
125,2483,-1.000272,154777
125,2484,-1.000168,154812
125,2485,-0.98025,154817
125,2487,-2.000164,154877
125,2488,-1.000272,154882
125,2489,-0.98025,154967
125,2490,-1.000272,155052
125,2491,-1.000272,155112
126,2491,1.169219,155172
126,2492,-0.98025,155177
126,2493,-1.000109,155282
126,2494,-1.000224,155327
126,2495,-1.000168,155442
126,2496,-1.000272,155447
126,2497,-1,155552
126,2498,-1.000109,155607
126,2499,-1,155657
126,2500,-1.000112,155767
126,2501,-0.98025,155827
126,2502,-1.000054,155867
126,2503,-1.000163,155922
126,2504,-1.00028,155927
126,2505,-1.000272,156112
127,2505,1.100395,156237
127,2506,-1,156292
127,2507,-0.98025,156412
127,2508,-1.000272,156472
127,2509,-0.98025,156507
127,2510,-1.00028,156512
127,2511,-1.000109,156567
127,2512,-1.000218,156682
127,2513,-0.98025,156742
128,2513,1.072184,156882
128,2514,-1,156977
128,2515,-1.000272,157077
128,2516,-1.000272,157197
128,2517,-1.000163,157232
128,2518,-1.000272,157287
128,2519,-0.98025,157357
128,2520,-1.000163,157512
128,2521,-1.000272,157517
128,2522,-0.9842,157562
128,2523,-1,157617
128,2524,-1,157712
128,2525,-1.000272,157717
128,2526,-1.000054,157807
128,2527,-1.000272,157812
128,2528,-1.000054,158042
128,2529,-1.000272,158047
128,2530,-0.98025,158117
128,2531,-1.000272,158187
128,2532,-0.98025,158247
128,2533,-0.98025,158252
128,2534,-1.00028,158257
128,2535,-0.98025,158262
128,2536,-1,158292
129,2536,1.195806,158347
129,2537,-1.000109,158457
130,2537,1.076651,158587
130,2538,-1.000112,158677
130,2539,-1.000272,158682
130,2540,-0.99605,158852
130,2541,-1.000218,158912
130,2542,-1.000163,159012
130,2543,-1.000272,159077
130,2544,-1,159157
130,2545,-1.000163,159207
130,2546,-0.99605,159312
130,2547,-0.99605,159367
130,2548,-1,159467
130,2549,-1.000272,159527
130,2550,-1.000218,159562
130,2551,-1.000272,159567
130,2552,-1.000109,159602
130,2553,-0.98025,159662
130,2554,-0.98025,159667
131,2554,1.096673,159797
131,2555,-1.00028,159802
131,2556,-1.000054,159867
131,2557,-1.000272,159927
131,2558,-1.00028,159932
131,2559,-1,160047
131,2560,-1.000109,160097
131,2561,-0.98025,160102
131,2562,-1.000112,160292
131,2563,-1.00028,160352
131,2564,-1.000272,160412
131,2565,-1.000224,160492
131,2566,-0.98025,160497
131,2567,-1.000218,160607
131,2568,-1.000163,160752
131,2569,-0.98815,160847
131,2570,-1.000163,160892
131,2571,-1.000272,160897
131,2572,-1.00028,160902
131,2573,-0.9921,160987
131,2574,-1.000109,161037
131,2575,-1.000272,161042
131,2576,-0.98025,161097
131,2577,-0.98025,161152
131,2578,-0.98025,161207
131,2579,-1.000272,161267
131,2580,-1.000112,161322
131,2581,-0.99605,161377
131,2582,-1.000109,161477
131,2583,-1.000109,161522
131,2584,-1.000109,161557
131,2586,-2.000164,161617
131,2587,-1.00028,161622
131,2589,-2.000164,161682
131,2590,-1.000163,161852
131,2591,-0.98025,161857
131,2592,-1.000272,161862
131,2593,-0.98025,161922
131,2594,-1.000272,161927
131,2595,-0.98025,161932
131,2596,-1.000272,161937
131,2597,-1,162002
131,2598,-0.98025,162057
131,2599,-0.99605,162177
131,2600,-1.000109,162292
131,2601,-1,162322
131,2602,-1.00028,162387
131,2603,-1,162432
131,2604,-1.000109,162482
131,2605,-1.000163,162572
131,2606,-1.000109,162622
131,2607,-1.000218,162722
131,2608,-0.98025,162727
132,2608,1.055283,162907
132,2609,-1.000272,162967
132,2610,-0.98025,163027
132,2611,-1,163132
132,2612,-0.99605,163187
132,2613,-1.000224,163277
132,2614,-1.000272,163282
133,2614,1.07325,163422
133,2615,-0.98025,163427
133,2616,-0.99605,163472
133,2617,-1.00028,163597
134,2617,1.085198,163717
134,2618,-1.000272,163782
134,2619,-0.99605,163807
134,2620,-0.98025,163812
134,2621,-1.00028,163817
134,2622,-1.000163,163872
134,2623,-1.000272,164007
134,2624,-1.000054,164187
134,2625,-0.9842,164222
134,2626,-0.98025,164307
134,2627,-1.000272,164372
134,2628,-1.000272,164377
134,2629,-1.000272,164437
134,2630,-0.98025,164582
134,2631,-1.00028,164662
134,2632,-1.000272,164667
134,2633,-1.000163,164722
134,2634,-1,164812
134,2635,-1.000272,164817
134,2636,-1.000163,164867
134,2637,-1.000054,164972
134,2638,-1.000056,165032
134,2639,-1.000218,165092
134,2640,-1.000272,165097
134,2641,-0.99605,165222
134,2642,-1.000272,165227
134,2644,-2.000164,165357
134,2645,-1.000109,165477
134,2647,-2.000164,165547
134,2648,-0.98025,165552
134,2649,-1.00028,165557
134,2650,-1.000112,165682
134,2651,-1.000272,165742
134,2652,-0.98025,165812
134,2653,-1.000109,165862
134,2654,-0.98025,165872
134,2655,-1,165957
134,2656,-0.9921,166002
134,2657,-1,166042
134,2658,-1.000163,166122
134,2659,-1.000272,166192
134,2660,-1.000056,166292
134,2661,-1.000112,166352
134,2662,-1,166452
134,2663,-1.00028,166457
134,2664,-1.000224,166507
134,2665,-1.00028,166572
134,2666,-1.000272,166577
134,2667,-0.98025,166582
134,2668,-1.000272,166652
134,2669,-0.98025,166657
134,2670,-1.000272,166662
134,2671,-1.000272,166667
134,2672,-1.00028,166672
134,2673,-0.98025,166732
134,2674,-1,166767
134,2675,-0.98025,166832
134,2676,-1,166937
134,2677,-0.98025,166942
134,2678,-1.000272,167007
134,2679,-0.9842,167067
134,2680,-1.000163,167192
134,2681,-1,167242
135,2681,1.07272,167382
135,2682,-1.000272,167447
135,2684,-1.9842,167597
135,2685,-1.000272,167657
135,2686,-0.9921,167747
135,2687,-0.98815,167827
136,2687,1.081028,167952
137,2687,1.148981,168022
137,2688,-1.00028,168027
137,2689,-0.9921,168142
137,2690,-1.000272,168197
137,2691,-0.98025,168332
137,2692,-1.000218,168442
137,2693,-0.98025,168447
137,2694,-0.99605,168502
137,2695,-1.000272,168507
137,2696,-1.000109,168612
137,2697,-1.000054,168722
137,2698,-1.000218,168787
137,2699,-1.000168,168837
137,2700,-0.98025,168842
137,2701,-1.000056,168902
137,2702,-1.000054,169087
137,2703,-1.00028,169152
137,2704,-1.000109,169212
137,2705,-1.000272,169217
137,2706,-1.000218,169272
138,2706,1.101717,169397
138,2707,-0.98025,169402
138,2708,-0.98815,169437
138,2709,-1.000054,169482
138,2710,-1.000056,169542
138,2711,-1.00028,169672
138,2712,-1.000054,169727
138,2713,-1.000224,169757
138,2714,-1.00028,169762
138,2715,-1.000272,169827
138,2716,-0.98815,169922
138,2717,-1,169972
138,2718,-1.000272,170112
138,2719,-1.00028,170117
138,2720,-0.9842,170167
138,2721,-0.98025,170172
138,2722,-0.98025,170177
138,2723,-1.000272,170182
138,2724,-1.000054,170237
138,2725,-1,170442
138,2726,-1.00028,170577
139,2726,1.073802,170712
139,2727,-0.98025,170772
139,2728,-1.000272,170777
139,2729,-1.000054,170842
139,2730,-1.000056,170892
139,2731,-1,170942
139,2732,-1.000272,170947
139,2733,-0.98025,171072
139,2734,-0.99605,171117
139,2735,-0.98025,171122
139,2736,-1.000272,171127
139,2737,-0.98025,171197
139,2738,-1.000112,171252
139,2739,-1.000272,171257
139,2740,-0.9842,171292
139,2741,-1.000272,171377
139,2742,-1.000272,171382
139,2743,-1,171437
139,2744,-1.000218,171487
139,2745,-0.98025,171492
139,2746,-0.9842,171612
139,2747,-0.98025,171677
139,2748,-0.98025,171682
140,2748,1.093279,171822
140,2749,-1.00028,171882
140,2750,-1,171917
140,2751,-0.98815,171972
140,2752,-1.00028,171977
140,2753,-0.98025,172032
140,2754,-1.000272,172037
140,2755,-1.000109,172077
140,2756,-1,172132
140,2757,-1.000224,172232
140,2758,-1.00028,172292
140,2759,-1.000163,172407
140,2760,-0.98025,172492
140,2761,-1.000272,172497
140,2762,-1.000272,172507
140,2763,-1.000054,172537
140,2764,-1.000272,172602
140,2765,-0.98025,172682
140,2766,-1.000054,172737
140,2767,-1.000112,172832
140,2768,-1.000272,172957
140,2769,-1.000163,172997
140,2770,-0.98025,173002
140,2771,-1.000109,173057
140,2772,-1.00028,173122
140,2773,-1.000168,173202
140,2774,-1.000272,173257
140,2775,-1.000272,173262
140,2776,-1,173312
141,2776,1.105957,173432
141,2777,-1.000163,173492
141,2778,-1.000272,173497
141,2779,-0.98025,173502
141,2780,-1.000272,173557
141,2781,-0.98025,173632
141,2782,-1.000163,173687
141,2783,-1.000272,173692
141,2784,-1.00028,173752
141,2785,-1.00028,173757
141,2786,-1.000272,173762
141,2787,-1.000272,173877
141,2788,-1.00028,173952
141,2789,-1.000272,173957
141,2790,-1.000163,174062
141,2791,-1.00028,174067
141,2792,-1.000054,174117
141,2793,-1.00028,174122
141,2794,-1.00028,174127
141,2795,-1.000163,174167
141,2796,-0.98025,174232
141,2797,-0.98025,174237
141,2798,-0.98025,174317
141,2799,-1.000272,174322
141,2800,-1.000109,174417
142,2800,1.184913,174472
142,2801,-1.000272,174612
143,2801,1.215828,174667
143,2802,-0.98025,174787
143,2803,-1,174872
143,2804,-1.000272,174877
143,2805,-1.000272,174947
143,2805,-5.448073E-05,175013
143,2806,-1.000272,175143
143,2807,-1.000272,175208
143,2808,-1.000272,175213
143,2809,-0.98025,175338
143,2810,-0.98025,175453
143,2811,-1.000218,175628
143,2812,-1.000218,175723
143,2813,-1.000272,175728
143,2814,-1.000272,175733
143,2815,-1,175758
143,2816,-1.00028,175763
143,2817,-1,175938
143,2818,-0.98025,175998
143,2819,-0.98025,176123
143,2820,-1.00028,176128
143,2821,-1.000218,176173
144,2821,1.079728,176298
144,2822,-1.000272,176303
144,2823,-1.000054,176418
144,2824,-1.00028,176488
144,2825,-0.98025,176558
144,2826,-0.98025,176678
144,2827,-1.000272,176808
145,2827,1.103083,176928
145,2828,-1.000272,176933
145,2830,-2.000164,176993
145,2831,-1.000272,176998
145,2832,-1.000272,177058
145,2833,-1.000163,177103
145,2834,-1.00028,177108
145,2835,-1.000272,177168
145,2836,-1.000054,177263
145,2837,-1.000272,177323
145,2838,-1.00028,177338
145,2839,-1.000054,177363
145,2840,-0.98025,177368
145,2841,-0.98025,177438
145,2842,-1.000272,177558
145,2843,-1.000272,177563
145,2844,-1,177643
145,2845,-0.9921,177688
145,2846,-0.98025,177713
145,2847,-1.000272,177718
145,2848,-0.98025,177773
145,2849,-0.98025,177843
145,2850,-1.000054,177883
145,2851,-1.000218,177998
145,2852,-1.000272,178003
145,2853,-1.000109,178093
145,2854,-1.000272,178098
145,2855,-1.000163,178218
145,2856,-0.98025,178283
145,2857,-1.000163,178388
145,2858,-0.99605,178423
145,2859,-1,178538
145,2860,-1.000109,178638
145,2861,-1.000272,178643
145,2862,-0.98025,178783
145,2863,-1.000272,178788
145,2864,-1.000272,178793
145,2865,-1.00028,178798
145,2866,-1.00028,178853
145,2867,-1.00028,178928
145,2868,-0.98025,178933
145,2869,-1.000224,179033
145,2870,-0.98025,179148
145,2871,-0.98025,179153
145,2872,-1.000272,179213
145,2873,-1.00028,179473
145,2874,-1.000163,179528
145,2875,-1.000272,179593
145,2876,-1.000272,179598
145,2877,-1.000272,179603
145,2878,-1.000272,179608
145,2880,-2.000164,179668
145,2881,-1.000272,179673
145,2882,-1.000272,179738
145,2883,-1.000054,179843
145,2884,-0.98025,179908
145,2885,-0.98025,179963
145,2886,-0.98025,179968
145,2887,-1.00028,179973
145,2888,-1.000054,180148
145,2889,-0.98025,180153
145,2890,-1.00028,180218
145,2891,-1,180263
145,2892,-1.000272,180323
145,2893,-1.000272,180328
145,2894,-1.000054,180398
145,2895,-1.000218,180513
145,2896,-1.000272,180518
145,2897,-0.98025,180593
145,2898,-1.000272,180608
145,2899,-1.000224,180718
145,2900,-1,180778
145,2901,-1.00028,180783
145,2902,-1.000054,180828
145,2903,-0.9842,180968
145,2904,-1.000272,181093
145,2905,-1.000272,181148
145,2906,-1,181233
145,2907,-1.000109,181358
145,2908,-1,181468
145,2909,-0.98025,181528
146,2909,1.081695,181653
146,2910,-1,181693
146,2912,-2.000218,181753
146,2913,-1.000054,181788
147,2913,1.079093,181918
147,2914,-1.000163,182018
147,2915,-1.000272,182138
147,2916,-1.000163,182283
147,2917,-1.000163,182418
147,2918,-1,182538
147,2919,-0.9842,182588
147,2920,-1.000272,182593
147,2921,-1,182638
147,2922,-1.000272,182698
147,2923,-1.000272,182763
147,2924,-1.000112,182803
147,2925,-1.000272,182873
147,2926,-1.000109,182913
147,2927,-1.000054,183063
147,2928,-1.000272,183068
147,2929,-0.98025,183128
147,2930,-1.000272,183133
147,2931,-1.000218,183168
147,2932,-1.000272,183238
147,2933,-1.000272,183438
147,2934,-1.000272,183498
148,2934,1.085935,183618
148,2935,-0.9921,183713
148,2936,-1.000054,183773
148,2937,-0.98815,183848
149,2937,1.077247,183978
149,2938,-1.000054,184138
149,2939,-0.98025,184143
149,2940,-0.98025,184203
149,2941,-1,184468
149,2942,-1,184513
149,2943,-1.000109,184743
149,2944,-1.000272,184803
150,2944,1.110839,184893
150,2945,-1,184948
150,2946,-1.000272,185013
150,2947,-1.000272,185133
150,2948,-0.9921,185158
150,2949,-1.000218,185388
150,2950,-1,185523
150,2951,-1,185708
150,2952,-0.98025,185713
150,2953,-1.000272,185728
150,2954,-1.000272,185788
150,2956,-2.000164,185913
150,2957,-1.000272,185918
150,2958,-1.000109,186038
150,2959,-1.000054,186133
150,2960,-1,186243
150,2961,-1,186283
150,2962,-1.000272,186288
150,2963,-1.000163,186333
150,2964,-1.000163,186368
150,2965,-1.000218,186453
150,2966,-1,186548
150,2967,-1,186678
150,2968,-0.98025,186683
150,2969,-1,186738
150,2970,-1.000109,186773
150,2971,-1.00028,186778
150,2972,-1,186833
150,2973,-1.000163,186968
150,2974,-1.00028,187028
150,2975,-0.9921,187063
150,2976,-1.000272,187068
150,2977,-1.000109,187148
150,2978,-1.000168,187218
150,2979,-1.000272,187223
150,2980,-1,187343
150,2981,-1.000272,187413
150,2982,-0.98025,187418
150,2983,-1.000163,187558
150,2984,-0.98025,187618
150,2985,-1,187723
150,2986,-1.000168,187778
150,2987,-0.98025,187848
150,2988,-1.000272,187928
150,2989,-0.98815,188043
150,2990,-1.000272,188098
150,2991,-1.000272,188223
150,2992,-1.000272,188228
150,2993,-1.000272,188233
150,2994,-1.000272,188238
150,2995,-1.000272,188243
150,2996,-1.000163,188353
150,2997,-1.000272,188358
150,2998,-1.000163,188468
150,2999,-1.000054,188578
150,3000,-0.98815,188633
150,3001,-0.99605,188768
150,3002,-1.000218,188863
150,3003,-1.000218,189163
150,3004,-1.00028,189168
150,3005,-1.000272,189173
150,3006,-1.000272,189238
150,3007,-1.000112,189293
150,3008,-1.000112,189398
150,3009,-0.98025,189403
150,3010,-1.000272,189493
150,3011,-1.000272,189498
150,3012,-1.000163,189628
150,3013,-1.000224,189788
150,3014,-1.000163,189888
150,3015,-1.000272,189893
150,3016,-1.000109,190043
150,3017,-1.000054,190083
150,3018,-1,190188
150,3019,-1.000272,190193
150,3020,-1.000054,190248
150,3021,-1.000112,190348
150,3022,-1.000218,190433
150,3023,-0.98025,190488
150,3024,-1.000054,190543
150,3025,-1.000272,190608
150,3026,-1.000272,190613
150,3027,-1.000272,190678
150,3028,-0.9921,190743
150,3029,-1.000272,190798
150,3030,-1,190958
150,3031,-1.00028,191038
150,3032,-0.98025,191103
150,3033,-1.000272,191288
150,3034,-1,191368
150,3035,-1.00028,191373
150,3036,-1.000272,191378
150,3037,-1.000272,191448
150,3038,-1.000272,191453
150,3039,-0.98025,191568
150,3040,-1.000054,191673
150,3041,-1.000054,191728
150,3042,-0.98025,191793
150,3043,-1.000056,191853
150,3044,-0.98025,191948
150,3045,-1.000224,192063
150,3046,-0.98025,192068
150,3047,-0.98025,192123
150,3048,-1.000272,192128
150,3049,-1.000272,192188
150,3050,-1.000056,192213
150,3051,-1.000272,192218
150,3052,-0.98025,192293
150,3053,-0.98025,192353
150,3054,-1.00028,192428
150,3055,-1.000272,192488
150,3056,-0.98025,192493
150,3057,-1.000272,192498
150,3058,-1,192588
150,3059,-0.99605,192688
150,3060,-1.000218,192738
150,3061,-0.9842,192868
150,3062,-1.000272,192873
150,3063,-1.000272,192933
150,3064,-0.98025,192938
150,3065,-1.000272,193018
150,3066,-1.000109,193138
150,3067,-0.98025,193263
150,3068,-1.000054,193383
150,3069,-0.98025,193443
150,3070,-0.98025,193568
150,3071,-1.000163,193673
150,3072,-0.99605,193768
150,3073,-1.000272,193853
150,3074,-1.000272,193928
150,3075,-1.000272,193988
150,3076,-0.98025,193993
150,3077,-1.000112,194133
150,3079,-2.000164,194203
150,3080,-1.000054,194283
150,3081,-1.000272,194343
150,3082,-1.000163,194398
150,3083,-1.000272,194403
150,3084,-1.000272,194463
150,3085,-1.000272,194468
150,3086,-1.000272,194473
150,3087,-1.00028,194533
150,3088,-1.00028,194603
150,3089,-0.98025,194663
150,3090,-1.000109,194778
150,3091,-1.000272,194858
150,3092,-1.000272,194913
150,3093,-0.98025,194983
150,3094,-0.98025,194988
150,3095,-0.98815,195038
150,3096,-1.000272,195098
150,3097,-0.98025,195103
150,3098,-0.98025,195108
150,3099,-1.000054,195148
150,3100,-1.000272,195213
150,3101,-0.98025,195273
150,3102,-1.000112,195318
150,3103,-1.000218,195373
150,3104,-1.000272,195378
150,3105,-1.000272,195383
150,3106,-0.98025,195388
150,3107,-0.98025,195393
151,3107,1.049233,195598
151,3108,-1.000112,195628
151,3109,-1.000109,195673
151,3110,-1.00028,195678
151,3111,-1,195708
151,3112,-1.000218,195743
151,3113,-1.000272,195748
151,3114,-1,195793
151,3115,-0.98025,195798
151,3116,-0.9842,195868
151,3117,-0.98025,195928
151,3118,-1.00028,196073
151,3119,-1.000272,196078
151,3120,-1.000056,196188
151,3121,-0.98025,196193
151,3122,-1.000272,196198
151,3123,-0.99605,196238
151,3124,-1.000109,196298
152,3124,1.092214,196438
152,3125,-0.98025,196443
152,3126,-1.000272,196478
152,3127,-1.000272,196483
153,3127,1.086684,196598
153,3128,-1.00028,196603
153,3129,-0.98025,196608
153,3130,-0.98025,196613
153,3131,-0.98025,196618
153,3132,-1.000272,196623
153,3133,-1.000272,196628
153,3134,-1.000163,196673
153,3135,-1.000224,196703
153,3136,-0.98025,196758
153,3137,-1.000272,196763
153,3138,-1.000272,196818
153,3139,-1,196863
153,3140,-0.99605,196908
154,3140,1.077853,197038
154,3141,-1.000272,197043
154,3142,-1,197158
154,3143,-1.000272,197223
154,3144,-1,197238
154,3145,-1.000272,197243
154,3146,-1.00028,197248
154,3147,-1.000054,197283
154,3148,-1.000056,197338
154,3149,-0.98025,197343
154,3150,-1.000218,197398
154,3151,-1,197438
154,3152,-1.000272,197498
154,3153,-0.98025,197568
154,3154,-1.00028,197573
154,3155,-1.000054,197688
154,3156,-1.000272,197693
154,3157,-0.9921,197733
154,3158,-1.000272,197868
154,3159,-1.000056,197978
154,3160,-1.000272,198043
155,3160,1.156736,198118
155,3161,-1.000054,198168
155,3162,-0.9842,198208
155,3163,-1.000272,198263
155,3164,-1.000163,198373
155,3165,-1.000272,198428
155,3166,-1.000272,198498
155,3167,-1.00028,198563
155,3168,-1.000272,198628
156,3168,1.073257,198768
156,3169,-1.00028,198773
156,3170,-1.000272,198908
156,3171,-1.000163,198963
156,3172,-1.000054,199008
156,3173,-1,199043
156,3174,-0.98025,199048
156,3175,-1.000272,199053
156,3176,-0.98025,199113
156,3177,-1.000109,199143
156,3178,-1.000109,199193
156,3179,-1.000272,199263
156,3180,-0.98025,199268
156,3181,-0.98025,199273
157,3181,1.133053,199348
157,3182,-1.000054,199388
157,3183,-1.000163,199433
157,3184,-1.000272,199493
157,3185,-0.98025,199498
157,3186,-1.000272,199558
157,3187,-1.000054,199608
157,3188,-1.000272,199613
157,3189,-1.000109,199653
157,3190,-1.000163,199693
157,3191,-1.00028,199758
157,3192,-1.00028,199828
157,3193,-1.000168,199883
157,3194,-1.00028,199888
157,3195,-1.000272,199948
157,3196,-1.000272,200008
157,3196,-5.448073E-05,200014
158,3196,1.075485,200149
158,3197,-1.000272,200219
158,3198,-0.98815,200339
158,3199,-1,200499
158,3200,-0.98025,200504
158,3201,-1.000109,200664
158,3202,-0.98025,200729
158,3204,-1.98815,200789
158,3205,-1.000272,200794
158,3206,-1,200834
158,3207,-0.98025,200894
158,3208,-1,200989
158,3209,-0.98025,200994
158,3210,-1,201079
158,3211,-0.98815,201244
158,3212,-1,201404
158,3213,-1.000272,201539
158,3214,-0.9842,201594
158,3215,-1.000218,201654
158,3216,-1.000272,201714
158,3217,-1.000272,201719
158,3218,-1.00028,201784
158,3219,-1.000224,201924
158,3220,-1.000272,201929
158,3221,-1.000272,201989
158,3222,-1.000224,202124
158,3223,-0.98025,202194
158,3224,-1.000272,202199
158,3225,-1.000218,202259
158,3226,-1.000272,202264
158,3227,-1.00028,202329
158,3228,-1,202439
158,3229,-1.000163,202479
158,3230,-1.000272,202484
158,3231,-1.000272,202489
158,3232,-0.98815,202539
158,3233,-1.000224,202624
158,3234,-1.000163,202669
158,3235,-0.9921,202709
158,3236,-0.98025,202714
158,3237,-0.98025,202719
158,3238,-1,202769
158,3239,-1,202799
158,3240,-1.000272,202859
158,3241,-1.000163,202904
158,3242,-1.000272,202909
158,3243,-1.000218,203024
158,3244,-1,203104
158,3245,-1.00028,203169
158,3246,-0.98025,203229
158,3247,-1.000272,203294
158,3248,-1.000272,203359
158,3249,-1,203404
158,3250,-1.000163,203439
158,3251,-1.000272,203444
158,3252,-1.000272,203449
158,3253,-0.98025,203539
158,3254,-1,203599
158,3255,-1.000054,203639
158,3256,-1,203689
158,3257,-1.000109,203774
159,3257,1.081695,203899
159,3258,-1.000272,203904
159,3259,-1.000272,203909
159,3260,-1.000272,203914
159,3261,-1.000272,204044
159,3262,-0.98025,204134
159,3263,-0.99605,204189
159,3264,-1.000272,204259
159,3265,-1.000218,204309
159,3266,-1.000272,204374
159,3268,-1.98815,204494
159,3269,-0.98025,204499
159,3270,-0.9842,204539
159,3271,-1.000224,204719
159,3272,-0.98025,204724
159,3273,-1.000224,204774
159,3274,-0.9842,204814
159,3275,-1.000272,204819
159,3276,-1.00028,204899
159,3277,-0.98025,204989
159,3278,-1.000168,205029
159,3279,-0.9842,205059
159,3280,-1.000272,205064
159,3282,-2.000164,205124
159,3283,-1.00028,205249
159,3284,-1.000272,205254
159,3285,-0.99605,205314
159,3286,-1.000272,205319
159,3287,-1.000272,205324
159,3288,-0.98025,205394
159,3289,-1.000272,205454
159,3290,-0.98025,205459
159,3291,-1.000272,205464
159,3292,-1.000163,205594
159,3293,-1.000218,205649
159,3294,-0.98025,205654
159,3295,-0.98025,205659
159,3296,-1,205709
159,3297,-1.000272,205769
159,3298,-0.98025,205864
159,3299,-1.000218,205964
159,3300,-0.98025,205974
159,3301,-1.000054,206079
159,3302,-1,206224
159,3303,-1.000272,206289
159,3304,-1.000163,206374
159,3305,-1.000218,206424
159,3306,-1.000272,206429
159,3307,-1.000272,206494
159,3308,-1.000272,206554
159,3309,-0.98025,206559
159,3310,-1.000272,206619
159,3311,-0.98025,206624
159,3312,-1.000272,206779
159,3313,-1.000109,206899
159,3314,-1.000272,206904
159,3315,-1.000272,206964
159,3316,-1.000272,207044
159,3317,-0.99605,207144
159,3318,-0.98025,207149
159,3320,-2.000218,207209
159,3321,-0.98025,207214
159,3322,-1.000272,207219
159,3323,-0.98025,207234
159,3324,-1.00028,207294
159,3325,-1,207319
159,3326,-1.000054,207374
159,3327,-0.9921,207419
159,3329,-1.98815,207494
159,3330,-1.000272,207499
159,3331,-1.00028,207559
159,3332,-1.000272,207569
159,3333,-1.000272,207634
159,3334,-1.000272,207819
159,3335,-1.000272,207824
159,3336,-0.98815,207944
159,3337,-1,208209
159,3338,-1,208254
159,3339,-1.000272,208259
159,3340,-1.000272,208319
159,3341,-1.000272,208324
159,3342,-1.000054,208404
159,3343,-0.98025,208409
159,3344,-1.000163,208544
159,3345,-1.000272,208549
159,3346,-1.000112,208609
159,3347,-1,208654
159,3348,-1,208749
159,3349,-0.98025,208809
159,3350,-0.9921,208914
159,3351,-1.000272,208979
159,3352,-0.98025,209109
159,3353,-1.000272,209119
159,3354,-1.00028,209179
159,3355,-1.000163,209294
159,3356,-1.00028,209379
159,3357,-1,209414
160,3357,1.052638,209604
160,3358,-1.000272,209669
160,3359,-0.99605,209704
160,3360,-0.98025,209709
160,3361,-1.000109,209809
161,3361,1.085935,209929
161,3362,-1.000272,209934
161,3363,-1.000056,209989
161,3364,-1.00028,209994
161,3365,-1.000272,210049
161,3366,-1,210104
161,3367,-1.000163,210144
161,3368,-0.9921,210184
161,3369,-1.000272,210259
161,3370,-1.000054,210314
161,3371,-1.000272,210374
161,3372,-0.9921,210489
161,3373,-1.000272,210494
161,3374,-0.9921,210684
162,3374,1.101051,210809
162,3375,-1.000109,210924
162,3376,-1.000168,211084
162,3377,-1.00028,211089
162,3378,-0.98025,211094
162,3379,-1.000272,211149
162,3380,-1.000272,211164
162,3381,-1.00028,211229
162,3382,-1.000054,211284
162,3383,-1.000272,211354
162,3384,-1.000272,211419
162,3385,-0.98025,211479
162,3386,-1.00028,211534
162,3387,-0.98025,211549
162,3388,-1.000272,211554
162,3389,-0.98815,211664
162,3390,-1.000054,211699
162,3391,-1,211764
162,3392,-1.000218,211824
162,3393,-0.99605,211844
162,3394,-1.00028,211849
162,3395,-1.000054,211874
162,3396,-1,211924
162,3397,-1.000272,211929
162,3398,-1,211984
162,3399,-0.98025,211989
162,3400,-1.000272,212044
162,3401,-0.98025,212164
162,3402,-1.000272,212169
162,3403,-1,212279
162,3404,-1.000272,212404
162,3405,-1,212479
162,3406,-1,212529
162,3407,-1,212639
162,3408,-1.000218,212689
162,3409,-0.98025,212789
162,3410,-1.000272,212794
162,3411,-1.000163,212964
162,3412,-1.000272,212969
162,3413,-1.000272,213039
163,3413,1.073257,213179
163,3414,-1.000272,213184
163,3415,-1.000272,213244
163,3416,-1.00028,213299
163,3417,-0.98815,213349
163,3418,-0.98025,213354
164,3418,1.10984,213469
164,3419,-1.000272,213529
164,3420,-0.98025,213604
164,3421,-0.98815,213659
164,3422,-1.000163,213774
164,3423,-0.98025,213779
164,3424,-1.000272,213839
164,3425,-1,213919
165,3425,1.072191,214059
165,3426,-1.000109,214099
165,3427,-0.98025,214229
165,3428,-1.000272,214359
165,3429,-1.000272,214364
166,3429,1.079093,214494
166,3430,-1.000224,214534
166,3431,-1.000272,214599
166,3432,-1.000163,214654
166,3433,-1,214704
166,3434,-1.000272,214764
166,3435,-1.000272,214769
166,3436,-1,214804
166,3437,-1.000272,214809
166,3438,-0.98025,214889
166,3439,-1.000272,214954
166,3440,-0.98025,214959
166,3441,-1,215064
166,3442,-1.000272,215124
166,3443,-1.000168,215289
166,3444,-1.000272,215349
166,3445,-0.98025,215354
166,3446,-1.000163,215404
166,3447,-0.98025,215494
166,3448,-1,215594
166,3449,-1.000272,215654
166,3450,-1.000272,215784
166,3451,-0.99605,215879
166,3452,-1,215909
166,3453,-0.98025,215914
166,3454,-0.98815,216019
166,3455,-1.000224,216049
166,3456,-1.000163,216104
166,3457,-1.000272,216109
166,3458,-1.000272,216114
166,3459,-1.000054,216194
166,3460,-1.000218,216309
166,3461,-1.00028,216369
166,3462,-1.00028,216374
166,3463,-0.98025,216499
166,3464,-0.98815,216604
166,3465,-1.000054,216654
166,3466,-1.000054,216744
166,3467,-1.000272,216749
166,3468,-0.9921,216779
166,3469,-1,216839
166,3470,-0.9921,217054
166,3471,-1.000054,217139
166,3472,-1.000272,217199
166,3473,-0.98025,217264
166,3474,-1.000109,217314
166,3475,-0.98025,217319
166,3476,-0.9921,217424
166,3477,-1.000168,217674
166,3479,-2.000218,217734
166,3480,-1.00028,217794
166,3481,-1.000272,217799
166,3482,-1.000109,217854
166,3483,-1.000272,217859
166,3484,-1.000272,217919
166,3485,-0.9921,217979
166,3486,-1.000272,218054
166,3487,-1.000272,218139
166,3488,-0.98025,218144
166,3489,-1,218184
166,3490,-1.00028,218244
166,3491,-1.000272,218249
166,3492,-0.9842,218294
166,3493,-1.000163,218329
166,3494,-1.000272,218454
166,3495,-1,218559
166,3496,-1.000054,218609
166,3497,-1,218704
166,3498,-1.000272,218764
166,3499,-0.98025,218834
166,3500,-1,218989
166,3501,-1,219049
166,3502,-1.000272,219174
166,3503,-1.000163,219289
166,3504,-1.000272,219294
166,3505,-1,219389
166,3506,-1.00028,219524
166,3507,-0.98025,219529
166,3508,-1.000272,219534
166,3509,-1.000163,219659
166,3510,-0.99605,219714
166,3511,-1.000272,219769
167,3511,1.082372,219894
167,3512,-1.000163,219999
167,3513,-0.98025,220004
167,3514,-1.000272,220009
167,3516,-1.9842,220069
167,3517,-1.000218,220134
167,3518,-1,220184
167,3519,-1.000109,220234
167,3520,-1.000109,220344
167,3521,-0.98025,220404
167,3522,-1,220459
167,3523,-0.98025,220519
167,3524,-1.000272,220524
167,3525,-1,220684
167,3526,-1.00028,220749
167,3527,-1.00028,220754
167,3528,-1.000272,220809
168,3528,1.133061,220884
168,3529,-1,220954
168,3530,-0.98815,221114
168,3531,-1.000272,221179
168,3532,-1.000272,221184
168,3533,-1.000272,221259
168,3534,-0.98025,221264
168,3535,-1.00028,221274
168,3536,-1.000163,221364
168,3537,-1,221469
168,3538,-1.000163,221524
168,3539,-1.000272,221529
168,3540,-1.000272,221594
168,3541,-1.000272,221899
168,3542,-1.000109,222019
168,3543,-1.000272,222079
168,3544,-1,222199
168,3545,-1.000054,222219
168,3546,-1.000218,222329
168,3547,-1,222384
168,3548,-1.000272,222389
168,3549,-1.000272,222404
168,3550,-1.000218,222439
168,3551,-0.98025,222444
168,3552,-0.98025,222449
168,3553,-1.000109,222529
168,3554,-1.000054,222554
168,3555,-1.000272,222559
168,3556,-1.000109,222604
168,3557,-1.000163,222644
168,3558,-1,222754
168,3559,-1.000272,222759
168,3560,-1.000163,222839
168,3561,-1,222884
168,3562,-1.000218,222979
168,3563,-1.00028,223039
168,3564,-1.000272,223109
168,3565,-1.000163,223144
168,3566,-1,223199
168,3567,-1.00028,223204
168,3568,-1.000272,223209
168,3569,-1,223249
168,3570,-1.000272,223309
168,3571,-0.98025,223314
168,3572,-1.00028,223374
168,3573,-0.98025,223429
168,3574,-1.000272,223499
168,3575,-1,223509
168,3576,-1.000272,223514
168,3577,-1.000218,223549
169,3577,1.07325,223689
169,3578,-0.98025,223744
169,3579,-1,223789
169,3580,-1.000218,223844
169,3581,-0.98025,223849
169,3582,-1.000272,223854
169,3583,-1.000163,223884
169,3584,-1.000272,223949
169,3585,-1.000054,223989
169,3586,-0.98025,223994
169,3587,-1.000272,223999
169,3588,-0.98025,224004
169,3590,-2.000218,224074
169,3591,-1.000109,224124
169,3592,-1.000272,224244
169,3593,-1.000056,224279
169,3594,-1,224369
169,3595,-1.000109,224429
169,3596,-1,224464
169,3597,-1.000109,224514
169,3598,-0.98025,224569
170,3598,1.074916,224704
170,3599,-1,224759
170,3600,-1.000224,224799
170,3601,-1,224889
170,3602,-1,224989
170,3603,-0.98025,224994
170,3603,-5.448073E-05,225015
170,3604,-1.000218,225120
170,3605,-1.000056,225175
171,3605,1.067295,225325
171,3606,-0.98025,225330
171,3607,-0.98025,225390
171,3608,-0.98025,225450
171,3609,-1.000272,225455
171,3610,-0.99605,225545
171,3611,-1.000056,225600
171,3612,-1.000272,225670
171,3613,-1.000218,225720
171,3614,-1,225835
171,3615,-0.98025,225840
171,3617,-2.000168,225900
171,3618,-1.000272,225955
171,3619,-1.000272,225960
171,3620,-1.000272,226020
171,3621,-1.000218,226065
171,3622,-1.000218,226115
171,3623,-1.000218,226270
171,3624,-0.98025,226275
171,3625,-1.000272,226280
171,3626,-1.000272,226340
171,3627,-1.000054,226370
171,3628,-0.98025,226385
171,3629,-1.000272,226390
171,3630,-0.98025,226455
171,3631,-1.000218,226510
171,3632,-1.000272,226640
171,3633,-1.000272,226645
171,3634,-1.00028,226650
171,3635,-1.000272,226655
171,3636,-0.9842,226695
171,3637,-1,226735
171,3638,-1.000272,226740
171,3639,-1,226810
171,3640,-1.000109,226845
171,3641,-1.000272,226850
171,3642,-1.000054,226895
171,3643,-1.000218,226950
171,3644,-1.000272,227025
171,3645,-1.000109,227065
171,3646,-1.000272,227070
171,3647,-0.98025,227075
171,3648,-1.000163,227190
171,3649,-1.000054,227220
171,3650,-1.000272,227225
171,3651,-1.000218,227310
171,3652,-1.000272,227315
171,3653,-1.000272,227320
171,3654,-1.000168,227345
171,3655,-1.000272,227350
171,3656,-1.000272,227355
171,3657,-0.98815,227485
171,3658,-0.98815,227535
171,3659,-0.99605,227580
171,3660,-1.00028,227640
171,3661,-1.000272,227645
171,3662,-1.000272,227710
171,3663,-1.000272,227715
171,3664,-1,227825
171,3665,-1.000054,227995
171,3666,-1.000054,228125
171,3668,-2.000218,228255
171,3669,-1.000272,228260
171,3670,-1.00028,228330
171,3672,-2.000164,228450
171,3673,-1.000218,228545
171,3674,-1.000272,228550
171,3675,-0.98025,228575
171,3676,-1.000272,228580
171,3677,-0.98025,228585
171,3678,-1,228675
171,3679,-0.98815,228705
171,3680,-1.000272,228775
171,3681,-0.98025,228840
171,3682,-1.00028,228905
171,3683,-1.000272,228910
171,3684,-1,228950
171,3685,-1.000054,229005
171,3686,-1.000272,229010
171,3687,-0.98815,229160
171,3688,-0.9842,229200
171,3689,-1.000109,229315
171,3690,-1.000272,229320
171,3691,-0.98025,229325
171,3692,-1.000272,229330
171,3693,-0.9842,229380
171,3694,-1.000272,229450
171,3695,-1.000163,229625
171,3696,-1.000272,229630
171,3697,-0.98025,229635
171,3698,-1.000272,229640
171,3699,-1.000163,229690
171,3700,-0.98025,229695
171,3701,-1.000054,229780
171,3702,-0.98025,229785
171,3703,-1.000218,229825
171,3704,-1,230125
171,3705,-1,230180
171,3706,-0.9921,230300
171,3707,-1.000109,230340
171,3708,-1.000163,230440
171,3709,-1,230495
171,3710,-1.000112,230550
171,3711,-1.000109,230610
171,3712,-1.000272,230665
171,3713,-1.000109,230705
171,3714,-0.98815,230785
171,3715,-0.98025,230850
172,3715,1.10522,230970
172,3716,-1.000272,231085
172,3717,-1.000272,231090
172,3718,-0.98025,231150
172,3719,-0.98025,231185
172,3720,-1,231240
172,3721,-1.000109,231340
172,3722,-0.98025,231345
172,3723,-0.9842,231445
172,3724,-1.000272,231505
172,3725,-0.99605,231565
172,3726,-1.000272,231570
172,3727,-1.000218,231610
173,3727,1.129598,231690
173,3728,-1.000272,231875
173,3729,-1.000272,231880
173,3730,-1.000272,231885
173,3731,-0.99605,231935
173,3732,-0.99605,231985
173,3733,-1.000272,231990
173,3734,-1.000272,231995
173,3735,-1.000272,232055
173,3736,-0.98025,232120
173,3737,-1.000272,232125
173,3738,-0.99605,232245
173,3739,-1.000272,232320
173,3740,-0.98025,232380
173,3741,-1.000109,232430
173,3742,-1.000272,232495
173,3743,-1.000272,232570
173,3744,-0.98025,232580
173,3745,-1.000272,232585
173,3746,-0.98025,232590
173,3747,-1.000272,232595
173,3748,-0.9842,232650
174,3748,1.151243,232720
174,3749,-1.000054,232810
174,3750,-1.000054,232865
174,3751,-1.000272,232930
174,3752,-1.000163,233065
174,3753,-1.000272,233070
174,3754,-0.98025,233075
174,3755,-1.000109,233115
174,3756,-1.00028,233180
174,3757,-1.000109,233315
174,3758,-1.000272,233380
174,3759,-0.98025,233385
174,3760,-0.98025,233450
174,3761,-0.98025,233505
174,3762,-0.98815,233635
174,3763,-1.000218,233665
174,3764,-1.000272,233670
174,3765,-1.000272,233795
174,3766,-0.99605,233850
174,3767,-1.000272,233855
174,3768,-1.000272,233920
174,3769,-1.000272,233990
174,3770,-1,234075
174,3771,-1.000272,234145
174,3772,-1,234240
175,3772,1.101051,234365
176,3772,1.086684,234480
176,3773,-1.000272,234560
176,3774,-1.000054,234605
176,3775,-1.000272,234610
176,3776,-1,234725
176,3777,-1.00028,234845
176,3778,-0.98025,234850
176,3779,-1.00028,234855
176,3780,-1,234940
176,3781,-0.98025,234945
176,3782,-0.98025,234950
177,3782,1.07593,235130
177,3783,-1,235260
177,3784,-1,235320
177,3785,-1,235375
177,3786,-0.98815,235480
177,3787,-1.000224,235520
177,3788,-1.000112,235630
177,3789,-0.9842,235725
177,3791,-2.000218,235855
177,3792,-1.000109,236030
177,3793,-1.000272,236145
177,3794,-0.98025,236310
177,3795,-0.98025,236315
177,3796,-1.000272,236450
177,3797,-1.000163,236490
177,3798,-1.000272,236495
177,3799,-1.000272,236500
177,3800,-1.000112,236550
177,3801,-1.000272,236555
177,3802,-1.000272,236615
177,3803,-0.98025,236675
177,3804,-1.000109,236730
177,3805,-0.98025,236735
177,3806,-1.00028,237135
178,3806,1.136714,237210
178,3807,-1.000054,237315
178,3808,-0.98025,237320
178,3809,-1.00028,237325
178,3810,-1.000272,237330
178,3811,-1,237355
178,3812,-1.000272,237475
178,3814,-1.9842,237595
178,3815,-1.000272,237600
178,3816,-1.000163,237715
178,3817,-1.000218,237815
178,3818,-1.000272,237820
178,3819,-1,237845
178,3820,-1.000218,238000
178,3821,-1.000163,238210
178,3822,-1.000163,238255
179,3822,1.09232,238365
179,3823,-0.98025,238425
179,3824,-1.000272,238430
179,3825,-1.000272,238550
179,3826,-1.000272,238610
179,3827,-1,238690
179,3828,-1.000272,238695
179,3829,-1.000054,238795
179,3830,-1,238835
179,3831,-0.98025,238955
179,3832,-0.98025,238960
179,3833,-0.98025,239015
179,3834,-1.000109,239095
180,3834,1.186417,239155
180,3835,-1.00028,239215
180,3836,-1.000056,239260
180,3837,-1.000272,239510
180,3839,-2.000218,239630
180,3840,-1.000224,239745
180,3841,-1.000054,239910
180,3842,-1.00028,239970
180,3843,-0.98025,239975
180,3844,-1.000054,240000
180,3845,-1.000272,240245
180,3846,-0.98025,240315
180,3847,-1.000272,240385
180,3848,-1.000272,240390
180,3849,-1.000272,240510
180,3850,-1.000272,240640
180,3851,-0.9921,240695
180,3852,-1.000272,240700
180,3853,-0.98025,240705
180,3854,-1.00028,240710
180,3855,-1.00028,240715
180,3856,-1.000272,240720
180,3857,-1,240795
180,3858,-1,240890
180,3859,-1.000109,240915
180,3860,-1.000109,240960
180,3861,-1.00028,241025
180,3862,-1.000218,241070
180,3863,-0.98815,241125
180,3864,-1.000272,241205
181,3864,1.066842,241355
181,3865,-1.00028,241360
181,3866,-1.000272,241365
181,3867,-1,241485
181,3868,-0.98025,241540
181,3869,-1.000218,241630
181,3870,-1.000272,241700
181,3872,-1.98815,241770
181,3874,-2.000218,241830
181,3875,-0.98025,241955
181,3876,-0.98025,241960
181,3877,-1.00028,242015
181,3878,-0.98815,242095
181,3879,-1.000272,242165
181,3880,-0.9842,242360
181,3881,-0.98025,242365
181,3882,-1.000112,242420
181,3883,-1.000272,242480
181,3884,-1.000163,242510
181,3885,-1.000272,242640
181,3886,-1.000272,242760
181,3887,-1.000056,242830
181,3888,-0.98025,242955
181,3889,-0.98025,243025
181,3890,-0.98025,243030
181,3891,-1.000054,243060
181,3892,-1.000163,243130
181,3893,-1.000272,243135
181,3894,-1.000218,243195
181,3896,-1.98815,243255
181,3897,-1,243340
181,3898,-1.000272,243345
181,3899,-0.98025,243410
181,3900,-0.98025,243475
181,3901,-1.000224,243525
181,3902,-1.000272,243530
181,3903,-1.000109,243685
181,3904,-0.98025,243690
182,3904,1.07846,243820
182,3905,-1.000224,243860
182,3906,-1.000112,243915
182,3907,-1.000054,243975
182,3908,-1,244060
182,3909,-0.9842,244245
182,3910,-1.000272,244250
182,3911,-1.000163,244280
182,3912,-1,244380
182,3913,-1.000272,244440
182,3914,-1.000272,244445
182,3915,-1.000272,244575
182,3916,-1.000272,244580
182,3917,-1.00028,244640
182,3918,-1.000218,244695
182,3919,-0.99605,244740
182,3920,-1,244800
182,3921,-0.98025,244805
182,3922,-1.000218,244925
182,3924,-2.000218,245045
182,3925,-1.000056,245205
182,3926,-1.000218,245250
182,3927,-1.000218,245275
182,3928,-1.000218,245325
182,3929,-1.000272,245330
182,3930,-1.000272,245455
182,3931,-1.000224,245540
182,3932,-0.98025,245545
182,3933,-1.000272,245550
182,3934,-1.000272,245685
182,3935,-0.98025,245775
182,3936,-1.000218,245830
182,3937,-1.000112,245945
182,3938,-1.000112,245980
182,3939,-1.000272,245985
182,3940,-1.000272,246045
182,3941,-1.000109,246155
182,3942,-1.000272,246285
182,3943,-0.98025,246290
182,3945,-2,246535
182,3947,-2.000168,246595
182,3948,-0.98025,246600
182,3949,-1.00028,246605
182,3950,-1.00028,246670
182,3951,-1.000272,246675
182,3952,-1.000272,246680
183,3952,1.084685,246835
183,3953,-1.000056,246875
183,3954,-1.000054,246970
183,3955,-1.000272,246975
183,3956,-0.99605,247030
183,3957,-1.000272,247040
183,3958,-0.98025,247110
183,3959,-1.000056,247145
183,3960,-1,247200
183,3961,-1.000054,247240
183,3962,-1.000272,247320
184,3962,1.072191,247460
184,3963,-0.9842,247550
184,3964,-0.98025,247555
184,3965,-1.000272,247615
184,3966,-0.99605,247735
184,3967,-1.000054,247840
184,3968,-1.000109,247885
184,3969,-1.000272,247950
184,3970,-1.00028,248025
184,3971,-1.000272,248030
184,3972,-0.99605,248070
184,3973,-1,248195
184,3974,-1.000163,248240
184,3975,-1.000218,248285
184,3976,-1.000272,248350
184,3977,-1.000272,248410
184,3978,-1.000218,248525
184,3979,-0.98025,248530
184,3980,-1,248575
184,3981,-1.000168,248625
184,3982,-1.000272,248630
184,3983,-0.9842,248805
184,3984,-1.000168,248855
184,3985,-0.98025,248910
184,3986,-0.98025,249015
184,3987,-1.000272,249020
184,3988,-0.99605,249100
184,3989,-1.000272,249105
184,3990,-1.000218,249145
184,3991,-0.98025,249150
184,3992,-1.000272,249155
184,3993,-1.000054,249255
184,3994,-1.000109,249415
184,3995,-1,249465
184,3996,-0.98025,249540
184,3997,-0.98025,249545
184,3998,-1.000109,249570
184,3999,-1.000272,249575
184,4000,-1.00028,249580
184,4001,-1.000218,249760
184,4002,-1.000272,249835
184,4003,-0.9842,249920
184,4004,-1.000163,249965
184,4005,-1.00028,249970
