Goals,Deaths,Reward,Step 
0,0,0,0
0,1,-1,110
0,2,-1,180
0,3,-1,260
0,4,-1,345
0,5,-1,395
0,6,-1,455
0,7,-1,545
0,8,-1,605
0,9,-1,645
0,10,-1,725
0,11,-1,775
0,12,-1,865
0,13,-1,980
0,14,-1,1035
0,15,-1,1140
0,16,-1,1195
0,17,-1,1285
0,18,-1,1340
1,18,1.049261,1545
1,19,-1,1730
1,20,-1,1805
1,21,-1,1860
1,22,-1,1955
1,23,-1,2105
1,24,-1,2180
1,25,-1,2240
1,26,-1,2295
1,27,-1,2415
1,28,-1,2570
1,29,-1,2615
1,30,-1,2705
1,31,-1,2805
1,32,-1,2875
1,33,-1,2990
2,33,1.067568,3140
2,34,-1,3200
2,35,-1,3390
2,36,-1,3455
2,37,-1,3540
2,38,-1,3675
2,39,-1,3740
2,40,-1,3890
2,41,-1,3980
2,42,-1,4015
2,43,-1,4185
2,44,-1,4240
2,45,-1,4390
2,46,-1,4430
3,46,1.03663,4705
3,47,-1,4870
3,48,-1,5000
3,49,-1,5065
3,50,-1,5210
3,51,-1,5360
3,52,-1,5440
3,53,-1,5555
3,54,-1,5625
3,55,-1,5700
3,56,-1,5830
3,57,-1,5960
3,58,-1,6040
3,59,-1,6120
3,60,-1,6185
3,61,-1,6270
3,62,-1,6345
3,63,-1,6425
3,64,-1,6550
3,65,-1,6690
3,66,-1,6765
4,66,1.049751,6970
4,67,-1,7085
4,68,-1,7245
4,69,-1,7360
4,70,-1,7460
4,71,-1,7525
4,72,-1,7565
4,73,-1,7635
4,74,-1,7730
4,75,-1,7785
4,76,-1,7900
4,77,-1,8000
4,78,-1,8085
4,79,-1,8165
5,79,1.05848,8340
5,80,-1,8395
5,81,-1,8460
5,82,-1,8635
5,83,-1,8695
5,84,-1,8890
5,85,-1,8980
5,86,-1,9055
5,87,-1,9120
5,88,-1,9210
5,89,-1,9400
5,90,-1,9560
5,91,-1,9625
5,92,-1,9725
5,93,-1,9820
5,94,-1,9915
5,95,-1,9965
5,96,-1,10035
5,97,-1,10145
5,98,-1,10270
5,99,-1,10350
5,100,-1,10400
5,101,-1,10495
5,102,-1,10635
5,103,-1,10670
5,104,-1,10725
5,105,-1,10765
5,106,-1,10815
5,107,-1,10870
5,108,-1,10995
5,109,-1,11110
5,110,-1,11250
5,111,-1,11310
5,112,-1,11390
5,113,-1,11515
5,114,-1,11640
5,115,-1,11760
5,116,-1,11940
5,117,-1,12095
5,118,-1,12140
5,119,-1,12260
5,120,-1,12310
5,121,-1,12420
5,122,-1,12545
5,123,-1,12635
5,124,-1,12785
6,124,1.043668,13015
6,125,-1,13130
6,126,-1,13180
6,127,-1,13260
6,128,-1,13460
6,129,-1,13525
6,130,-1,13600
6,131,-1,13665
6,132,-1,13805
6,133,-1,13920
6,134,-1,14040
6,135,-1,14155
6,136,-1,14260
6,137,-1,14325
6,138,-1,14465
6,139,-1,14540
6,140,-1,14670
6,141,-1,14785
6,142,-1,14910
6,143,-1,15065
6,144,-1,15135
6,145,-1,15230
6,146,-1,15355
6,147,-1,15420
6,148,-1,15490
6,149,-1,15605
6,150,-1,15725
6,151,-1,15775
6,152,-1,15870
6,153,-1,15935
6,154,-1,16035
6,155,-1,16095
6,156,-1,16165
6,157,-1,16230
6,158,-1,16325
6,159,-1,16500
6,160,-1,16570
6,161,-1,16690
6,162,-1,16770
6,163,-1,16970
6,164,-1,17080
6,165,-1,17205
6,166,-1,17265
6,167,-1,17330
6,168,-1,17375
6,169,-1,17545
6,170,-1,17630
6,171,-1,17705
6,172,-1,17810
6,173,-1,17975
6,174,-1,18055
6,175,-1,18150
6,176,-1,18280
6,177,-1,18335
6,178,-1,18475
6,179,-1,18545
6,180,-1,18610
6,181,-1,18695
7,181,1.045662,18915
7,182,-1,19075
7,183,-1,19155
7,184,-1,19235
7,185,-1,19295
7,186,-1,19400
7,187,-1,19465
7,188,-1,19555
7,189,-1,19800
7,190,-1,19870
7,191,-1,19945
7,192,-1,20025
7,193,-1,20145
7,194,-1,20240
7,195,-1,20315
7,196,-1,20405
7,197,-1,20560
7,198,-1,20650
7,199,-1,20740
7,200,-1,20800
7,201,-1,20975
8,201,1.05618,21155
8,202,-1,21235
8,203,-1,21310
8,204,-1,21360
8,205,-1,21455
8,206,-1,21645
8,207,-1,21725
8,208,-1,21830
8,209,-1,21910
9,209,1.054348,22095
9,210,-1,22170
9,211,-1,22250
9,212,-1,22455
9,213,-1,22515
9,214,-1,22655
9,215,-1,22765
9,216,-1,22890
10,216,1.048077,23100
10,217,-1,23205
10,218,-1,23245
10,219,-1,23305
10,220,-1,23400
10,221,-1,23490
10,222,-1,23540
10,223,-1,23665
10,224,-1,23695
10,225,-1,23810
10,226,-1,23860
11,226,1.060606,24025
11,227,-1,24230
11,228,-1,24310
11,229,-1,24410
11,230,-1,24445
11,231,-1,24510
11,232,-1,24715
11,233,-1,24820
11,234,-1,24955
11,235,-1,25025
11,236,-1,25085
11,237,-1,25200
11,238,-1,25275
11,239,-1,25360
11,240,-1,25410
11,241,-1,25570
11,242,-1,25640
11,243,-1,25745
11,244,-1,25875
11,245,-1,25930
11,246,-1,25985
11,247,-1,26105
11,248,-1,26155
11,249,-1,26250
11,250,-1,26350
11,251,-1,26425
11,252,-1,26500
11,253,-1,26570
11,254,-1,26740
11,255,-1,26845
11,256,-1,26920
11,257,-1,27060
11,258,-1,27125
12,258,1.054645,27310
12,259,-1,27435
12,260,-1,27500
12,261,-1,27585
12,262,-1,27740
12,263,-1,27825
12,264,-1,27895
12,265,-1,27955
12,266,-1,28135
12,267,-1,28245
12,268,-1,28340
12,269,-1,28460
12,270,-1,28550
12,271,-1,28605
12,272,-1,28675
12,273,-1,28735
12,274,-1,28850
12,275,-1,28930
12,276,-1,29050
12,277,-1,29135
12,278,-1,29190
13,278,1.042373,29430
13,279,-1,29555
13,280,-1,29605
13,281,-1,29655
13,282,-1,29760
13,283,-1,29825
13,284,-1,29865
13,285,-1,29960
13,286,-1,30030
13,287,-1,30090
13,288,-1,30170
13,289,-1,30215
13,290,-1,30265
13,291,-1,30355
13,292,-1,30440
13,293,-1,30520
13,294,-1,30610
13,295,-1,30750
13,296,-1,30815
13,297,-1,30910
13,298,-1,30985
13,299,-1,31145
13,300,-1,31220
13,301,-1,31325
13,302,-1,31380
13,303,-1,31465
13,304,-1,31550
13,305,-1,31610
13,306,-1,31705
13,307,-1,31855
13,308,-1,31895
13,309,-1,31970
13,310,-1,32030
13,311,-1,32070
13,312,-1,32135
13,313,-1,32195
13,314,-1,32240
14,314,1.040161,32490
14,315,-1,32540
14,316,-1,32625
14,317,-1,32735
14,318,-1,32970
15,318,1.049751,33175
15,319,-1,33340
15,320,-1,33425
15,321,-1,33485
15,322,-1,33545
15,323,-1,33650
15,324,-1,33775
15,325,-1,33895
15,326,-1,33950
15,327,-1,34125
15,328,-1,34295
15,329,-1,34385
15,330,-1,34505
15,331,-1,34550
15,332,-1,34670
15,333,-1,34745
15,334,-1,34855
15,335,-1,34935
15,336,-1,35010
15,337,-1,35070
15,338,-1,35120
15,339,-1,35260
15,340,-1,35335
16,340,1.042918,35570
16,341,-1,35660
16,342,-1,35710
16,343,-1,35795
16,344,-1,35895
16,345,-1,36075
16,346,-1,36155
16,347,-1,36205
16,348,-1,36250
16,349,-1,36310
16,350,-1,36400
16,351,-1,36495
16,352,-1,36660
16,353,-1,36730
16,354,-1,36790
16,355,-1,36975
16,356,-1,37065
16,357,-1,37175
16,358,-1,37325
16,359,-1,37370
16,360,-1,37465
16,361,-1,37530
16,362,-1,37635
16,363,-1,37730
16,364,-1,37860
16,365,-1,38005
16,366,-1,38210
16,367,-1,38360
16,368,-1,38420
16,369,-1,38550
16,370,-1,38620
16,371,-1,38725
16,372,-1,38875
16,373,-1,38945
16,374,-1,39095
16,375,-1,39180
16,376,-1,39245
16,377,-1,39320
17,377,1.057143,39495
17,378,-1,39590
17,379,-1,39630
17,380,-1,39745
17,381,-1,39805
17,382,-1,39845
17,383,-1,40005
17,384,-1,40090
17,385,-1,40230
18,385,1.041152,40475
18,386,-1,40665
18,387,-1,40715
18,388,-1,40805
18,389,-1,40850
18,390,-1,40890
18,391,-1,40950
18,392,-1,41010
18,393,-1,41090
18,394,-1,41135
18,395,-1,41235
18,396,-1,41295
18,397,-1,41365
18,398,-1,41415
18,399,-1,41480
18,400,-1,41530
18,401,-1,41570
18,402,-1,41670
18,403,-1,41715
18,404,-1,41845
18,405,-1,42100
18,406,-1,42255
18,407,-1,42330
18,408,-1,42445
18,409,-1,42510
19,409,1.049261,42715
19,410,-1,42770
19,411,-1,42905
19,412,-1,42960
19,413,-1,43075
19,414,-1,43140
19,415,-1,43315
19,416,-1,43445
19,417,-1,43640
19,418,-1,43685
19,419,-1,43735
19,420,-1,43830
19,421,-1,43895
19,422,-1,43970
19,423,-1,44105
19,424,-1,44260
19,425,-1,44450
19,426,-1,44630
19,427,-1,44700
19,428,-1,44765
19,429,-1,44885
19,430,-1,44945
19,431,-1,45060
19,432,-1,45205
19,433,-1,45265
19,434,-1,45340
19,435,-1,45465
19,436,-1,45535
19,437,-1,45575
19,438,-1,45690
19,439,-1,45770
19,440,-1,45950
19,441,-1,46010
19,442,-1,46090
19,443,-1,46150
19,444,-1,46220
19,445,-1,46300
19,446,-1,46445
19,447,-1,46580
19,448,-1,46645
19,449,-1,46705
19,450,-1,46760
19,451,-1,46820
19,452,-1,46870
19,453,-1,46960
19,454,-1,47035
20,454,1.055556,47215
20,455,-1,47280
20,456,-1,47380
20,457,-1,47475
20,458,-1,47625
20,459,-1,47710
20,460,-1,47785
20,461,-1,47860
20,462,-1,48010
20,463,-1,48120
20,464,-1,48215
20,465,-1,48280
20,466,-1,48335
20,467,-1,48405
21,467,1.06135,48570
21,468,-1,48685
21,469,-1,48775
21,470,-1,48980
21,471,-1,49145
21,472,-1,49215
21,473,-1,49310
21,474,-1,49370
21,475,-1,49420
21,476,-1,49535
21,477,-1,49585
21,478,-1,49630
21,479,-1,49725
22,479,1.033784,50025
22,480,-1,50080
22,481,-1,50255
22,482,-1,50370
22,483,-1,50470
23,483,1.037879,50735
23,484,-1,50795
23,485,-1,50850
23,486,-1,50960
23,487,-1,51085
23,488,-1,51135
23,489,-1,51205
23,490,-1,51260
23,491,-1,51350
23,492,-1,51420
23,493,-1,51465
24,493,1.047847,51675
24,494,-1,51755
24,495,-1,51805
24,496,-1,51860
24,497,-1,51915
24,498,-1,52035
24,499,-1,52140
24,500,-1,52205
24,501,-1,52265
24,502,-1,52405
24,503,-1,52530
24,504,-1,52590
24,505,-1,52695
24,506,-1,52750
24,507,-1,52810
24,508,-1,52885
24,509,-1,52920
24,510,-1,52980
24,511,-1,53055
24,512,-1,53175
24,513,-1,53345
25,513,1.04878,53550
25,514,-1,53635
25,515,-1,53685
25,516,-1,53805
25,517,-1,53885
25,518,-1,53980
25,519,-1,54090
25,520,-1,54145
25,521,-1,54325
25,522,-1,54460
25,523,-1,54560
25,524,-1,54720
25,525,-1,54765
25,526,-1,54870
26,526,1.044643,55095
26,527,-1,55205
26,528,-1,55345
26,529,-1,55620
26,530,-1,55715
26,531,-1,55820
26,532,-1,55915
26,533,-1,56010
26,534,-1,56080
26,535,-1,56160
26,536,-1,56255
26,537,-1,56335
26,538,-1,56440
26,539,-1,56550
26,540,-1,56660
26,541,-1,56795
26,542,-1,56835
26,543,-1,56895
27,543,1.054945,57080
27,544,-1,57155
28,544,1.028736,57505
28,545,-1,57695
28,546,-1,57795
29,546,1.049751,58000
29,547,-1,58065
29,548,-1,58180
29,549,-1,58295
29,550,-1,58365
29,551,-1,58440
29,552,-1,58550
29,553,-1,58700
29,554,-1,58795
29,555,-1,58985
29,556,-1,59055
29,557,-1,59180
29,558,-1,59380
29,559,-1,59420
29,560,-1,59555
29,561,-1,59620
29,562,-1,59720
30,562,1.057804,59895
31,562,1.040323,60145
32,562,1.03861,60405
32,563,-1,60510
32,564,-1,60660
32,565,-1,60840
32,566,-1,60890
32,567,-1,61000
32,568,-1,61210
32,569,-1,61350
32,570,-1,61405
32,571,-1,61525
33,571,1.063291,61685
33,572,-1,61755
33,573,-1,61830
34,573,1.048544,62040
34,574,-1,62190
34,575,-1,62305
34,576,-1,62475
34,577,-1,62545
34,578,-1,62670
34,579,-1,62905
35,579,1.044248,63135
35,580,-1,63235
35,581,-1,63320
35,582,-1,63390
36,582,1.045249,63615
36,583,-1,63770
36,584,-1,63960
37,584,1.050761,64160
37,585,-1,64255
37,586,-1,64460
37,587,-1,64675
37,588,-1,64760
37,589,-1,64840
37,590,-1,64985
37,591,-1,65070
37,592,-1,65175
37,593,-1,65290
37,594,-1,65365
37,595,-1,65520
37,596,-1,65585
37,597,-1,65770
37,598,-1,65870
37,599,-1,66125
37,600,-1,66215
37,601,-1,66415
38,601,1.049261,66620
38,602,-1,66740
38,603,-1,66835
38,604,-1,66985
38,605,-1,67060
39,605,1.062893,67220
39,606,-1,67275
39,607,-1,67340
39,608,-1,67525
39,609,-1,67620
39,610,-1,67690
39,611,-1,67785
40,611,1.036765,68060
40,612,-1,68140
41,612,1.055556,68320
41,613,-1,68390
41,614,-1,68515
41,615,-1,68600
41,616,-1,68635
41,617,-1,68825
41,618,-1,68910
41,619,-1,69100
41,620,-1,69290
41,621,-1,69350
42,621,1.05988,69520
42,622,-1,69680
42,623,-1,69835
42,624,-1,69905
42,625,-1,69970
43,625,1.038023,70235
43,626,-1,70300
43,627,-1,70350
43,628,-1,70410
43,629,-1,70485
43,630,-1,70645
43,631,-1,70710
43,632,-1,70890
43,633,-1,70960
43,634,-1,71080
43,635,-1,71170
43,636,-1,71245
43,637,-1,71345
43,638,-1,71445
43,639,-1,71590
43,640,-1,71645
43,641,-1,71755
43,642,-1,71965
44,642,1.035842,72245
44,643,-1,72410
44,644,-1,72570
44,645,-1,72640
44,646,-1,72720
44,647,-1,72900
45,647,1.045455,73120
45,648,-1,73215
45,649,-1,73385
45,650,-1,73480
45,651,-1,73585
45,652,-1,73680
45,653,-1,73745
45,654,-1,73870
45,655,-1,74010
45,656,-1,74090
45,657,-1,74205
45,658,-1,74430
45,659,-1,74520
45,660,-1,74685
45,661,-1,74775
45,662,-1,74840
45,663,-1,74955
45,664,-1,75005
45,665,-1,75080
45,666,-1,75170
45,667,-1,75250
45,668,-1,75340
46,668,1.044053,75570
47,668,1.049505,75775
47,669,-1,75890
47,670,-1,75990
47,671,-1,76050
48,671,1.04717,76265
48,672,-1,76470
48,673,-1,76565
48,674,-1,76615
48,675,-1,76685
48,676,-1,76835
48,677,-1,76935
48,678,-1,77010
48,679,-1,77080
48,680,-1,77260
48,681,-1,77335
48,682,-1,77540
49,682,1.066667,77690
49,683,-1,77735
50,683,1.037594,78005
50,684,-1,78130
50,685,-1,78200
50,686,-1,78355
50,687,-1,78680
50,688,-1,78805
50,689,-1,78920
50,690,-1,79065
50,691,-1,79180
50,692,-1,79295
50,693,-1,79350
50,694,-1,79420
51,694,1.037175,79690
51,695,-1,79860
51,696,-1,80030
51,697,-1,80095
51,698,-1,80195
51,699,-1,80395
51,700,-1,80605
51,701,-1,80705
52,701,1.052083,80900
52,702,-1,80970
53,702,1.033784,81270
53,703,-1,81325
54,703,1.05814,81500
54,704,-1,81570
54,705,-1,81635
54,706,-1,81760
54,707,-1,81855
54,708,-1,81945
54,709,-1,82185
54,710,-1,82295
54,711,-1,82405
54,712,-1,82485
54,713,-1,82550
54,714,-1,82610
55,714,1.051282,82805
55,715,-1,82875
55,716,-1,82975
55,717,-1,83040
55,718,-1,83220
55,719,-1,83355
55,720,-1,83400
55,721,-1,83525
55,722,-1,83730
55,723,-1,83915
55,724,-1,84030
55,725,-1,84280
55,726,-1,84345
55,727,-1,84455
55,728,-1,84520
55,729,-1,84595
55,730,-1,84770
55,731,-1,84860
56,731,1.05988,85030
56,732,-1,85185
57,732,1.045662,85405
57,733,-1,85510
57,734,-1,85595
57,735,-1,85665
57,736,-1,85785
57,737,-1,85940
57,738,-1,86020
57,739,-1,86125
57,740,-1,86180
57,741,-1,86265
57,742,-1,86460
57,743,-1,86565
57,744,-1,86620
57,745,-1,86785
57,746,-1,86885
57,747,-1,86970
57,748,-1,87025
57,749,-1,87150
57,750,-1,87210
57,751,-1,87380
58,751,1.057471,87555
58,752,-1,87610
58,753,-1,87790
58,754,-1,87925
58,755,-1,87970
58,756,-1,88020
58,757,-1,88085
58,758,-1,88150
58,759,-1,88225
58,760,-1,88375
58,761,-1,88470
58,762,-1,88525
58,763,-1,88705
58,764,-1,88780
58,765,-1,88840
58,766,-1,88935
58,767,-1,89020
58,768,-1,89065
58,769,-1,89210
58,770,-1,89275
58,771,-1,89375
58,772,-1,89450
59,772,1.04902,89655
59,773,-1,89745
59,774,-1,89915
59,775,-1,90005
59,776,-1,90040
59,777,-1,90270
59,778,-1,90305
59,779,-1,90425
59,780,-1,90515
59,781,-1,90580
59,782,-1,90690
59,783,-1,90885
59,784,-1,90960
59,785,-1,91065
59,786,-1,91155
59,787,-1,91205
59,788,-1,91255
59,789,-1,91390
59,790,-1,91480
59,791,-1,91555
60,791,1.031646,91875
60,792,-1,92025
60,793,-1,92090
60,794,-1,92185
60,795,-1,92255
60,796,-1,92330
60,797,-1,92400
60,798,-1,92535
60,799,-1,92600
60,800,-1,92775
60,801,-1,92835
60,802,-1,92980
60,803,-1,93070
60,804,-1,93230
60,805,-1,93375
60,806,-1,93520
60,807,-1,93585
60,808,-1,93645
61,808,1.029155,93990
61,809,-1,94185
61,810,-1,94260
61,811,-1,94545
61,812,-1,94620
61,813,-1,94770
61,814,-1,94825
61,815,-1,94895
61,816,-1,94985
61,817,-1,95045
61,818,-1,95100
61,819,-1,95265
61,820,-1,95400
61,821,-1,95550
61,822,-1,95685
61,823,-1,95745
61,824,-1,95890
61,825,-1,96025
61,826,-1,96140
61,827,-1,96235
61,828,-1,96345
61,829,-1,96440
61,830,-1,96545
62,830,1.05102,96745
62,831,-1,96890
62,832,-1,97050
62,833,-1,97105
62,834,-1,97185
62,835,-1,97405
62,836,-1,97480
62,837,-1,97590
62,838,-1,97650
62,839,-1,97800
62,840,-1,97965
62,841,-1,98130
63,841,1.03937,98385
63,842,-1,98585
63,843,-1,98765
63,844,-1,98895
63,845,-1,99010
63,846,-1,99095
63,847,-1,99140
63,848,-1,99350
63,849,-1,99515
63,850,-1,99615
63,851,-1,99740
63,852,-1,99905
63,853,-1,100095
63,854,-1,100250
63,855,-1,100415
63,856,-1,100610
63,857,-1,100645
64,857,1.056818,100825
64,858,-1,100945
64,859,-1,101030
64,860,-1,101180
64,861,-1,101305
64,862,-1,101370
64,863,-1,101485
64,864,-1,101575
64,865,-1,101715
64,866,-1,101770
64,867,-1,101880
64,868,-1,101930
64,869,-1,102150
64,870,-1,102255
64,871,-1,102425
64,872,-1,102555
64,873,-1,102765
64,874,-1,102890
65,874,1.05848,103065
65,875,-1,103160
65,876,-1,103215
65,877,-1,103335
65,878,-1,103440
65,879,-1,103700
65,880,-1,103835
65,881,-1,103945
65,882,-1,104070
65,883,-1,104150
65,884,-1,104260
65,885,-1,104390
65,886,-1,104475
66,886,1.042735,104710
67,886,1.050505,104910
67,887,-1,105005
67,888,-1,105060
67,889,-1,105210
67,890,-1,105325
67,891,-1,105460
67,892,-1,105560
67,893,-1,105790
67,894,-1,105915
67,895,-1,105980
67,896,-1,106135
67,897,-1,106205
67,898,-1,106285
67,899,-1,106340
68,899,1.040161,106590
68,900,-1,106725
68,901,-1,106905
68,902,-1,106960
68,903,-1,107110
68,904,-1,107165
68,905,-1,107230
68,906,-1,107390
68,907,-1,107690
68,908,-1,107885
68,909,-1,108065
68,910,-1,108265
68,911,-1,108470
68,912,-1,108530
68,913,-1,108695
68,914,-1,108980
68,915,-1,109080
68,916,-1,109145
68,917,-1,109360
68,918,-1,109445
68,919,-1,109655
68,920,-1,109810
68,921,-1,109870
68,922,-1,109935
68,923,-1,110050
68,924,-1,110115
68,925,-1,110265
68,926,-1,110355
68,927,-1,110630
68,928,-1,110760
68,929,-1,110895
68,930,-1,111010
68,931,-1,111145
68,932,-1,111200
68,933,-1,111400
68,934,-1,111605
68,935,-1,111775
68,936,-1,111910
68,937,-1,111980
68,938,-1,112050
69,938,1.050761,112250
70,938,1.026667,112625
70,939,-1,112765
70,940,-1,112885
70,941,-1,113150
70,942,-1,113200
70,943,-1,113470
70,944,-1,113565
71,944,1.042017,113805
71,945,-1,113935
71,946,-1,114025
71,947,-1,114220
71,948,-1,114375
71,949,-1,114615
71,950,-1,114780
71,951,-1,114970
71,952,-1,115050
71,953,-1,115100
71,954,-1,115215
71,955,-1,115325
71,956,-1,115460
71,957,-1,115530
72,957,1.054645,115715
72,958,-1,115945
73,958,1.05291,116135
73,959,-1,116305
73,960,-1,116385
73,961,-1,116525
73,962,-1,116595
73,963,-1,116700
73,964,-1,116765
73,965,-1,116860
73,966,-1,116970
73,967,-1,117080
73,968,-1,117170
73,969,-1,117240
73,970,-1,117340
74,970,1.055866,117520
74,971,-1,117775
74,972,-1,117900
74,973,-1,117990
74,974,-1,118175
74,975,-1,118230
74,976,-1,118425
74,977,-1,118725
74,978,-1,118825
74,979,-1,119050
74,980,-1,119220
74,981,-1,119375
74,982,-1,119475
74,983,-1,119610
74,984,-1,119725
74,985,-1,119810
74,986,-1,119960
74,987,-1,120065
74,988,-1,120125
74,989,-1,120255
74,990,-1,120465
74,991,-1,120595
74,992,-1,120720
74,993,-1,120955
75,993,1.03937,121210
75,994,-1,121290
75,995,-1,121370
75,996,-1,121570
75,997,-1,121695
75,998,-1,121850
75,999,-1,121970
75,1000,-1,122195
75,1001,-1,122255
75,1002,-1,122390
75,1003,-1,122520
76,1003,1.04878,122725
76,1004,-1,122935
77,1004,1.05814,123110
77,1005,-1,123215
77,1006,-1,123265
77,1007,-1,123365
77,1008,-1,123425
77,1009,-1,123590
78,1009,1.055866,123770
78,1010,-1,123830
78,1011,-1,123990
78,1012,-1,124090
78,1013,-1,124185
78,1014,-1,124260
78,1015,-1,124370
78,1016,-1,124505
78,1017,-1,124615
79,1017,1.032787,124920
79,1018,-1,125015
80,1018,1.043478,125245
80,1019,-1,125360
81,1019,1.040323,125610
81,1020,-1,125780
82,1020,1.035461,126065
83,1020,1.052632,126255
84,1020,1.043103,126490
84,1021,-1,126620
85,1021,1.043478,126850
85,1022,-1,127035
85,1023,-1,127175
85,1024,-1,127335
85,1025,-1,127620
85,1026,-1,127700
85,1027,-1,127760
86,1027,1.046296,127980
86,1028,-1,128075
86,1029,-1,128155
86,1030,-1,128410
86,1031,-1,128605
86,1032,-1,128700
86,1033,-1,128880
86,1034,-1,129050
87,1034,1.046296,129270
88,1034,1.035714,129550
88,1035,-1,129790
88,1036,-1,129850
88,1037,-1,129910
88,1038,-1,130070
88,1039,-1,130265
88,1040,-1,130400
88,1041,-1,130475
89,1041,1.03096,130800
89,1042,-1,130985
89,1043,-1,131040
89,1044,-1,131275
90,1044,1.04386,131505
90,1045,-1,131580
91,1045,1.051813,131775
91,1046,-1,131915
91,1047,-1,132075
91,1048,-1,132185
91,1049,-1,132390
92,1049,1.029155,132735
92,1050,-1,132850
92,1051,-1,132965
93,1051,1.049505,133170
93,1052,-1,133255
93,1053,-1,133320
93,1054,-1,133545
94,1054,1.040161,133795
94,1055,-1,133955
94,1056,-1,134010
94,1057,-1,134080
94,1058,-1,134165
94,1059,-1,134295
94,1060,-1,134425
94,1061,-1,134485
94,1062,-1,134625
94,1063,-1,134685
94,1064,-1,134805
94,1065,-1,135005
94,1066,-1,135065
94,1067,-1,135165
94,1068,-1,135245
94,1069,-1,135340
94,1070,-1,135405
94,1071,-1,135530
94,1072,-1,135705
94,1073,-1,135775
94,1074,-1,135820
95,1074,1.039841,136075
95,1075,-1,136125
95,1076,-1,136215
95,1077,-1,136375
95,1078,-1,136525
95,1079,-1,136605
95,1080,-1,136845
95,1081,-1,136980
95,1082,-1,137265
95,1083,-1,137345
95,1084,-1,137395
95,1085,-1,137440
95,1086,-1,137570
96,1086,1.045662,137790
96,1087,-1,137995
96,1088,-1,138080
96,1089,-1,138155
96,1090,-1,138415
96,1091,-1,138660
96,1092,-1,138825
96,1093,-1,138890
96,1094,-1,139005
96,1095,-1,139050
96,1096,-1,139230
96,1097,-1,139370
96,1098,-1,139450
96,1099,-1,139630
97,1099,1.033445,139930
97,1100,-1,140040
97,1101,-1,140095
97,1102,-1,140255
98,1102,1.033898,140550
98,1103,-1,140670
98,1104,-1,140750
98,1105,-1,140860
99,1105,1.046729,141075
99,1106,-1,141190
99,1107,-1,141425
99,1108,-1,141630
99,1109,-1,141930
100,1109,1.040161,142180
100,1110,-1,142315
100,1111,-1,142395
100,1112,-1,142605
100,1113,-1,142760
100,1114,-1,142820
100,1115,-1,142890
100,1116,-1,143055
100,1117,-1,143315
100,1118,-1,143430
101,1118,1.042017,143670
101,1119,-1,143775
102,1119,1.044444,144000
102,1120,-1,144125
103,1120,1.03125,144445
103,1121,-1,144520
103,1122,-1,144615
104,1122,1.039841,144870
104,1123,-1,144975
104,1124,-1,145085
104,1125,-1,145180
104,1126,-1,145230
104,1127,-1,145365
104,1128,-1,145460
104,1129,-1,145540
105,1129,1.03663,145815
105,1130,-1,145900
105,1131,-1,146010
105,1132,-1,146120
105,1133,-1,146195
106,1133,1.04902,146400
106,1134,-1,146510
106,1135,-1,146595
106,1136,-1,146660
106,1137,-1,146795
106,1138,-1,146850
106,1139,-1,147030
106,1140,-1,147085
106,1141,-1,147160
106,1142,-1,147320
106,1143,-1,147405
106,1144,-1,147670
106,1145,-1,147925
106,1146,-1,148120
106,1147,-1,148165
106,1148,-1,148275
106,1149,-1,148500
106,1150,-1,148575
107,1150,1.046729,148790
107,1151,-1,148980
107,1152,-1,149035
107,1153,-1,149225
107,1154,-1,149360
107,1155,-1,149415
107,1156,-1,149565
107,1157,-1,149695
107,1158,-1,149810
107,1159,-1,149910
107,1160,-1,149975
108,1160,1.037175,150245
108,1161,-1,150305
108,1162,-1,150380
108,1163,-1,150540
108,1164,-1,150710
108,1165,-1,150905
109,1165,1.043668,151135
109,1166,-1,151200
109,1167,-1,151265
109,1168,-1,151510
109,1169,-1,151695
109,1170,-1,151965
109,1171,-1,152060
109,1172,-1,152270
110,1172,1.043103,152505
110,1173,-1,152585
110,1174,-1,152705
110,1175,-1,152815
110,1176,-1,152950
110,1177,-1,153140
110,1178,-1,153235
110,1179,-1,153330
110,1180,-1,153390
111,1180,1.046083,153610
111,1181,-1,153670
111,1182,-1,153720
111,1183,-1,153845
111,1184,-1,154010
111,1185,-1,154105
111,1186,-1,154175
111,1187,-1,154255
111,1188,-1,154370
111,1189,-1,154465
111,1190,-1,154605
112,1190,1.036765,154880
112,1191,-1,155070
112,1192,-1,155285
112,1193,-1,155375
112,1194,-1,155490
113,1194,1.042373,155730
113,1195,-1,155845
113,1196,-1,155985
113,1197,-1,156045
113,1198,-1,156135
113,1199,-1,156260
113,1200,-1,156365
113,1201,-1,156510
113,1202,-1,156635
113,1203,-1,156800
113,1204,-1,156845
113,1205,-1,157065
113,1206,-1,157175
113,1207,-1,157245
113,1208,-1,157350
113,1209,-1,157450
113,1210,-1,157660
113,1211,-1,157760
113,1212,-1,157820
114,1212,1.067114,157970
114,1213,-1,158035
114,1214,-1,158160
114,1215,-1,158250
115,1215,1.028986,158595
115,1216,-1,158680
115,1217,-1,158710
115,1218,-1,158820
115,1219,-1,158905
115,1220,-1,159115
115,1221,-1,159180
115,1222,-1,159300
115,1223,-1,159525
115,1224,-1,159640
115,1225,-1,159720
115,1226,-1,159915
115,1227,-1,160245
115,1228,-1,160330
115,1229,-1,160475
115,1230,-1,160565
115,1231,-1,160705
115,1232,-1,160810
115,1233,-1,161020
115,1234,-1,161185
115,1235,-1,161340
116,1235,1.04,161590
116,1236,-1,161690
116,1237,-1,161745
116,1238,-1,161965
117,1238,1.047393,162180
117,1239,-1,162380
117,1240,-1,162475
117,1241,-1,162635
118,1241,1.029851,162970
119,1241,1.042553,163205
119,1242,-1,163460
120,1242,1.045455,163680
120,1243,-1,163940
120,1244,-1,164015
120,1245,-1,164195
120,1246,-1,164355
121,1246,1.041152,164600
121,1247,-1,164735
121,1248,-1,164810
121,1249,-1,165065
121,1250,-1,165125
122,1250,1.036765,165400
122,1251,-1,165525
122,1252,-1,165665
122,1253,-1,165790
122,1254,-1,166025
122,1255,-1,166090
122,1256,-1,166265
123,1256,1.041152,166510
123,1257,-1,166575
123,1258,-1,166765
123,1259,-1,166820
123,1260,-1,166940
123,1261,-1,167105
124,1261,1.059524,167275
125,1261,1.036101,167555
125,1262,-1,167600
125,1263,-1,167700
125,1264,-1,167760
125,1265,-1,167955
125,1266,-1,168025
125,1267,-1,168145
125,1268,-1,168195
125,1269,-1,168520
126,1269,1.04386,168750
126,1270,-1,168845
126,1271,-1,169130
126,1272,-1,169285
127,1272,1.055249,169470
127,1273,-1,169585
127,1274,-1,169660
127,1275,-1,169885
127,1276,-1,169975
127,1277,-1,170205
127,1278,-1,170305
127,1279,-1,170490
127,1280,-1,170630
127,1281,-1,170760
127,1282,-1,171150
128,1282,1.028818,171500
128,1283,-1,171575
128,1284,-1,171680
128,1285,-1,171875
128,1286,-1,172010
128,1287,-1,172270
128,1288,-1,172515
128,1289,-1,172665
128,1290,-1,172780
128,1291,-1,173055
129,1291,1.037594,173325
129,1292,-1,173460
129,1293,-1,173525
129,1294,-1,173700
129,1295,-1,174010
130,1295,1.041322,174255
130,1296,-1,174510
131,1296,1.037175,174780
131,1297,-1,174875
131,1298,-1,175025
131,1299,-1,175110
132,1299,1.025381,175505
132,1300,-1,175655
132,1301,-1,175725
132,1302,-1,175770
132,1303,-1,175975
133,1303,1.03012,176310
133,1304,-1,176530
133,1305,-1,176610
133,1306,-1,176750
133,1307,-1,176870
133,1308,-1,177025
133,1309,-1,177095
133,1310,-1,177155
133,1311,-1,177275
133,1312,-1,177380
133,1313,-1,177480
133,1314,-1,177570
133,1315,-1,177675
133,1316,-1,177755
133,1317,-1,177915
133,1318,-1,177990
133,1319,-1,178240
133,1320,-1,178545
133,1321,-1,178715
133,1322,-1,178870
133,1323,-1,179060
133,1324,-1,179095
133,1325,-1,179410
134,1325,1.050251,179610
134,1326,-1,179675
134,1327,-1,179745
134,1328,-1,179925
134,1329,-1,180105
134,1330,-1,180210
134,1331,-1,180290
134,1332,-1,180365
134,1333,-1,180465
135,1333,1.036232,180745
135,1334,-1,180805
135,1335,-1,180905
135,1336,-1,180970
135,1337,-1,181035
135,1338,-1,181090
135,1339,-1,181320
135,1340,-1,181390
136,1340,1.037736,181655
136,1341,-1,181805
136,1342,-1,181865
136,1343,-1,182180
136,1344,-1,182400
136,1345,-1,182630
136,1346,-1,182800
136,1347,-1,182920
136,1348,-1,183110
137,1348,1.045045,183335
137,1349,-1,183445
137,1350,-1,183530
137,1351,-1,183575
137,1352,-1,183670
137,1353,-1,183835
137,1354,-1,184025
137,1355,-1,184115
137,1356,-1,184335
137,1357,-1,184525
138,1357,1.042735,184760
138,1358,-1,184980
139,1358,1.046296,185200
139,1359,-1,185250
139,1360,-1,185375
139,1361,-1,185445
140,1361,1.047619,185655
141,1361,1.032362,185965
141,1362,-1,186140
142,1362,1.048077,186350
142,1363,-1,186455
142,1364,-1,186500
143,1364,1.046296,186720
143,1365,-1,186805
143,1366,-1,186880
143,1367,-1,187070
143,1368,-1,187150
143,1369,-1,187250
143,1370,-1,187320
143,1371,-1,187480
143,1372,-1,187650
143,1373,-1,187830
143,1374,-1,187885
143,1375,-1,188020
143,1376,-1,188265
144,1376,1.037736,188530
145,1376,1.042194,188770
145,1377,-1,189150
145,1378,-1,189275
145,1379,-1,189430
145,1380,-1,189510
145,1381,-1,189645
146,1381,1.049261,189850
146,1382,-1,189985
146,1383,-1,190145
146,1384,-1,190360
147,1384,1.025707,190750
147,1385,-1,190900
147,1386,-1,191015
147,1387,-1,191130
147,1388,-1,191185
147,1389,-1,191265
147,1390,-1,191420
147,1391,-1,191615
147,1392,-1,191870
147,1393,-1,192005
147,1394,-1,192270
147,1395,-1,192415
147,1396,-1,192590
148,1396,1.040323,192840
148,1397,-1,192970
148,1398,-1,193070
149,1398,1.044643,193295
149,1399,-1,193380
149,1400,-1,193530
149,1401,-1,193765
149,1402,-1,194005
149,1403,-1,194105
149,1404,-1,194200
150,1404,1.040486,194450
150,1405,-1,194630
150,1406,-1,194665
150,1407,-1,194715
150,1408,-1,194765
150,1409,-1,194910
150,1410,-1,195205
150,1411,-1,195285
150,1412,-1,195400
150,1413,-1,195665
150,1414,-1,195795
150,1415,-1,195855
150,1416,-1,196050
150,1417,-1,196155
150,1418,-1,196325
150,1419,-1,196500
151,1419,1.04065,196750
151,1420,-1,197065
151,1421,-1,197140
152,1421,1.044843,197365
152,1422,-1,197445
152,1423,-1,197490
153,1423,1.046948,197705
154,1423,1.042553,197940
154,1424,-1,198060
154,1425,-1,198240
154,1426,-1,198380
154,1427,-1,198535
154,1428,-1,198695
154,1429,-1,198885
154,1430,-1,199035
154,1431,-1,199240
154,1432,-1,199370
154,1433,-1,199425
154,1434,-1,199625
154,1435,-1,199990
154,1436,-1,200120
154,1437,-1,200210
154,1438,-1,200375
155,1438,1.042918,200610
156,1438,1.054645,200795
157,1438,1.034965,201085
157,1439,-1,201470
157,1440,-1,201665
157,1441,-1,201745
157,1442,-1,201800
157,1443,-1,201840
157,1444,-1,201895
157,1445,-1,201995
157,1446,-1,202205
157,1447,-1,202270
157,1448,-1,202555
157,1449,-1,202790
157,1450,-1,202830
157,1451,-1,202955
157,1452,-1,203000
157,1453,-1,203075
157,1454,-1,203165
158,1454,1.04386,203395
158,1455,-1,203530
158,1456,-1,203730
159,1456,1.039063,203990
159,1457,-1,204090
159,1458,-1,204165
159,1459,-1,204430
159,1460,-1,204520
159,1461,-1,204585
159,1462,-1,204810
160,1462,1.031447,205130
160,1463,-1,205180
160,1464,-1,205300
160,1465,-1,205645
160,1466,-1,205770
160,1467,-1,205940
160,1468,-1,206000
160,1469,-1,206090
161,1469,1.026667,206465
161,1470,-1,206525
161,1471,-1,206690
161,1472,-1,206835
161,1473,-1,206945
161,1474,-1,207085
162,1474,1.032895,207390
162,1475,-1,207510
163,1475,1.050251,207710
164,1475,1.028653,208060
164,1476,-1,208130
165,1476,1.046083,208350
165,1477,-1,208590
165,1478,-1,208730
165,1479,-1,208870
165,1480,-1,208970
165,1481,-1,209010
165,1482,-1,209250
165,1483,-1,209420
165,1484,-1,209615
165,1485,-1,209690
166,1485,1.025381,210085
166,1486,-1,210140
166,1487,-1,210260
166,1488,-1,210420
166,1489,-1,210515
166,1490,-1,210675
166,1491,-1,210735
166,1492,-1,210940
166,1493,-1,211135
166,1494,-1,211315
166,1495,-1,211360
167,1495,1.033557,211660
168,1495,1.04717,211875
168,1496,-1,211950
168,1497,-1,212125
168,1498,-1,212180
168,1499,-1,212380
168,1500,-1,212505
169,1500,1.042194,212745
169,1501,-1,212955
169,1502,-1,213040
169,1503,-1,213190
169,1504,-1,213245
169,1505,-1,213360
169,1506,-1,213440
169,1507,-1,213640
169,1508,-1,213730
169,1509,-1,213795
169,1510,-1,213855
169,1511,-1,213930
169,1512,-1,214030
169,1513,-1,214200
169,1514,-1,214340
169,1515,-1,214615
170,1515,1.040984,214860
170,1516,-1,214960
170,1517,-1,215020
170,1518,-1,215075
170,1519,-1,215270
170,1520,-1,215475
170,1521,-1,215685
170,1522,-1,215810
170,1523,-1,215945
170,1524,-1,216085
170,1525,-1,216325
170,1526,-1,216490
170,1527,-1,216600
170,1528,-1,216760
170,1529,-1,216950
170,1530,-1,217145
170,1531,-1,217290
170,1532,-1,217470
170,1533,-1,217720
171,1533,1.039683,217975
171,1534,-1,218270
171,1535,-1,218405
172,1535,1.027701,218770
172,1536,-1,218970
173,1536,1.033333,219270
174,1536,1.046512,219485
175,1536,1.050505,219685
175,1537,-1,219765
176,1537,1.034965,220055
176,1538,-1,220190
176,1539,-1,220290
176,1540,-1,220425
177,1540,1.04902,220630
177,1541,-1,220750
177,1542,-1,220865
177,1543,-1,221145
178,1543,1.042553,221380
179,1543,1.039216,221635
180,1543,1.035336,221920
180,1544,-1,222075
180,1545,-1,222230
180,1546,-1,222360
180,1547,-1,222530
180,1548,-1,222705
180,1549,-1,222780
180,1550,-1,222870
181,1550,1.051546,223065
181,1551,-1,223195
182,1551,1.04878,223400
182,1552,-1,223470
183,1552,1.040984,223715
183,1553,-1,223960
183,1554,-1,224045
184,1554,1.051282,224240
185,1554,1.050761,224440
186,1554,1.03663,224715
186,1555,-1,224785
186,1556,-1,224850
186,1557,-1,224960
186,1558,-1,225070
186,1559,-1,225135
186,1560,-1,225280
186,1561,-1,225540
186,1562,-1,225615
186,1563,-1,225735
186,1564,-1,225915
186,1565,-1,226165
186,1566,-1,226220
186,1567,-1,226490
186,1568,-1,226570
186,1569,-1,226670
186,1570,-1,226895
186,1571,-1,226950
186,1572,-1,227060
186,1573,-1,227185
186,1574,-1,227395
186,1575,-1,227490
186,1576,-1,227680
186,1577,-1,227750
186,1578,-1,227800
187,1578,1.037879,228065
187,1579,-1,228155
187,1580,-1,228385
188,1580,1.044444,228610
188,1581,-1,228895
188,1582,-1,228975
188,1583,-1,229215
188,1584,-1,229275
188,1585,-1,229410
188,1586,-1,229545
189,1586,1.057143,229720
189,1587,-1,229795
190,1587,1.04065,230045
191,1587,1.040161,230295
192,1587,1.035088,230580
192,1588,-1,230860
192,1589,-1,230945
192,1590,-1,231145
192,1591,-1,231280
192,1592,-1,231395
192,1593,-1,231535
192,1594,-1,231830
192,1595,-1,232090
192,1596,-1,232180
192,1597,-1,232255
192,1598,-1,232490
192,1599,-1,232685
192,1600,-1,232865
192,1601,-1,232950
193,1601,1.033003,233255
194,1601,1.043103,233490
194,1602,-1,233520
194,1603,-1,233625
194,1604,-1,233805
194,1605,-1,233875
195,1605,1.041152,234120
195,1606,-1,234350
195,1607,-1,234545
196,1607,1.038023,234810
196,1608,-1,234955
196,1609,-1,235100
197,1609,1.044053,235330
197,1610,-1,235485
198,1610,1.046729,235700
199,1610,1.060241,235870
199,1611,-1,236090
199,1612,-1,236215
199,1613,-1,236360
200,1613,1.042553,236595
200,1614,-1,236725
201,1614,1.042017,236965
201,1615,-1,237205
201,1616,-1,237265
201,1617,-1,237445
201,1618,-1,237645
201,1619,-1,237800
201,1620,-1,237915
201,1621,-1,238045
201,1622,-1,238135
201,1623,-1,238190
201,1624,-1,238340
201,1625,-1,238420
201,1626,-1,238655
202,1626,1.038314,238920
202,1627,-1,239050
202,1628,-1,239265
202,1629,-1,239360
202,1630,-1,239535
202,1631,-1,239595
202,1632,-1,239670
202,1633,-1,239940
202,1634,-1,240275
202,1635,-1,240455
202,1636,-1,240550
203,1636,1.03096,240875
204,1636,1.037453,241145
204,1637,-1,241325
204,1638,-1,241420
205,1638,1.055866,241600
206,1638,1.032467,241910
206,1639,-1,242035
206,1640,-1,242220
207,1640,1.026455,242600
207,1641,-1,242725
207,1642,-1,242845
207,1643,-1,243005
207,1644,-1,243185
207,1645,-1,243275
207,1646,-1,243345
208,1646,1.025445,243740
208,1647,-1,243815
208,1648,-1,244120
208,1649,-1,244165
208,1650,-1,244215
208,1651,-1,244445
208,1652,-1,244660
208,1653,-1,244805
208,1654,-1,244945
208,1655,-1,245080
209,1655,1.037879,245345
209,1656,-1,245485
209,1657,-1,245700
209,1658,-1,245885
210,1658,1.034014,246180
210,1659,-1,246375
211,1659,1.05291,246565
211,1660,-1,246645
211,1661,-1,246715
211,1662,-1,246970
211,1663,-1,247100
212,1663,1.05,247300
212,1664,-1,247340
212,1665,-1,247465
212,1666,-1,247675
212,1667,-1,247860
212,1668,-1,248060
212,1669,-1,248270
213,1669,1.040161,248520
213,1670,-1,248600
213,1671,-1,248740
213,1672,-1,249000
214,1672,1.046948,249215
214,1673,-1,249335
214,1674,-1,249640
214,1675,-1,249690
215,1675,1.038168,249955
215,1676,-1,250005
