Goals,Deaths,Reward,Step 
0,0,0,0
1,0,1.232286,45
2,0,1.104991,140
3,0,1.0811,305
3,1,-1.000272,380
4,1,1.14475,460
5,1,1.166394,520
5,2,-1.000272,570
6,2,1.138798,655
7,2,1.195806,710
8,2,1.203809,760
8,2,-5.448073E-05,761
9,2,1.189242,821
10,2,1.13211,911
10,3,-1.000272,1026
11,3,1.217119,1076
11,4,-1.000272,1111
12,4,1.277505,1151
12,5,-1.000272,1196
13,5,1.134863,1271
14,5,1.208429,1326
14,6,-1.000272,1421
14,7,-1.000272,1506
14,8,-1.000272,1566
15,8,1.199728,1616
16,8,1.158458,1681
16,9,-1.000272,1766
17,9,1.143207,1851
18,9,1.142585,1921
19,9,1.148981,1991
20,9,1.133061,2066
20,10,-1.000272,2126
20,11,-1.000272,2196
21,11,1.146786,2266
22,11,1.146332,2346
23,11,1.077853,2476
23,12,-0.98025,2541
23,13,-0.98025,2626
23,14,-1.000272,2661
24,14,1.10984,2776
24,15,-0.98025,2926
25,15,1.199728,2976
26,15,1.137397,3061
26,16,-1.000272,3121
27,16,1.124728,3201
28,16,1.094067,3311
28,17,-1.000272,3361
28,18,-1.000272,3456
28,19,-1.000272,3551
29,19,1.217119,3601
30,19,1.129598,3681
31,19,1.057531,3856
32,19,1.136029,3946
32,20,-1.000272,4006
33,20,1.131307,4086
33,21,-1.000272,4151
33,22,-1.000272,4226
34,22,1.178299,4286
35,22,1.228083,4336
35,23,-1.000272,4461
35,24,-0.98025,4516
36,24,1.093186,4626
37,24,1.14962,4706
37,25,-1.000272,4771
38,25,1.199728,4821
39,25,1.106111,4916
40,25,1.112087,5006
41,25,1.181546,5061
42,25,1.208429,5116
43,25,1.085198,5236
44,25,1.188407,5291
45,25,1.228083,5341
46,25,1.163662,5406
47,25,1.192035,5461
48,25,1.169004,5531
49,25,1.074916,5666
50,25,1.140232,5751
51,25,1.184913,5806
52,25,1.156736,5881
52,26,-1.000272,6016
53,26,1.312228,6051
54,26,1.161018,6116
55,26,1.184913,6171
56,26,1.101051,6296
57,26,1.155978,6361
57,27,-0.98025,6426
58,27,1.13211,6516
59,27,1.108423,6611
60,27,1.199728,6661
61,27,1.188407,6716
61,28,-0.98025,6776
62,28,1.113364,6866
63,28,1.199728,6916
64,28,1.166809,6986
65,28,1.166809,7056
66,28,1.153083,7131
66,29,-1.000272,7216
67,29,1.081028,7341
67,30,-1.000272,7391
68,30,1.049728,7591
69,30,1.09232,7701
70,30,1.148981,7771
71,30,1.108246,7886
72,30,1.052359,8076
73,30,1.169219,8136
74,30,1.086684,8251
75,30,1.186417,8311
76,30,1.208429,8366
77,30,1.252308,8411
78,30,1.14475,8491
79,30,1.094067,8601
80,30,1.212058,8656
81,30,1.181546,8711
81,31,-0.98025,8756
82,31,1.094966,8861
83,31,1.161018,8926
83,32,-1.000272,8981
83,33,-0.98025,9026
84,33,1.138616,9101
84,34,-1.000272,9156
84,35,-1.000272,9201
85,35,1.110659,9311
85,36,-1.000272,9341
86,36,1.26975,9381
87,36,1.131307,9461
88,36,1.109618,9556
89,36,1.077247,9686
90,36,1.086684,9801
90,37,-0.98025,9866
91,37,1.322308,9901
92,37,1.163662,9966
93,37,1.169219,10026
94,37,1.134863,10101
94,38,-1.000272,10186
94,39,-1.000272,10261
95,39,1.10282,10361
96,39,1.169219,10421
97,39,1.178299,10481
97,40,-0.98025,10571
98,40,1.227,10616
99,40,1.184913,10671
100,40,1.106111,10766
100,41,-1.000272,10821
101,41,1.12021,10906
102,41,1.155978,10971
103,41,1.249728,11011
104,41,1.249728,11051
104,42,-1.000272,11086
105,42,1.143207,11171
106,42,1.175166,11231
107,42,1.203809,11281
108,42,1.067755,11431
109,42,1.178299,11491
110,42,1.22195,11536
111,42,1.057199,11711
112,42,1.169219,11771
113,42,1.137397,11856
114,42,1.203809,11906
115,42,1.217119,11956
115,43,-1.000272,12016
116,43,1.108423,12111
117,43,1.103894,12211
118,43,1.184913,12266
119,43,1.081028,12391
119,44,-1.000272,12451
120,44,1.181546,12506
121,44,1.116007,12596
122,44,1.262886,12636
123,44,1.127933,12716
124,44,1.112087,12806
125,44,1.227,12851
126,44,1.29002,12891
127,44,1.148981,12961
128,44,1.353083,12991
129,44,1.108423,13086
130,44,1.17848,13151
131,44,1.10282,13251
132,44,1.169219,13311
133,44,1.227,13356
133,45,-1.000272,13406
134,45,1.169004,13476
135,45,1.22195,13521
135,46,-0.98025,13616
136,46,1.076064,13751
137,46,1.121679,13836
138,46,1.065953,13991
138,47,-0.98025,14051
139,47,1.156736,14126
140,47,1.249728,14166
140,48,-1.000272,14246
141,48,1.181546,14301
142,48,1.140573,14376
143,48,1.100738,14476
144,48,1.106111,14571
145,48,1.188407,14626
145,49,-0.98025,14696
145,50,-1.000272,14806
146,50,1.208061,14856
147,50,1.282908,14896
147,51,-0.98025,14946
148,51,1.089818,15061
149,51,1.121679,15146
150,51,1.183684,15211
151,51,1.199728,15261
152,51,1.146786,15331
153,51,1.09232,15441
153,52,-1.000272,15546
154,52,1.208429,15601
154,53,-0.98025,15681
155,53,1.22195,15726
156,53,1.142585,15796
157,53,1.109036,15911
158,53,1.155978,15976
159,53,1.277505,16016
160,53,1.169004,16086
161,53,1.156736,16161
161,54,-1.000272,16236
162,54,1.088223,16351
163,54,1.115904,16456
164,54,1.095881,16561
165,54,1.161018,16626
165,55,-0.98025,16691
166,55,1.237823,16736
167,55,1.161018,16801
168,55,1.143207,16886
169,55,1.215828,16941
169,56,-0.98025,17001
169,57,-0.98025,17036
170,57,1.118775,17121
171,57,1.151243,17191
172,57,1.169004,17261
172,58,-0.98025,17381
173,58,1.079093,17511
174,58,1.181546,17566
174,59,-0.98025,17646
174,60,-0.98025,17721
174,61,-1.000272,17796
174,62,-0.98025,17841
174,63,-1.000272,17941
175,63,1.081695,18066
176,63,1.136714,18141
177,63,1.094938,18276
177,64,-1.000272,18326
178,64,1.285442,18361
179,64,1.217119,18411
180,64,1.189242,18471
181,64,1.22195,18516
182,64,1.232286,18561
183,64,1.078468,18691
184,64,1.217119,18741
185,64,1.089013,18856
186,64,1.192164,18916
186,65,-1.000272,18991
186,66,-1.000272,19066
187,66,1.164678,19136
188,66,1.172141,19196
188,67,-1.000272,19271
188,68,-1.000272,19396
188,69,-1.000272,19471
188,70,-1.000272,19521
188,71,-1.000272,19631
189,71,1.07065,19776
190,71,1.136029,19866
191,71,1.090637,19976
191,72,-1.000272,20031
192,72,1.156736,20106
193,72,1.085935,20226
194,72,1.104991,20321
194,73,-1.000272,20371
195,73,1.110659,20481
196,73,1.232286,20526
196,74,-1.000272,20606
197,74,1.055593,20786
197,75,-1.000272,20846
198,75,1.176,20911
199,75,1.192035,20966
200,75,1.204935,21021
201,75,1.09232,21131
202,75,1.083761,21251
203,75,1.061456,21416
204,75,1.178299,21476
205,75,1.124728,21556
206,75,1.158458,21621
207,75,1.151243,21691
208,75,1.127277,21786
209,75,1.068221,21936
210,75,1.178299,21996
210,76,-1.000272,22076
211,76,1.297528,22116
212,76,1.113208,22226
212,77,-0.98025,22291
213,77,1.212058,22346
214,77,1.203809,22396
214,78,-1.000272,22471
214,79,-1.000272,22526
215,79,1.138616,22601
216,79,1.109618,22696
216,80,-0.98025,22781
217,80,1.129598,22861
217,81,-1.000272,22946
217,82,-1.000272,23116
218,82,1.106111,23211
219,82,1.184913,23266
220,82,1.117375,23351
221,82,1.192164,23411
222,82,1.11467,23501
223,82,1.166394,23561
223,83,-0.98025,23656
224,83,1.086684,23771
224,84,-1.000272,23836
224,85,-1.000272,23946
225,85,1.192164,24006
226,85,1.163662,24071
227,85,1.121791,24171
227,86,-1.000272,24256
228,86,1.10282,24356
229,86,1.115904,24461
230,86,1.175166,24521
231,86,1.076064,24656
232,86,1.249728,24696
233,86,1.192035,24751
233,87,-1.000272,24826
234,87,1.181546,24881
235,87,1.113364,24971
235,87,-5.448073E-05,25007
236,87,1.12076,25107
237,87,1.089818,25222
238,87,1.076651,25352
238,88,-1.000272,25422
239,88,1.096815,25527
240,88,1.059969,25697
241,88,1.13211,25787
241,89,-1.000272,25857
242,89,1.116007,25947
242,90,-1.000272,26002
242,91,-1.000272,26037
242,92,-1.000272,26092
242,93,-1.000272,26152
243,93,1.102395,26277
243,94,-0.98025,26532
243,95,-1.000272,26612
244,95,1.062228,26772
245,95,1.062621,26932
245,96,-1.000272,27037
245,97,-0.98025,27097
246,97,1.053491,27287
247,97,1.12631,27367
247,98,-1.000272,27472
248,98,1.146786,27542
248,99,-1.000272,27607
248,100,-1.000272,27662
248,101,-0.98025,27797
248,102,-0.98025,27942
248,103,-1.000272,28042
248,104,-0.98025,28112
249,104,1.104991,28207
250,104,1.112087,28297
250,105,-1.000272,28377
251,105,1.064663,28532
251,106,-1.000272,28617
251,107,-1.000272,28687
252,107,1.12631,28767
252,108,-1.000272,28822
252,109,-0.98025,28892
252,110,-1.000272,28997
252,111,-0.98025,29072
252,112,-1.000272,29117
252,113,-0.98025,29252
253,113,1.099728,29352
254,113,1.158639,29427
254,114,-1.000272,29492
255,114,1.113208,29602
256,114,1.160595,29677
257,114,1.032514,29982
257,115,-1.000272,30052
258,115,1.080373,30177
259,115,1.071833,30372
259,116,-1.000272,30522
260,116,1.078468,30652
261,116,1.061839,30817
261,117,-1.000272,30857
261,118,-0.98025,30937
261,119,-0.98025,30997
262,119,1.057867,31172
263,119,1.083444,31332
263,120,-1.000272,31452
264,120,1.074395,31637
264,121,-1.000272,31707
264,122,-0.98025,31782
265,122,1.124728,31862
265,123,-0.98025,32042
265,124,-0.98025,32192
265,125,-1.000272,32252
265,126,-0.98025,32332
266,126,1.107469,32447
266,127,-1.000272,32497
266,128,-1.000272,32537
266,129,-1.000272,32602
267,129,1.056546,32782
267,130,-0.98025,32827
268,130,1.121679,32912
268,131,-1.000272,32977
268,132,-1.000272,33132
269,132,1.095881,33237
270,132,1.074916,33372
270,133,-1.000272,33472
270,134,-0.98025,33547
271,134,1.039888,33797
272,134,1.136714,33872
272,135,-1.000272,33922
272,136,-1.000272,33992
273,136,1.077853,34122
274,136,1.12631,34202
275,136,1.10282,34302
276,136,1.061456,34467
277,136,1.11876,34572
277,137,-1.000272,34627
278,137,1.083061,34747
279,137,1.107255,34842
280,137,1.041569,35082
280,138,-0.98025,35162
280,139,-1.000272,35252
281,139,1.13211,35342
281,140,-1.000272,35482
282,140,1.134863,35557
283,140,1.148981,35627
284,140,1.090637,35737
285,140,1.063019,35897
285,141,-1.000272,36102
286,141,1.083761,36222
287,141,1.083761,36342
287,142,-1.000272,36432
287,143,-1.000272,36517
288,143,1.043396,36747
289,143,1.099115,36877
289,144,-0.98025,36922
289,145,-1.000272,36967
289,146,-1.000272,37007
290,146,1.093186,37117
291,146,1.064663,37272
291,147,-1.000272,37387
291,148,-1.000272,37522
292,148,1.08968,37667
293,148,1.111493,37777
294,148,1.087447,37892
294,149,-0.98025,37997
294,150,-0.98025,38067
294,151,-1.000272,38122
295,151,1.098737,38227
295,152,-0.98025,38327
296,152,1.101768,38427
297,152,1.048037,38637
297,153,-1.000272,38782
297,154,-1.000272,38852
298,154,1.106111,38947
299,154,1.081028,39072
299,155,-1.000272,39167
300,155,1.100738,39267
300,156,-0.98025,39382
300,157,-0.98025,39477
301,157,1.18104,39542
302,157,1.090637,39652
303,157,1.086864,39802
304,157,1.085975,39957
304,158,-1.000272,40052
305,158,1.068693,40197
305,159,-0.98025,40252
305,160,-0.98025,40442
305,161,-1.000272,40512
305,162,-1.000272,40552
306,162,1.058207,40727
307,162,1.151329,40807
308,162,1.137397,40892
309,162,1.085539,41047
309,163,-0.98025,41087
309,164,-0.98025,41142
310,164,1.058551,41312
310,165,-1.000272,41392
311,165,1.088243,41542
311,166,-1.000272,41597
312,166,1.074916,41732
313,166,1.071156,41872
314,166,1.073802,42007
315,166,1.097767,42112
316,166,1.169004,42182
316,167,-0.98025,42242
317,167,1.079728,42367
317,168,-0.98025,42437
317,169,-1.000272,42507
318,169,1.108423,42602
319,169,1.091471,42712
319,170,-1.000272,42822
320,170,1.069011,43027
321,170,1.055283,43207
321,171,-1.000272,43262
321,172,-1.000272,43322
321,173,-1.000272,43437
322,173,1.117789,43542
323,173,1.045182,43762
323,174,-1.000272,43827
324,174,1.085975,43982
324,175,-1.000272,44097
325,175,1.084473,44217
325,176,-1.000272,44287
325,177,-1.000272,44392
325,178,-1.000272,44457
325,179,-0.98025,44512
325,180,-1.000272,44637
326,180,1.109036,44752
326,181,-1.000272,44852
326,182,-1.000272,44972
326,183,-1.000272,45157
327,183,1.082372,45282
328,183,1.059251,45452
329,183,1.11975,45552
329,184,-1.000272,45612
330,184,1.060334,45777
331,184,1.12021,45862
332,184,1.110659,45972
332,185,-1.000272,46052
333,185,1.091471,46162
333,186,-1.000272,46287
333,187,-1.000272,46342
334,187,1.123184,46427
334,188,-1.000272,46522
334,189,-0.98025,46647
335,189,1.089818,46762
336,189,1.068221,46912
336,190,-1.000272,46952
337,190,1.096815,47057
337,191,-1.000272,47132
338,191,1.07272,47272
338,192,-1.000272,47352
339,192,1.079093,47482
339,193,-0.98025,47522
340,193,1.14475,47602
341,193,1.163662,47667
342,193,1.101768,47767
343,193,1.077247,47897
343,194,-0.98025,48032
343,195,-1.000272,48097
343,196,-1.000272,48197
343,197,-0.98025,48302
344,197,1.116007,48392
344,198,-1.000272,48542
345,198,1.142585,48612
346,198,1.046897,48827
347,198,1.121679,48912
348,198,1.074999,49097
348,199,-0.98025,49182
348,200,-1.000272,49297
349,200,1.108423,49392
350,200,1.089013,49507
350,201,-1.000272,49572
350,202,-0.98025,49642
351,202,1.069172,49787
352,202,1.109618,49882
352,202,-5.448073E-05,50008
353,202,1.083061,50128
354,202,1.061839,50293
355,202,1.064244,50448
356,202,1.12076,50548
356,203,-1.000272,50613
357,203,1.080373,50738
357,204,-1.000272,50853
357,205,-0.98025,50918
357,206,-1.000272,51073
357,207,-1.000272,51108
358,207,1.081695,51233
358,208,-0.98025,51313
358,209,-1.000272,51378
358,210,-1.000272,51418
359,210,1.07593,51598
359,211,-1.000272,51798
360,211,1.12021,51883
360,212,-1.000272,51923
361,212,1.094938,52058
361,213,-1.000272,52163
362,213,1.061456,52328
362,214,-1.000272,52383
363,214,1.081862,52548
363,215,-1.000272,52668
364,215,1.083061,52788
365,215,1.12631,52868
366,215,1.066394,53018
366,216,-1.000272,53088
367,216,1.09975,53213
367,217,-1.000272,53318
367,218,-0.98025,53393
367,219,-1.000272,53453
367,220,-0.98025,53543
368,220,1.090637,53653
368,221,-1.000272,53743
369,221,1.091471,53853
369,222,-1.000272,53958
369,223,-1.000272,54033
369,224,-1.000272,54108
370,224,1.09232,54218
370,225,-0.98025,54348
371,225,1.095881,54453
371,226,-0.98025,54513
371,227,-1.000272,54583
371,228,-1.000272,54638
372,228,1.136714,54713
373,228,1.131307,54793
374,228,1.094966,54898
375,228,1.148981,54968
376,228,1.115904,55073
376,229,-1.000272,55158
376,230,-1.000272,55253
377,230,1.085198,55373
377,231,-0.98025,55448
378,231,1.049979,55648
379,231,1.083761,55768
380,231,1.112343,55878
381,231,1.110839,55968
382,231,1.07272,56108
383,231,1.151329,56188
384,231,1.136714,56263
385,231,1.073802,56398
386,231,1.14962,56478
387,231,1.099728,56578
387,232,-1.000272,56658
388,232,1.121679,56743
389,232,1.140232,56828
390,232,1.127277,56923
391,232,1.079728,57048
391,233,-0.98025,57103
392,233,1.12021,57188
393,233,1.090173,57333
394,233,1.148981,57403
395,233,1.072191,57543
396,233,1.133061,57618
397,233,1.079728,57743
397,234,-0.98025,57813
398,234,1.075485,57948
399,234,1.09849,58078
400,234,1.130861,58168
400,235,-1.000272,58203
400,236,-1.000272,58338
400,237,-0.98025,58433
401,237,1.11975,58533
402,237,1.058899,58703
403,237,1.161018,58768
403,238,-0.98025,58888
404,238,1.091471,58998
404,239,-1.000272,59068
405,239,1.099728,59168
406,239,1.140573,59243
407,239,1.101768,59343
407,240,-0.98025,59428
408,240,1.057531,59603
408,241,-1.000272,59648
409,241,1.116837,59753
409,242,-0.98025,59893
409,243,-1.000272,59973
410,243,1.103894,60073
411,243,1.096673,60203
412,243,1.144655,60273
412,244,-0.98025,60398
413,244,1.117789,60503
413,245,-1.000272,60613
414,245,1.110839,60703
415,245,1.085198,60823
415,246,-0.98025,60918
415,247,-1.000272,61063
416,247,1.092214,61203
417,247,1.131307,61283
418,247,1.117375,61368
418,248,-1.000272,61493
419,248,1.155978,61558
419,249,-0.98025,61648
420,249,1.09849,61778
421,249,1.07272,61918
421,250,-1.000272,61993
421,251,-1.000272,62033
422,251,1.116007,62123
423,251,1.100738,62223
424,251,1.089013,62338
425,251,1.192035,62393
426,251,1.10282,62493
427,251,1.068221,62643
428,251,1.116007,62733
429,251,1.086684,62848
430,251,1.063019,63008
431,251,1.078922,63178
432,251,1.148981,63248
432,252,-1.000272,63308
433,252,1.124728,63388
433,253,-0.98025,63518
433,254,-1.000272,63633
433,255,-1.000272,63723
433,256,-1.000272,63793
433,257,-1.000272,63928
433,258,-1.000272,63988
434,258,1.103894,64088
435,258,1.113364,64178
436,258,1.134863,64253
437,258,1.077247,64383
437,259,-0.98025,64433
437,260,-1.000272,64493
437,261,-1.000272,64623
438,261,1.086684,64738
439,261,1.129598,64818
440,261,1.138616,64893
440,262,-1.000272,64963
441,262,1.121679,65048
441,263,-1.000272,65133
441,264,-1.000272,65263
442,264,1.175166,65323
443,264,1.138616,65398
444,264,1.07065,65543
445,264,1.061839,65708
446,264,1.113208,65818
446,265,-0.98025,65868
447,265,1.11467,65958
447,266,-0.98025,66018
448,266,1.100738,66118
448,267,-1.000272,66198
449,267,1.077853,66328
450,267,1.079093,66458
450,268,-1.000272,66558
451,268,1.112087,66648
452,268,1.127933,66728
453,268,1.201568,66783
454,268,1.186417,66843
454,269,-1.000272,66883
455,269,1.124728,66963
456,269,1.045599,67183
457,269,1.083061,67303
458,269,1.086684,67418
459,269,1.084473,67538
460,269,1.11876,67643
461,269,1.118775,67728
461,270,-1.000272,67818
462,270,1.171265,67888
463,270,1.110659,67998
463,271,-0.98025,68063
464,271,1.108246,68178
465,271,1.10282,68278
466,271,1.158458,68343
467,271,1.099728,68443
467,272,-0.98025,68503
467,273,-1.000272,68558
468,273,1.113208,68668
468,274,-0.98025,68723
469,274,1.107255,68818
470,274,1.121679,68903
471,274,1.10522,69023
472,274,1.085198,69143
472,275,-1.000272,69203
472,276,-1.000272,69293
473,276,1.125013,69388
473,277,-1.000272,69513
473,278,-1.000272,69608
474,278,1.081695,69733
475,278,1.134863,69808
476,278,1.12964,69903
476,279,-1.000272,69958
476,280,-1.000272,70018
476,281,-0.98025,70153
477,281,1.111493,70263
478,281,1.089818,70378
479,281,1.134863,70453
480,281,1.081695,70578
480,282,-0.98025,70713
481,282,1.099728,70813
482,282,1.122843,70913
483,282,1.123917,71013
483,283,-1.000272,71083
484,283,1.110659,71193
485,283,1.158458,71258
485,284,-1.000272,71318
485,285,-1.000272,71393
486,285,1.089013,71508
487,285,1.104991,71603
487,286,-1.000272,71833
488,286,1.155978,71898
489,286,1.073802,72033
490,286,1.133386,72123
490,287,-1.000272,72173
491,287,1.134863,72248
492,287,1.094966,72353
493,287,1.095881,72458
493,288,-1.000272,72558
494,288,1.121679,72643
494,289,-0.98025,72698
495,289,1.171265,72768
496,289,1.085935,72888
496,290,-0.98025,72953
497,290,1.058207,73128
498,290,1.096815,73233
499,290,1.108423,73328
499,291,-1.000272,73393
500,291,1.097767,73498
501,291,1.173596,73563
501,292,-1.000272,73618
502,292,1.098737,73723
502,293,-1.000272,73803
503,293,1.073257,73943
504,293,1.067143,74158
505,293,1.086684,74273
506,293,1.192164,74333
507,293,1.103894,74433
507,294,-1.000272,74513
508,294,1.110659,74623
508,295,-1.000272,74683
509,295,1.104991,74778
510,295,1.077247,74908
510,295,-5.448073E-05,75009
511,295,1.091179,75149
512,295,1.081028,75274
512,296,-0.98025,75334
512,297,-1.000272,75414
513,297,1.10522,75534
513,298,-1.000272,75609
514,298,1.069172,75754
514,299,-1.000272,75824
515,299,1.081478,75989
515,300,-0.98025,76079
516,300,1.096673,76209
516,301,-0.98025,76304
516,302,-1.000272,76369
516,303,-1.000272,76474
517,303,1.068693,76619
517,304,-1.000272,76754
518,304,1.075485,76889
519,304,1.089818,77004
520,304,1.077554,77179
520,305,-1.000272,77229
520,306,-1.000272,77294
520,307,-0.98025,77344
520,308,-1.000272,77474
520,309,-1.000272,77524
521,309,1.088716,77669
521,310,-1.000272,77789
521,311,-0.98025,77904
521,312,-1.000272,77989
521,313,-1.000272,78094
521,314,-0.98025,78244
521,315,-1.000272,78314
522,315,1.065087,78469
522,316,-1.000272,78524
523,316,1.081028,78649
524,316,1.049233,78854
524,317,-0.98025,78919
525,317,1.105957,79039
525,318,-1.000272,79209
525,319,-0.98025,79299
526,319,1.058207,79474
526,320,-1.000272,79534
526,321,-0.98025,79649
527,321,1.105957,79769
527,322,-1.000272,79834
527,323,-1.000272,80024
527,324,-1.000272,80184
527,325,-0.98025,80244
528,325,1.10282,80344
528,326,-0.98025,80399
528,327,-1.000272,80459
528,328,-0.98025,80524
529,328,1.068693,80669
529,329,-1.000272,80719
529,330,-1.000272,80809
529,331,-1.000272,80889
529,332,-1.000272,80944
529,333,-1.000272,81014
529,334,-1.000272,81139
530,334,1.069658,81284
530,335,-0.98025,81384
530,336,-1.000272,81489
531,336,1.076651,81619
532,336,1.067295,81769
533,336,1.066394,81919
534,336,1.108246,82034
534,337,-1.000272,82129
534,338,-1.000272,82234
535,338,1.054976,82419
536,338,1.085198,82539
536,339,-0.98025,82669
536,340,-0.98025,82714
536,341,-0.98025,82764
536,342,-1.000272,82924
536,343,-1.000272,83009
536,344,-0.98025,83124
536,345,-0.98025,83214
536,346,-1.000272,83299
537,346,1.116007,83389
538,346,1.071833,83584
539,346,1.060334,83749
539,347,-0.98025,83824
539,348,-1.000272,83884
539,349,-0.98025,83954
539,350,-1.000272,84024
539,351,-1.000272,84084
540,351,1.105957,84204
540,352,-1.000272,84239
540,353,-1.000272,84314
540,354,-1.000272,84379
540,355,-0.98025,84444
540,356,-1.000272,84569
541,356,1.055907,84749
542,356,1.059969,84919
542,357,-0.98025,84974
543,357,1.098737,85079
544,357,1.096086,85214
544,358,-0.98025,85279
544,359,-1.000272,85349
544,360,-1.000272,85409
545,360,1.087447,85524
546,360,1.051811,85719
547,360,1.083853,85879
548,360,1.081695,86004
548,361,-0.98025,86124
548,362,-0.98025,86224
548,363,-0.98025,86319
548,364,-0.98025,86444
548,365,-1.000272,86579
548,366,-1.000272,86654
548,367,-1.000272,86714
549,367,1.07015,86859
549,368,-0.98025,86959
549,369,-1.000272,87064
549,370,-1.000272,87164
550,370,1.085198,87284
550,371,-1.000272,87334
550,372,-1.000272,87389
551,372,1.085935,87509
551,373,-1.000272,87644
552,373,1.083761,87764
552,374,-1.000272,87834
552,375,-0.98025,87914
553,375,1.064244,88069
554,375,1.085198,88189
554,376,-1.000272,88249
555,376,1.069501,88454
555,377,-0.98025,88549
555,378,-1.000272,88619
555,379,-1.000272,88679
555,380,-1.000272,88724
556,380,1.086864,88874
556,381,-1.000272,88944
556,382,-1.000272,89004
557,382,1.065953,89159
557,383,-1.000272,89264
557,384,-1.000272,89364
558,384,1.086684,89479
559,384,1.07065,89624
560,384,1.110839,89714
560,385,-1.000272,89779
561,385,1.103083,89899
562,385,1.063019,90059
563,385,1.087447,90174
563,386,-1.000272,90224
564,386,1.121791,90324
564,387,-1.000272,90414
564,388,-0.98025,90459
564,389,-1.000272,90604
564,390,-0.98025,90684
564,391,-0.98025,90794
564,392,-1.000272,90849
565,392,1.051541,91044
566,392,1.063019,91204
566,393,-0.98025,91279
567,393,1.062621,91439
567,394,-1.000272,91564
567,395,-1.000272,91649
567,396,-1.000272,91729
567,397,-1.000272,91829
567,398,-0.98025,91879
567,399,-1.000272,91924
568,399,1.12964,92019
568,400,-1.000272,92134
569,400,1.104991,92229
570,400,1.059608,92399
570,401,-1.000272,92494
571,401,1.084473,92614
572,401,1.053204,92804
573,401,1.101051,92929
574,401,1.083761,93049
574,402,-0.98025,93199
574,403,-1.000272,93304
574,404,-1.000272,93404
574,405,-1.000272,93454
575,405,1.064393,93679
575,406,-1.000272,93769
575,407,-0.98025,93829
575,408,-1.000272,93939
576,408,1.115904,94044
576,409,-1.000272,94139
577,409,1.083061,94259
578,409,1.074355,94394
579,409,1.062621,94554
580,409,1.077853,94684
580,410,-1.000272,94739
580,411,-1.000272,94854
580,412,-1.000272,94919
580,413,-1.000272,95014
581,413,1.086684,95129
581,414,-0.98025,95234
581,415,-1.000272,95374
582,415,1.048271,95584
582,416,-0.98025,95679
582,417,-0.98025,95764
583,417,1.11876,95869
583,418,-1.000272,95929
583,419,-1.000272,95974
583,420,-0.98025,96089
584,420,1.113208,96199
585,420,1.088243,96349
585,421,-1.000272,96444
585,422,-1.000272,96504
585,423,-0.98025,96584
586,423,1.07167,96724
587,423,1.108423,96819
587,424,-1.000272,96954
587,425,-1.000272,97049
587,426,-1.000272,97109
587,427,-1.000272,97169
588,427,1.107255,97264
588,428,-0.98025,97364
589,428,1.125013,97459
590,428,1.051274,97654
590,429,-1.000272,97739
591,429,1.092743,97879
591,430,-1.000272,97959
591,431,-0.98025,98024
592,431,1.121791,98124
592,432,-0.98025,98184
592,433,-0.98025,98284
593,433,1.10984,98399
594,433,1.097875,98529
594,434,-0.98025,98574
594,435,-0.98025,98654
594,436,-1.000272,98794
595,436,1.050489,98994
595,437,-1.000272,99024
596,437,1.095881,99129
597,437,1.049728,99329
597,438,-1.000272,99449
597,439,-1.000272,99544
597,440,-0.98025,99679
597,441,-1.000272,99789
597,442,-1.000272,99869
598,442,1.09975,99994
598,442,-5.448073E-05,100010
598,443,-1.000272,100150
599,443,1.055593,100330
599,444,-1.000272,100525
599,445,-1.000272,100625
599,446,-0.98025,100660
599,447,-1.000272,100755
599,448,-0.98025,100885
599,449,-1.000272,101095
599,450,-1.000272,101165
600,450,1.091692,101305
601,450,1.083041,101465
601,451,-1.000272,101525
601,452,-0.98025,101640
601,453,-1.000272,101745
602,453,1.045182,101965
603,453,1.061591,102205
603,454,-1.000272,102305
603,455,-1.000272,102505
603,456,-1.000272,102695
604,456,1.080726,102860
605,456,1.083444,103020
605,457,-1.000272,103165
606,457,1.101717,103290
607,457,1.081478,103455
607,458,-0.98025,103640
607,459,-0.98025,103715
607,460,-1.000272,103835
607,461,-1.000272,103900
607,462,-0.98025,104015
608,462,1.083853,104175
609,462,1.050489,104375
609,463,-1.000272,104470
609,464,-0.98025,104550
609,465,-1.000272,104685
609,466,-1.000272,104790
609,467,-0.98025,104870
609,468,-1.000272,104990
609,469,-0.98025,105050
609,470,-0.98025,105115
609,471,-1.000272,105175
610,471,1.056546,105355
610,472,-1.000272,105420
610,473,-1.000272,105505
610,474,-1.000272,105560
610,475,-0.98025,105710
610,476,-1.000272,105830
611,476,1.10522,105950
611,477,-1.000272,106145
611,478,-1.000272,106355
611,479,-1.000272,106415
611,480,-1.000272,106480
611,481,-1.000272,106565
611,482,-1.000272,106625
612,482,1.107469,106740
612,483,-0.98025,106780
613,483,1.059251,106950
614,483,1.054976,107135
614,484,-1.000272,107200
615,484,1.103083,107320
616,484,1.058899,107490
616,485,-1.000272,107590
616,486,-1.000272,107645
616,487,-1.000272,107715
616,488,-1.000272,107760
617,488,1.057199,107935
617,489,-1.000272,108040
617,490,-0.98025,108135
617,491,-1.000272,108315
618,491,1.076651,108445
618,492,-1.000272,108570
619,492,1.077247,108700
620,492,1.070001,108900
621,492,1.068693,109045
621,493,-1.000272,109125
621,494,-0.98025,109285
621,495,-0.98025,109415
621,496,-1.000272,109470
621,497,-0.98025,109550
621,498,-1.000272,109630
622,498,1.078922,109800
622,499,-1.000272,109850
622,500,-1.000272,109940
623,500,1.07963,110110
624,500,1.079728,110235
625,500,1.099115,110365
625,501,-0.98025,110415
625,502,-0.98025,110480
626,502,1.085109,110635
627,502,1.081695,110760
627,503,-0.98025,110905
627,504,-1.000272,110985
627,505,-1.000272,111095
628,505,1.077247,111225
628,506,-0.98025,111280
628,507,-0.98025,111415
629,507,1.082372,111540
629,508,-1.000272,111585
629,509,-1.000272,111665
629,510,-1.000272,111795
630,510,1.101768,111895
630,511,-1.000272,112025
631,511,1.062228,112185
632,511,1.055593,112365
633,511,1.066842,112515
633,512,-0.98025,112580
634,512,1.061077,112745
635,512,1.073802,112880
635,513,-0.98025,113000
636,513,1.083061,113120
636,514,-0.98025,113270
637,514,1.067295,113420
637,515,-1.000272,113540
637,516,-1.000272,113665
637,517,-0.98025,113755
637,518,-1.000272,113840
638,518,1.065517,113995
639,518,1.036358,114270
640,518,1.067755,114420
640,519,-1.000272,114530
641,519,1.076064,114665
642,519,1.071032,114860
642,520,-1.000272,114970
642,521,-1.000272,115095
642,522,-1.000272,115160
642,523,-0.98025,115300
642,524,-0.98025,115340
643,524,1.058899,115510
643,525,-1.000272,115600
643,526,-0.98025,115695
643,527,-1.000272,115775
643,528,-1.000272,115870
644,528,1.068693,116015
645,528,1.103784,116135
645,529,-0.98025,116195
645,530,-1.000272,116250
645,531,-1.000272,116390
645,532,-1.000272,116470
645,533,-1.000272,116540
645,534,-0.98025,116700
645,535,-0.98025,116835
645,536,-1.000272,116925
645,537,-0.98025,117040
645,538,-1.000272,117170
646,538,1.083444,117330
646,539,-1.000272,117410
646,540,-1.000272,117485
646,541,-0.98025,117570
646,542,-1.000272,117700
647,542,1.082372,117825
648,542,1.094067,117935
649,542,1.065953,118090
650,542,1.065087,118245
651,542,1.091471,118355
651,543,-0.98025,118450
651,544,-1.000272,118515
652,544,1.064244,118670
653,544,1.069658,118815
653,545,-1.000272,118890
654,545,1.054976,119075
654,546,-0.98025,119175
655,546,1.07593,119355
655,547,-0.98025,119445
655,548,-1.000272,119500
656,548,1.064244,119655
656,549,-1.000272,119770
657,549,1.061839,119935
657,550,-1.000272,120040
657,551,-1.000272,120100
657,552,-1.000272,120165
657,553,-1.000272,120310
658,553,1.065953,120465
659,553,1.04105,120710
660,553,1.105957,120830
660,554,-1.000272,120890
660,555,-1.000272,121030
660,556,-0.98025,121115
661,556,1.100395,121240
661,557,-0.98025,121345
662,557,1.068693,121490
663,557,1.09849,121620
664,557,1.07167,121760
665,557,1.067143,121975
666,557,1.07015,122120
667,557,1.10522,122240
667,558,-1.000272,122375
668,558,1.074098,122560
668,559,-0.98025,122625
668,560,-0.98025,122665
668,561,-1.000272,122810
669,561,1.074355,122945
669,562,-1.000272,123080
670,562,1.077247,123210
671,562,1.087777,123360
672,562,1.097767,123465
673,562,1.067295,123615
673,563,-1.000272,123730
673,564,-1.000272,123770
673,565,-1.000272,123830
673,566,-1.000272,123935
673,567,-0.98025,124055
674,567,1.065953,124210
675,567,1.081695,124335
676,567,1.07272,124475
676,568,-0.98025,124530
676,569,-0.98025,124655
676,570,-1.000272,124740
677,570,1.069172,124885
677,571,-0.98025,124955
677,572,-1.000272,125000
677,572,-5.448073E-05,125011
677,573,-1.000272,125091
678,573,1.077247,125221
679,573,1.053782,125406
679,574,-0.98025,125546
679,575,-1.000272,125676
679,576,-1.000272,125831
680,576,1.087447,125946
680,577,-1.000272,126041
681,577,1.057199,126216
681,578,-1.000272,126281
681,579,-1.000272,126346
681,580,-1.000272,126431
681,581,-1.000272,126521
681,582,-1.000272,126651
682,582,1.059251,126821
682,583,-0.98025,126886
683,583,1.105957,127006
684,583,1.048037,127216
684,584,-1.000272,127361
685,584,1.074355,127496
685,585,-1.000272,127586
685,586,-1.000272,127721
685,587,-1.000272,127796
686,587,1.066842,127946
686,588,-1.000272,128071
686,589,-1.000272,128146
686,590,-1.000272,128276
686,591,-1.000272,128331
687,591,1.064663,128486
687,592,-1.000272,128546
687,593,-1.000272,128696
687,594,-0.98025,128831
687,595,-1.000272,128881
687,596,-1.000272,129001
687,597,-1.000272,129146
687,598,-0.98025,129196
687,599,-1.000272,129266
687,600,-1.000272,129321
688,600,1.078468,129451
688,601,-1.000272,129521
688,602,-0.98025,129571
688,603,-1.000272,129766
688,604,-0.98025,129856
688,605,-0.98025,129956
688,606,-1.000272,130141
688,607,-1.000272,130281
689,607,1.05101,130476
689,608,-1.000272,130606
689,609,-1.000272,130736
690,609,1.071156,130876
691,609,1.097269,131006
691,610,-1.000272,131086
692,610,1.094966,131191
693,610,1.102395,131316
694,610,1.069172,131461
694,611,-1.000272,131606
695,611,1.048989,131811
696,611,1.084473,131931
697,611,1.086684,132046
698,611,1.069658,132191
698,612,-1.000272,132236
698,613,-0.98025,132301
698,614,-1.000272,132356
698,615,-1.000272,132446
698,616,-1.000272,132511
698,617,-1.000272,132636
698,618,-0.98025,132741
699,618,1.076064,132876
699,619,-0.98025,133021
699,620,-1.000272,133131
700,620,1.063422,133291
700,621,-0.98025,133366
700,622,-1.000272,133471
701,622,1.068059,133681
702,622,1.052084,133876
702,623,-0.98025,133936
702,624,-1.000272,134026
703,624,1.048989,134231
703,625,-0.98025,134341
703,626,-1.000272,134426
703,627,-1.000272,134551
703,628,-1.000272,134601
703,629,-0.98025,134731
703,630,-1.000272,134791
704,630,1.058899,134961
704,631,-1.000272,135096
704,632,-0.98025,135151
705,632,1.052638,135341
706,632,1.076568,135521
707,632,1.07065,135666
707,633,-1.000272,135811
708,633,1.077247,135941
708,634,-0.98025,136066
708,635,-0.98025,136146
708,636,-0.98025,136201
708,637,-1.000272,136271
709,637,1.059251,136441
709,638,-1.000272,136506
709,639,-1.000272,136666
710,639,1.077247,136796
710,640,-0.98025,136981
710,641,-0.98025,137076
710,642,-1.000272,137211
711,642,1.060334,137376
712,642,1.077221,137551
712,643,-0.98025,137636
713,643,1.075485,137771
714,643,1.059608,137941
714,644,-0.98025,138066
714,645,-1.000272,138131
714,646,-1.000272,138226
715,646,1.074355,138361
715,647,-1.000272,138491
716,647,1.066842,138641
716,648,-1.000272,138796
716,649,-1.000272,138946
716,650,-0.98025,139086
717,650,1.068221,139236
717,651,-1.000272,139316
717,652,-1.000272,139391
718,652,1.060703,139556
718,653,-0.98025,139656
719,653,1.060334,139821
719,654,-1.000272,139936
719,655,-1.000272,139981
720,655,1.073257,140121
720,656,-1.000272,140256
721,656,1.074355,140391
721,657,-1.000272,140486
722,657,1.069172,140631
722,658,-1.000272,140706
722,659,-0.98025,140761
722,660,-0.98025,140821
723,660,1.080726,140986
723,661,-0.98025,141061
723,662,-0.98025,141181
723,663,-1.000272,141271
723,664,-1.000272,141356
723,665,-1.000272,141481
723,666,-0.98025,141606
724,666,1.066394,141756
725,666,1.097269,141886
725,667,-0.98025,142016
726,667,1.069658,142161
726,668,-1.000272,142266
726,669,-0.98025,142346
726,670,-1.000272,142461
726,671,-0.98025,142536
726,672,-1.000272,142671
727,672,1.065953,142826
727,673,-1.000272,142931
727,674,-1.000272,143071
727,675,-0.98025,143321
727,676,-1.000272,143481
727,677,-1.000272,143601
727,678,-0.98025,143676
728,678,1.092743,143816
728,679,-1.000272,143891
728,680,-1.000272,143951
728,681,-0.98025,144031
728,682,-1.000272,144166
729,682,1.081028,144291
729,683,-0.98025,144381
729,684,-1.000272,144576
729,685,-1.000272,144656
729,686,-0.98025,144716
729,687,-0.98025,144766
729,688,-0.98025,144856
729,689,-1.000272,145026
729,690,-0.98025,145101
729,691,-0.98025,145216
730,691,1.074916,145351
731,691,1.062621,145511
731,692,-1.000272,145631
732,692,1.066842,145781
732,693,-1.000272,145861
732,694,-0.98025,145976
732,695,-0.98025,146146
732,696,-0.98025,146216
732,697,-1.000272,146351
733,697,1.075485,146486
734,697,1.070001,146686
734,698,-0.98025,146756
734,699,-1.000272,146861
734,700,-0.98025,146941
735,700,1.09849,147071
735,701,-1.000272,147161
735,702,-1.000272,147306
735,703,-0.98025,147416
736,703,1.088223,147531
736,704,-0.98025,147696
736,705,-1.000272,147776
737,705,1.086864,147926
737,706,-0.98025,148091
737,707,-1.000272,148306
737,708,-1.000272,148456
737,709,-0.98025,148536
737,710,-1.000272,148641
738,710,1.060703,148806
738,711,-1.000272,148866
739,711,1.079728,148991
739,712,-1.000272,149166
739,713,-0.98025,149291
740,713,1.091179,149431
741,713,1.079274,149601
741,714,-1.000272,149671
742,714,1.049979,149871
742,714,0.00395,150012
743,714,1.076893,150187
744,714,1.050748,150387
744,715,-0.98025,150462
744,716,-1.000272,150552
745,716,1.075485,150687
746,716,1.063019,150847
746,717,-0.98025,151052
746,718,-1.000272,151127
746,719,-1.000272,151247
746,720,-0.98025,151357
747,720,1.059608,151527
747,721,-1.000272,151657
747,722,-0.98025,151762
747,723,-1.000272,151837
747,724,-1.000272,151962
748,724,1.081695,152087
748,725,-1.000272,152192
748,726,-1.000272,152252
748,727,-0.98025,152352
748,728,-1.000272,152472
748,729,-1.000272,152572
748,730,-1.000272,152742
748,731,-0.98025,152892
749,731,1.057199,153067
749,732,-0.98025,153217
749,733,-1.000272,153297
750,733,1.067755,153447
750,734,-1.000272,153522
750,735,-1.000272,153562
750,736,-0.98025,153647
751,736,1.066842,153797
752,736,1.056225,153977
753,736,1.068221,154127
754,736,1.057199,154302
755,736,1.094377,154437
755,737,-1.000272,154557
755,738,-1.000272,154677
756,738,1.042463,154912
756,739,-1.000272,155022
756,740,-1.000272,155112
756,741,-1.000272,155267
756,742,-0.98025,155342
757,742,1.089013,155457
757,743,-1.000272,155527
757,744,-1.000272,155672
758,744,1.083761,155792
758,745,-1.000272,155917
758,746,-1.000272,156057
758,747,-1.000272,156177
759,747,1.055283,156357
759,748,-1.000272,156447
759,749,-0.98025,156587
760,749,1.060703,156752
760,750,-1.000272,156822
760,751,-1.000272,156957
761,751,1.053204,157147
761,752,-0.98025,157312
761,753,-0.98025,157437
761,754,-0.98025,157517
762,754,1.067295,157667
762,755,-1.000272,157787
763,755,1.065953,157942
764,755,1.059251,158112
764,756,-1.000272,158167
764,757,-0.98025,158287
764,758,-1.000272,158352
765,758,1.080356,158517
765,759,-1.000272,158607
765,760,-1.000272,158742
765,761,-1.000272,158857
765,762,-1.000272,158992
765,763,-1.000272,159127
765,764,-1.000272,159257
765,765,-1.000272,159327
765,766,-0.98025,159407
765,767,-1.000272,159482
765,768,-0.98025,159622
766,768,1.061839,159787
767,768,1.087318,159937
768,768,1.059969,160107
768,769,-1.000272,160222
768,770,-0.98025,160317
769,770,1.050233,160517
769,771,-1.000272,160582
769,772,-1.000272,160647
770,772,1.074916,160782
770,773,-1.000272,160922
771,773,1.072191,161062
771,774,-0.98025,161197
772,774,1.05687,161372
773,774,1.076568,161552
773,775,-0.98025,161607
773,776,-1.000272,161717
773,777,-1.000272,161787
774,777,1.09849,161917
774,778,-0.98025,161977
775,778,1.087777,162127
775,779,-1.000272,162287
775,780,-0.98025,162412
776,780,1.054673,162597
776,781,-1.000272,162742
776,782,-0.98025,162842
777,782,1.069658,162987
777,783,-0.98025,163067
777,784,-1.000272,163197
777,785,-0.98025,163307
777,786,-1.000272,163482
777,787,-0.98025,163612
777,788,-1.000272,163687
778,788,1.07015,163832
778,789,-1.000272,163932
779,789,1.083853,164092
780,789,1.073802,164227
780,790,-1.000272,164287
781,790,1.07272,164427
781,791,-0.98025,164542
781,792,-0.98025,164667
782,792,1.0811,164832
782,793,-1.000272,164962
783,793,1.067295,165112
783,794,-1.000272,165217
784,794,1.092743,165357
784,795,-1.000272,165482
784,796,-1.000272,165592
785,796,1.066842,165742
786,796,1.094377,165877
786,797,-0.98025,165937
786,798,-1.000272,166017
786,799,-1.000272,166157
786,800,-0.98025,166252
787,800,1.067755,166402
787,801,-0.98025,166532
787,802,-1.000272,166592
787,803,-1.000272,166682
788,803,1.066842,166832
788,804,-1.000272,166902
788,805,-0.98025,166972
788,806,-1.000272,167072
788,807,-1.000272,167177
788,808,-1.000272,167302
788,809,-1.000272,167377
789,809,1.076064,167512
789,810,-0.98025,167597
789,811,-1.000272,167657
789,812,-1.000272,167802
789,813,-1.000272,167892
790,813,1.061077,168057
790,814,-0.98025,168122
791,814,1.077554,168297
792,814,1.065517,168452
792,815,-0.98025,168527
792,816,-1.000272,168602
793,816,1.066262,168817
794,816,1.069172,168962
794,817,-0.98025,169017
794,818,-1.000272,169092
794,819,-0.98025,169247
795,819,1.081695,169372
796,819,1.08968,169517
796,820,-1.000272,169637
797,820,1.065087,169792
797,821,-0.98025,169877
797,822,-1.000272,169957
798,822,1.062228,170117
799,822,1.060334,170282
800,822,1.08968,170427
800,823,-1.000272,170547
800,824,-0.98025,170682
801,824,1.065953,170837
801,825,-0.98025,170927
801,826,-1.000272,171027
802,826,1.079728,171152
803,826,1.079093,171282
804,826,1.067295,171432
804,827,-0.98025,171477
804,828,-1.000272,171547
805,828,1.059251,171717
806,828,1.076651,171847
807,828,1.069658,171992
808,828,1.068693,172137
809,828,1.080373,172262
810,828,1.078468,172392
810,829,-1.000272,172457
810,830,-1.000272,172522
810,831,-1.000272,172612
810,832,-0.98025,172772
810,833,-0.98025,172862
810,834,-0.98025,172922
811,834,1.077853,173052
811,835,-0.98025,173137
811,836,-1.000272,173277
812,836,1.064663,173432
812,837,-1.000272,173487
813,837,1.073802,173622
814,837,1.056546,173802
814,838,-1.000272,173877
815,838,1.082372,174002
816,838,1.097875,174132
816,839,-0.98025,174197
817,839,1.060703,174362
817,840,-0.98025,174442
817,841,-1.000272,174522
818,841,1.084473,174642
818,842,-0.98025,174702
818,843,-0.98025,174832
818,844,-1.000272,174897
818,844,0.00395,175013
818,845,-0.98025,175133
818,846,-1.000272,175298
818,847,-1.000272,175408
819,847,1.059969,175578
819,848,-1.000272,175668
819,849,-0.98025,175823
819,850,-0.98025,175953
819,851,-0.98025,176018
819,852,-1.000272,176143
820,852,1.063019,176303
820,853,-0.98025,176478
821,853,1.08968,176623
822,853,1.080373,176748
822,854,-1.000272,176888
822,855,-0.98025,177023
823,855,1.099115,177153
823,856,-1.000272,177238
823,857,-1.000272,177368
823,858,-1.000272,177498
824,858,1.051811,177693
825,858,1.065517,177848
826,858,1.058899,178018
827,858,1.075485,178153
827,859,-0.98025,178248
827,860,-0.98025,178338
827,861,-0.98025,178423
828,861,1.091179,178563
828,862,-0.98025,178643
829,862,1.074355,178778
829,863,-1.000272,178843
829,864,-0.98025,178988
830,864,1.075485,179123
830,865,-1.000272,179258
830,866,-0.98025,179303
831,866,1.087318,179453
831,867,-0.98025,179503
832,867,1.072191,179643
833,867,1.067295,179793
833,868,-1.000272,179858
833,869,-1.000272,180003
834,869,1.077853,180133
835,869,1.058207,180308
836,869,1.064244,180463
837,869,1.055593,180643
837,870,-1.000272,180738
837,871,-1.000272,180883
838,871,1.07065,181028
839,871,1.093279,181168
839,872,-1.000272,181233
840,872,1.059251,181403
840,873,-0.98025,181463
840,874,-0.98025,181558
840,875,-0.98025,181608
840,876,-1.000272,181693
840,877,-1.000272,181773
840,878,-1.000272,181838
841,878,1.061839,182003
841,879,-1.000272,182113
841,880,-1.000272,182183
842,880,1.074916,182318
842,881,-1.000272,182463
842,882,-1.000272,182548
842,883,-0.98025,182668
843,883,1.069658,182813
843,884,-1.000272,182898
844,884,1.068221,183048
844,885,-1.000272,183128
845,885,1.086684,183243
846,885,1.081695,183368
847,885,1.100395,183493
847,886,-1.000272,183613
847,887,-1.000272,183723
847,888,-0.98025,183858
848,888,1.074395,184043
848,889,-1.000272,184128
848,890,-0.98025,184263
848,891,-0.98025,184383
848,892,-1.000272,184463
849,892,1.065087,184618
849,893,-0.98025,184708
850,893,1.097269,184838
850,894,-0.98025,184903
850,895,-0.98025,184968
851,895,1.068693,185113
852,895,1.081478,185278
852,896,-0.98025,185343
852,897,-0.98025,185408
853,897,1.078468,185538
853,898,-0.98025,185593
854,898,1.079991,185763
855,898,1.087318,185913
855,899,-1.000272,185973
856,899,1.072191,186113
857,899,1.09849,186243
857,900,-1.000272,186308
857,901,-1.000272,186398
857,902,-0.98025,186463
857,903,-0.98025,186533
857,904,-0.98025,186608
857,905,-1.000272,186683
857,906,-0.98025,186758
858,906,1.064244,186913
858,907,-0.98025,186963
859,907,1.091471,187073
859,908,-1.000272,187163
859,909,-1.000272,187253
860,909,1.084685,187408
860,910,-1.000272,187488
861,910,1.071156,187628
861,911,-0.98025,187698
862,911,1.059608,187868
862,912,-0.98025,188028
863,912,1.07167,188168
863,913,-0.98025,188243
863,914,-1.000272,188318
864,914,1.066394,188468
864,915,-1.000272,188583
864,916,-0.98025,188633
864,917,-0.98025,188753
865,917,1.082372,188878
865,918,-0.98025,188963
865,919,-1.000272,189123
865,920,-1.000272,189308
865,921,-0.98025,189438
865,922,-1.000272,189573
865,923,-1.000272,189678
866,923,1.064663,189833
867,923,1.06383,189993
867,924,-0.98025,190068
868,924,1.062621,190228
868,925,-0.98025,190293
869,925,1.064593,190518
870,925,1.053491,190708
871,925,1.056546,190888
872,925,1.056225,191068
873,925,1.096086,191203
874,925,1.066842,191353
875,925,1.103083,191473
876,925,1.096673,191603
876,926,-1.000272,191743
877,926,1.075485,191878
877,927,-0.98025,191943
877,928,-1.000272,192033
877,929,-1.000272,192218
877,930,-1.000272,192363
877,931,-0.98025,192488
878,931,1.100395,192613
878,932,-1.000272,192703
879,932,1.07015,192848
879,933,-0.98025,192938
880,933,1.054075,193123
881,933,1.092743,193263
882,933,1.055593,193443
882,934,-1.000272,193568
883,934,1.070511,193768
883,935,-1.000272,193903
883,936,-0.98025,193963
883,937,-1.000272,194103
883,938,-0.98025,194183
883,939,-0.98025,194253
883,940,-0.98025,194343
883,941,-0.98025,194493
883,942,-0.98025,194558
883,943,-1.000272,194688
884,943,1.072191,194828
884,944,-1.000272,194963
884,945,-1.000272,195088
885,945,1.065953,195243
885,946,-1.000272,195323
886,946,1.081695,195448
887,946,1.061839,195613
888,946,1.065953,195768
888,947,-1.000272,195823
889,947,1.074916,195958
890,947,1.063422,196118
891,947,1.07015,196263
891,948,-0.98025,196343
891,949,-1.000272,196453
892,949,1.062228,196613
893,949,1.052919,196803
893,950,-1.000272,196933
894,950,1.06383,197093
895,950,1.07065,197238
896,950,1.054673,197423
897,950,1.08968,197568
897,951,-1.000272,197638
897,952,-0.98025,197698
897,953,-0.98025,197813
898,953,1.066394,197963
898,954,-1.000272,198043
899,954,1.065087,198198
899,955,-1.000272,198263
900,955,1.09849,198393
900,956,-1.000272,198458
901,956,1.079274,198628
901,957,-1.000272,198743
901,958,-0.98025,198843
901,959,-1.000272,198963
901,960,-0.98025,199083
901,961,-1.000272,199203
901,962,-1.000272,199283
901,963,-0.98025,199363
901,964,-1.000272,199428
901,965,-1.000272,199533
902,965,1.069658,199678
902,966,-0.98025,199773
903,966,1.068693,199918
903,966,-5.448073E-05,200014
904,966,1.077221,200189
905,966,1.081478,200354
905,967,-1.000272,200489
905,968,-1.000272,200549
905,969,-1.000272,200619
905,970,-0.98025,200684
905,971,-0.98025,200744
905,972,-1.000272,200829
906,972,1.080356,200994
907,972,1.067755,201144
908,972,1.07065,201289
908,973,-1.000272,201359
908,974,-1.000272,201454
908,975,-1.000272,201594
909,975,1.067755,201744
909,976,-0.98025,201929
909,977,-1.000272,201999
909,978,-0.98025,202089
909,979,-0.98025,202199
910,979,1.067295,202349
910,980,-1.000272,202479
911,980,1.074355,202614
911,981,-0.98025,202709
911,982,-1.000272,202809
911,983,-1.000272,202884
911,984,-0.98025,202984
912,984,1.065087,203139
912,985,-1.000272,203299
913,985,1.080373,203424
913,986,-1.000272,203504
913,987,-1.000272,203629
914,987,1.081862,203794
914,988,-1.000272,203919
914,989,-1.000272,203984
915,989,1.093279,204124
915,990,-0.98025,204184
915,991,-0.98025,204309
915,992,-0.98025,204389
916,992,1.078922,204559
917,992,1.066842,204709
918,992,1.068693,204854
918,993,-0.98025,205014
918,994,-0.98025,205074
918,995,-1.000272,205219
918,996,-1.000272,205279
918,997,-1.000272,205399
918,998,-1.000272,205544
918,999,-1.000272,205599
918,1000,-1.000272,205714
919,1000,1.064663,205869
919,1001,-0.98025,205994
919,1002,-0.98025,206059
919,1003,-1.000272,206144
919,1004,-1.000272,206264
919,1005,-0.98025,206339
920,1005,1.093279,206479
920,1006,-0.98025,206574
921,1006,1.071156,206714
921,1007,-0.98025,206794
922,1007,1.049979,206994
922,1008,-1.000272,207119
922,1009,-0.98025,207199
922,1010,-0.98025,207324
923,1010,1.054075,207509
923,1011,-1.000272,207589
923,1012,-0.98025,207644
923,1013,-1.000272,207754
924,1013,1.065953,207909
924,1014,-1.000272,207964
925,1014,1.086864,208114
926,1014,1.062621,208274
926,1015,-1.000272,208349
926,1016,-1.000272,208444
926,1017,-1.000272,208529
926,1018,-0.98025,208594
926,1019,-1.000272,208649
926,1020,-1.000272,208759
927,1020,1.073257,208899
927,1021,-1.000272,209009
927,1022,-1.000272,209094
927,1023,-1.000272,209199
928,1023,1.076893,209374
929,1023,1.099115,209504
930,1023,1.062621,209664
931,1023,1.07167,209804
931,1024,-1.000272,209899
932,1024,1.07167,210039
933,1024,1.07065,210184
933,1025,-1.000272,210349
933,1026,-1.000272,210419
934,1026,1.081028,210544
935,1026,1.073802,210679
935,1027,-0.98025,210759
935,1028,-1.000272,210904
935,1029,-1.000272,210984
935,1030,-0.98025,211094
935,1031,-0.98025,211174
935,1032,-1.000272,211254
935,1033,-1.000272,211319
935,1034,-0.98025,211444
935,1035,-0.98025,211504
935,1036,-1.000272,211639
936,1036,1.052084,211834
936,1037,-0.98025,212039
936,1038,-0.98025,212104
936,1039,-0.98025,212179
936,1040,-1.000272,212334
936,1041,-0.98025,212484
936,1042,-0.98025,212569
936,1043,-0.98025,212689
936,1044,-1.000272,212769
937,1044,1.067755,212919
937,1045,-0.98025,212994
937,1046,-0.98025,213154
938,1046,1.075485,213289
938,1047,-1.000272,213379
938,1048,-0.98025,213449
939,1048,1.063422,213609
939,1049,-0.98025,213759
940,1049,1.059608,213929
941,1049,1.058899,214099
942,1049,1.096673,214229
942,1050,-0.98025,214299
943,1050,1.06383,214459
943,1051,-0.98025,214524
943,1052,-1.000272,214634
943,1053,-0.98025,214689
943,1054,-1.000272,214759
944,1054,1.073802,214894
944,1055,-0.98025,214979
944,1056,-0.98025,215039
944,1057,-1.000272,215109
944,1058,-0.98025,215319
944,1059,-1.000272,215399
945,1059,1.068221,215549
946,1059,1.08225,215709
947,1059,1.064244,215864
947,1060,-0.98025,215949
947,1061,-1.000272,216059
948,1061,1.058899,216229
949,1061,1.072191,216369
949,1062,-1.000272,216449
950,1062,1.097269,216579
950,1063,-0.98025,216759
951,1063,1.074355,216894
951,1064,-1.000272,217049
951,1065,-0.98025,217114
952,1065,1.078468,217244
952,1066,-0.98025,217344
953,1066,1.059608,217514
954,1066,1.074355,217649
954,1067,-1.000272,217799
955,1067,1.073802,217934
955,1068,-0.98025,218059
955,1069,-0.98025,218179
955,1070,-1.000272,218319
955,1071,-1.000272,218414
955,1072,-0.98025,218509
955,1073,-1.000272,218594
955,1074,-1.000272,218664
955,1075,-0.98025,218744
955,1076,-0.98025,218829
955,1077,-0.98025,218924
955,1078,-1.000272,219004
956,1078,1.072191,219144
956,1079,-0.98025,219284
957,1079,1.087777,219434
957,1080,-1.000272,219514
958,1080,1.094377,219649
958,1081,-0.98025,219794
959,1081,1.058551,219964
959,1082,-0.98025,220034
959,1083,-0.98025,220179
959,1084,-1.000272,220309
959,1085,-1.000272,220414
959,1086,-1.000272,220484
959,1087,-0.98025,220539
959,1088,-1.000272,220599
960,1088,1.07065,220744
960,1089,-1.000272,220874
960,1090,-1.000272,220929
960,1091,-1.000272,220984
960,1092,-0.98025,221084
960,1093,-1.000272,221149
960,1094,-1.000272,221279
960,1095,-1.000272,221409
961,1095,1.061456,221574
961,1096,-1.000272,221649
961,1097,-1.000272,221729
961,1098,-1.000272,221869
961,1099,-1.000272,221934
961,1100,-0.98025,222079
961,1101,-1.000272,222154
962,1101,1.090173,222299
963,1101,1.072191,222439
964,1101,1.08968,222584
964,1102,-1.000272,222694
964,1103,-0.98025,222764
964,1104,-0.98025,222849
964,1105,-0.98025,222944
965,1105,1.07015,223089
966,1105,1.072191,223229
966,1106,-0.98025,223314
966,1107,-0.98025,223454
966,1108,-0.98025,223544
967,1108,1.07065,223689
968,1108,1.07167,223829
968,1109,-1.000272,223889
968,1110,-1.000272,223954
968,1111,-1.000272,224034
969,1111,1.066394,224184
969,1112,-0.98025,224254
969,1113,-0.98025,224354
969,1114,-1.000272,224474
970,1114,1.066479,224689
971,1114,1.065953,224844
971,1115,-0.98025,224999
971,1115,0.00395,225015
972,1115,1.091692,225155
972,1116,-1.000272,225295
973,1116,1.060703,225460
973,1117,-1.000272,225600
974,1117,1.072191,225740
974,1118,-0.98025,225835
974,1119,-1.000272,225890
974,1120,-1.000272,225955
974,1121,-1.000272,226075
975,1121,1.084266,226230
975,1122,-0.98025,226365
976,1122,1.064663,226520
976,1123,-1.000272,226645
976,1124,-1.000272,226710
976,1125,-0.98025,226770
977,1125,1.079093,226900
977,1126,-1.000272,226960
977,1127,-0.98025,227030
977,1128,-0.98025,227095
977,1129,-0.98025,227225
977,1130,-0.98025,227300
977,1131,-0.98025,227415
977,1132,-0.98025,227475
977,1133,-1.000272,227530
978,1133,1.054372,227715
979,1133,1.065087,227870
979,1134,-1.000272,228010
979,1135,-0.98025,228095
980,1135,1.062621,228255
980,1136,-1.000272,228325
981,1136,1.06383,228485
981,1137,-1.000272,228555
981,1138,-1.000272,228710
981,1139,-1.000272,228870
982,1139,1.062228,229030
982,1140,-0.98025,229115
983,1140,1.054372,229300
984,1140,1.059251,229470
984,1141,-1.000272,229610
985,1141,1.058207,229785
986,1141,1.073257,229925
986,1142,-0.98025,229985
986,1143,-0.98025,230060
987,1143,1.074355,230195
988,1143,1.066394,230345
988,1144,-1.000272,230460
988,1145,-0.98025,230545
988,1146,-0.98025,230645
989,1146,1.061839,230810
989,1147,-0.98025,230900
990,1147,1.09849,231030
990,1148,-0.98025,231155
990,1149,-0.98025,231280
990,1150,-0.98025,231415
990,1151,-0.98025,231500
991,1151,1.088716,231645
992,1151,1.097875,231775
992,1152,-1.000272,231900
993,1152,1.079093,232030
994,1152,1.093824,232165
994,1153,-1.000272,232275
994,1154,-1.000272,232405
994,1155,-0.98025,232485
995,1155,1.080373,232610
995,1156,-0.98025,232725
996,1156,1.075485,232860
996,1157,-1.000272,232995
996,1158,-0.98025,233065
997,1158,1.060703,233230
998,1158,1.071156,233370
999,1158,1.064663,233525
1000,1158,1.074916,233660
1001,1158,1.073802,233795
1001,1159,-0.98025,233875
1001,1160,-0.98025,233980
1001,1161,-0.98025,234060
1001,1162,-1.000272,234135
1001,1163,-0.98025,234215
1001,1164,-1.000272,234285
1001,1165,-0.98025,234395
1001,1166,-1.000272,234540
1002,1166,1.074355,234675
1002,1167,-0.98025,234755
1002,1168,-1.000272,234840
1003,1168,1.103083,234960
1004,1168,1.058207,235135
1005,1168,1.091179,235275
1006,1168,1.06383,235435
1007,1168,1.07015,235580
1008,1168,1.065517,235735
1009,1168,1.062621,235895
1010,1168,1.078468,236025
1011,1168,1.07167,236165
1011,1169,-0.98025,236285
1011,1170,-0.98025,236360
1011,1171,-0.98025,236470
1011,1172,-1.000272,236545
1011,1173,-1.000272,236635
1011,1174,-1.000272,236705
1011,1175,-1.000272,236765
1012,1175,1.062228,236925
1012,1176,-0.98025,236985
1012,1177,-0.98025,237110
1013,1177,1.056225,237290
1014,1177,1.078468,237420
1014,1178,-1.000272,237555
1014,1179,-1.000272,237680
1015,1179,1.060703,237845
1015,1180,-0.98025,237980
1015,1181,-1.000272,238070
1015,1182,-1.000272,238140
1015,1183,-0.98025,238205
1015,1184,-1.000272,238275
1015,1185,-0.98025,238365
1016,1185,1.090173,238510
1016,1186,-1.000272,238565
1017,1186,1.079093,238695
1018,1186,1.056225,238875
1019,1186,1.080356,239040
1019,1187,-1.000272,239135
1019,1188,-1.000272,239195
1020,1188,1.061456,239360
1021,1188,1.091692,239500
1021,1189,-1.000272,239565
1021,1190,-0.98025,239630
1022,1190,1.056225,239810
1023,1190,1.060334,239975
1023,1191,-1.000272,240030
1023,1192,-0.98025,240110
1023,1193,-1.000272,240180
1023,1194,-1.000272,240305
1023,1195,-0.98025,240390
1023,1196,-1.000272,240460
1023,1197,-0.98025,240550
1023,1198,-0.98025,240685
1023,1199,-1.000272,240815
1024,1199,1.062621,240975
1024,1200,-0.98025,241115
1024,1201,-0.98025,241225
1024,1202,-0.98025,241330
1025,1202,1.07015,241475
1025,1203,-1.000272,241550
1025,1204,-0.98025,241620
1025,1205,-1.000272,241770
1025,1206,-1.000272,241900
1025,1207,-0.98025,242075
1026,1207,1.067755,242225
1027,1207,1.060334,242390
1027,1208,-1.000272,242550
1027,1209,-0.98025,242635
1027,1210,-0.98025,242710
1028,1210,1.088716,242855
1028,1211,-1.000272,242930
1028,1212,-1.000272,243050
1028,1213,-0.98025,243175
1028,1214,-1.000272,243295
1028,1215,-0.98025,243365
1029,1215,1.076064,243500
1029,1216,-1.000272,243700
1029,1217,-1.000272,243810
1029,1218,-0.98025,243940
1029,1219,-1.000272,244040
1030,1219,1.074098,244225
1030,1220,-1.000272,244305
1030,1221,-0.98025,244395
1030,1222,-1.000272,244450
1031,1222,1.062621,244610
1031,1223,-0.98025,244655
1031,1224,-1.000272,244720
1031,1225,-0.98025,244785
1032,1225,1.068693,244930
1033,1225,1.056225,245110
1034,1225,1.066842,245260
1035,1225,1.075485,245395
1035,1226,-0.98025,245525
1036,1226,1.079728,245650
1037,1226,1.065517,245805
1037,1227,-0.98025,245925
1037,1228,-1.000272,245995
1037,1229,-0.98025,246165
1037,1230,-1.000272,246310
1037,1231,-1.000272,246380
1037,1232,-0.98025,246485
1038,1232,1.063019,246645
1038,1233,-1.000272,246720
1038,1234,-1.000272,246800
1038,1235,-1.000272,246880
1039,1235,1.058207,247055
1040,1235,1.081695,247180
1041,1235,1.063019,247340
1041,1236,-1.000272,247470
1041,1237,-0.98025,247550
1041,1238,-1.000272,247605
1041,1239,-1.000272,247665
1041,1240,-0.98025,247740
1041,1241,-1.000272,247845
1041,1242,-1.000272,247950
1042,1242,1.100395,248075
1043,1242,1.07065,248220
1043,1243,-1.000272,248395
1043,1244,-1.000272,248525
1044,1244,1.079728,248650
1044,1245,-1.000272,248785
1045,1245,1.076064,248920
1045,1246,-1.000272,249050
1045,1247,-1.000272,249190
1045,1248,-0.98025,249285
1045,1249,-0.98025,249360
1046,1249,1.071156,249500
1046,1250,-1.000272,249625
1046,1251,-0.98025,249690
1046,1252,-0.98025,249765
1046,1253,-0.98025,249840
1047,1253,1.076651,249970
