Goals,Deaths,Reward,Step 
0,0,0,0
0,1,-1.000272,90
1,1,1.0604,340
2,1,1.195806,395
2,2,-0.98025,490
3,2,1.151243,560
4,2,1.095881,665
5,2,1.189242,725
6,2,1.073802,860
7,2,1.217119,910
7,3,-0.98025,970
7,3,-5.448073E-05,971
7,4,-1.000272,1051
8,4,1.123184,1136
9,4,1.164678,1206
9,5,-1.000272,1261
10,5,1.12076,1361
11,5,1.181546,1416
12,5,1.118775,1501
12,6,-1.000272,1566
13,6,1.195806,1621
13,7,-0.98025,1666
14,7,1.208061,1716
14,8,-1.000272,1806
14,9,-0.98025,1856
14,10,-1.000272,1901
15,10,1.097875,2031
16,10,1.199728,2081
17,10,1.084473,2201
18,10,1.212058,2256
18,11,-1.000272,2331
18,12,-1.000272,2371
19,12,1.181546,2426
19,13,-1.000272,2466
19,14,-0.98025,2506
20,14,1.192035,2561
21,14,1.195189,2621
22,14,1.169219,2681
22,15,-0.98025,2721
23,15,1.175166,2781
23,16,-1.000272,2891
24,16,1.203809,2941
25,16,1.195189,3001
26,16,1.172141,3061
27,16,1.195189,3121
27,17,-1.000272,3211
27,18,-0.98025,3336
27,19,-1.000272,3396
28,19,1.212494,3446
28,20,-0.98025,3521
29,20,1.203809,3571
30,20,1.189242,3631
31,20,1.199728,3681
32,20,1.175166,3741
33,20,1.142585,3811
34,20,1.124728,3891
35,20,1.127933,3971
36,20,1.192035,4026
36,21,-1.000272,4086
37,21,1.18104,4151
38,21,1.154885,4226
39,21,1.203809,4276
40,21,1.24363,4321
40,22,-1.000272,4376
41,22,1.199728,4426
42,22,1.184913,4481
42,23,-1.000272,4571
43,23,1.163662,4636
44,23,1.166394,4696
45,23,1.113364,4786
46,23,1.257845,4831
47,23,1.085935,4951
48,23,1.169219,5011
49,23,1.093186,5121
49,24,-1.000272,5186
49,25,-1.000272,5246
50,25,1.107469,5361
50,26,-1.000272,5406
51,26,1.084473,5526
52,26,1.12631,5606
53,26,1.073257,5746
54,26,1.195806,5801
55,26,1.212494,5851
56,26,1.212494,5901
57,26,1.153574,5966
58,26,1.138798,6051
58,27,-1.000272,6106
59,27,1.158458,6171
60,27,1.227,6216
60,28,-1.000272,6296
60,29,-1.000272,6341
61,29,1.117375,6426
62,29,1.097767,6531
62,30,-1.000272,6581
63,30,1.107469,6696
63,31,-0.98025,6781
63,32,-1.000272,6886
64,32,1.098737,6991
65,32,1.237823,7036
66,32,1.158458,7101
67,32,1.076064,7236
68,32,1.203809,7286
69,32,1.208429,7341
70,32,1.232286,7386
71,32,1.21975,7436
72,32,1.195806,7491
73,32,1.256138,7531
73,33,-1.000272,7591
74,33,1.166394,7651
74,34,-0.98025,7741
75,34,1.223832,7791
76,34,1.151329,7871
77,34,1.172141,7931
77,35,-1.000272,8016
78,35,1.066394,8166
79,35,1.078468,8296
80,35,1.192035,8351
81,35,1.277505,8391
81,36,-1.000272,8461
81,37,-0.98025,8526
82,37,1.117375,8611
83,37,1.077247,8741
84,37,1.169004,8811
84,38,-0.98025,8861
84,39,-1.000272,8951
85,39,1.077247,9081
86,39,1.203809,9131
87,39,1.161018,9196
88,39,1.099728,9296
89,39,1.131307,9376
89,40,-1.000272,9446
90,40,1.112087,9536
90,41,-1.000272,9586
91,41,1.106707,9701
91,42,-1.000272,9736
92,42,1.068221,9886
92,43,-1.000272,9971
93,43,1.181546,10026
94,43,1.12021,10111
95,43,1.172141,10171
96,43,1.156736,10246
97,43,1.086684,10361
98,43,1.110839,10451
99,43,1.203809,10501
100,43,1.098737,10606
101,43,1.204935,10661
101,44,-1.000272,10746
101,45,-1.000272,10861
101,46,-0.98025,10921
102,46,1.12631,11001
103,46,1.161018,11066
103,47,-1.000272,11156
104,47,1.24363,11201
105,47,1.12021,11286
106,47,1.11876,11391
107,47,1.172141,11451
108,47,1.072191,11591
109,47,1.192035,11646
109,48,-1.000272,11696
109,49,-1.000272,11781
110,49,1.227,11826
110,50,-0.98025,11946
111,50,1.079728,12071
112,50,1.151243,12141
112,51,-0.98025,12186
113,51,1.104991,12281
113,52,-1.000272,12411
113,53,-1.000272,12506
114,53,1.247023,12551
115,53,1.203809,12601
116,53,1.109618,12696
117,53,1.164678,12766
117,54,-1.000272,12851
117,55,-1.000272,12916
118,55,1.199728,12966
119,55,1.24363,13011
120,55,1.116007,13101
121,55,1.203809,13151
121,56,-1.000272,13236
122,56,1.27616,13276
122,57,-1.000272,13366
123,57,1.121679,13451
124,57,1.101768,13551
125,57,1.118775,13636
126,57,1.085198,13756
127,57,1.140573,13831
128,57,1.192035,13886
129,57,1.11467,13976
129,58,-0.98025,14026
130,58,1.138616,14101
131,58,1.181546,14156
131,59,-1.000272,14216
132,59,1.285442,14251
133,59,1.122843,14351
133,60,-1.000272,14446
134,60,1.171265,14516
135,60,1.175166,14576
135,61,-1.000272,14621
135,62,-1.000272,14671
135,63,-1.000272,14731
136,63,1.156736,14806
137,63,1.112087,14896
138,63,1.166394,14956
139,63,1.116007,15046
139,64,-1.000272,15096
140,64,1.082372,15221
141,64,1.184913,15276
141,65,-1.000272,15341
142,65,1.091471,15451
143,65,1.199728,15501
144,65,1.22195,15546
145,65,1.153574,15611
146,65,1.146786,15681
147,65,1.232286,15726
147,66,-1.000272,15796
148,66,1.126133,15891
149,66,1.122843,15991
150,66,1.110839,16081
150,67,-1.000272,16156
151,67,1.184913,16211
151,68,-1.000272,16266
152,68,1.223832,16316
153,68,1.131307,16396
154,68,1.151243,16466
155,68,1.161018,16531
155,69,-1.000272,16676
156,69,1.163662,16741
157,69,1.188407,16796
158,69,1.305464,16831
159,69,1.212494,16881
159,70,-0.98025,16991
160,70,1.192035,17046
161,70,1.192035,17101
162,70,1.136714,17176
163,70,1.156736,17251
164,70,1.129598,17331
165,70,1.101768,17431
166,70,1.133061,17506
167,70,1.082372,17631
168,70,1.163662,17696
168,71,-0.98025,17811
169,71,1.14475,17891
170,71,1.178299,17951
170,72,-1.000272,18061
171,72,1.198321,18121
171,73,-1.000272,18186
172,73,1.184913,18241
173,73,1.087447,18356
173,74,-1.000272,18416
174,74,1.106111,18511
175,74,1.169219,18571
175,75,-1.000272,18611
176,75,1.162607,18681
177,75,1.123184,18766
178,75,1.189242,18826
179,75,1.097767,18931
180,75,1.184913,18986
181,75,1.142585,19056
181,76,-1.000272,19141
182,76,1.195806,19196
183,76,1.212058,19251
184,76,1.192164,19311
184,77,-1.000272,19396
185,77,1.189242,19456
186,77,1.134693,19546
187,77,1.215828,19601
187,78,-1.000272,19711
188,78,1.131307,19791
189,78,1.282908,19831
190,78,1.106111,19926
191,78,1.101768,20026
192,78,1.103083,20146
192,79,-1.000272,20191
192,80,-1.000272,20251
193,80,1.252308,20296
194,80,1.208061,20346
194,81,-1.000272,20411
195,81,1.148981,20481
196,81,1.169219,20541
196,82,-1.000272,20596
196,83,-1.000272,20646
197,83,1.175166,20706
198,83,1.140573,20781
198,84,-1.000272,20896
199,84,1.212058,20951
199,85,-1.000272,21001
200,85,1.113208,21111
201,85,1.083061,21231
201,86,-1.000272,21296
201,87,-1.000272,21351
202,87,1.223832,21401
203,87,1.094966,21506
204,87,1.103894,21606
204,88,-1.000272,21641
205,88,1.322308,21676
206,88,1.192164,21736
207,88,1.178299,21796
208,88,1.249728,21836
209,88,1.195189,21896
209,89,-1.000272,21986
209,90,-1.000272,22041
210,90,1.189242,22101
211,90,1.163662,22166
212,90,1.11467,22256
213,90,1.17848,22321
214,90,1.181546,22376
215,90,1.079093,22506
216,90,1.081695,22631
216,91,-0.98025,22701
216,92,-1.000272,22756
217,92,1.178299,22816
218,92,1.181546,22871
219,92,1.212058,22926
220,92,1.087447,23041
220,93,-1.000272,23111
221,93,1.11467,23201
222,93,1.192035,23256
223,93,1.178299,23316
224,93,1.184913,23371
224,94,-1.000272,23411
225,94,1.074916,23546
226,94,1.136714,23621
227,94,1.158458,23686
228,94,1.094966,23791
228,95,-0.98025,23871
229,95,1.232286,23916
229,96,-1.000272,23956
230,96,1.305464,23991
230,97,-1.000272,24036
231,97,1.107255,24131
232,97,1.093279,24271
232,98,-1.000272,24326
233,98,1.10984,24441
234,98,1.153574,24506
235,98,1.087447,24621
236,98,1.117789,24726
237,98,1.146786,24796
238,98,1.203809,24846
239,98,1.186417,24906
239,98,-5.448073E-05,25007
240,98,1.192164,25067
240,99,-1.000272,25117
240,100,-1.000272,25237
240,101,-0.98025,25292
240,102,-1.000272,25347
240,103,-1.000272,25407
240,104,-1.000272,25497
241,104,1.124728,25577
242,104,1.088223,25692
242,105,-1.000272,25777
243,105,1.080373,25902
243,106,-1.000272,25957
243,107,-1.000272,26022
244,107,1.079093,26152
244,108,-1.000272,26232
244,109,-1.000272,26307
245,109,1.217119,26357
245,110,-1.000272,26597
245,111,-1.000272,26737
245,112,-1.000272,26787
245,113,-1.000272,26832
246,113,1.069658,26977
246,114,-1.000272,27067
247,114,1.113208,27177
247,115,-1.000272,27242
247,116,-0.98025,27287
247,117,-0.98025,27392
247,118,-1.000272,27467
248,118,1.081028,27592
249,118,1.101768,27692
250,118,1.07789,27867
250,119,-1.000272,27937
250,120,-1.000272,27987
251,120,1.146786,28057
252,120,1.099728,28157
253,120,1.09232,28267
253,121,-1.000272,28327
254,121,1.098737,28432
254,122,-1.000272,28492
254,123,-0.98025,28542
254,124,-1.000272,28582
255,124,1.059969,28752
256,124,1.07077,28952
256,125,-0.98025,29067
256,126,-1.000272,29142
257,126,1.076064,29277
258,126,1.106111,29372
258,127,-1.000272,29487
258,128,-1.000272,29557
259,128,1.081695,29682
259,129,-1.000272,29747
260,129,1.112343,29857
261,129,1.142585,29927
261,130,-1.000272,30057
262,130,1.057867,30232
262,131,-1.000272,30297
263,131,1.108423,30392
263,132,-1.000272,30442
264,132,1.112087,30532
264,133,-0.98025,30697
265,133,1.083041,30857
266,133,1.095881,30962
266,134,-1.000272,31027
267,134,1.053491,31217
268,134,1.088223,31332
268,135,-1.000272,31392
269,135,1.075485,31527
270,135,1.051274,31722
271,135,1.116007,31812
272,135,1.059608,31982
273,135,1.085935,32102
274,135,1.095881,32207
274,136,-1.000272,32282
274,137,-1.000272,32337
275,137,1.054673,32522
275,138,-1.000272,32627
275,139,-0.98025,32687
275,140,-1.000272,32752
276,140,1.117375,32837
276,141,-0.98025,32877
277,141,1.169219,32937
277,142,-1.000272,33062
278,142,1.129598,33142
278,143,-0.98025,33247
278,144,-1.000272,33292
279,144,1.176,33357
280,144,1.082372,33482
280,145,-1.000272,33572
280,146,-1.000272,33632
280,147,-0.98025,33722
281,147,1.095881,33827
282,147,1.091471,33937
282,148,-1.000272,33992
283,148,1.076651,34122
283,149,-1.000272,34207
283,150,-1.000272,34292
284,150,1.124728,34372
284,151,-1.000272,34497
284,152,-0.98025,34662
285,152,1.108423,34757
286,152,1.153574,34822
287,152,1.128446,34917
287,153,-1.000272,34997
288,153,1.103894,35097
288,154,-0.98025,35212
288,155,-1.000272,35362
289,155,1.122843,35462
290,155,1.107255,35557
291,155,1.121679,35642
292,155,1.103894,35742
292,156,-1.000272,35802
293,156,1.148981,35872
294,156,1.107255,35967
295,156,1.089818,36082
296,156,1.09232,36192
297,156,1.087447,36307
297,157,-0.98025,36382
297,158,-1.000272,36462
297,159,-1.000272,36522
297,160,-0.98025,36572
298,160,1.095881,36677
298,161,-1.000272,36792
299,161,1.12021,36877
299,162,-1.000272,37017
300,162,1.163662,37082
301,162,1.089818,37197
301,163,-0.98025,37292
301,164,-1.000272,37352
301,165,-1.000272,37407
302,165,1.101768,37507
302,166,-1.000272,37572
303,166,1.14475,37652
304,166,1.075485,37787
304,167,-1.000272,37842
305,167,1.058207,38017
305,168,-1.000272,38117
305,169,-1.000272,38232
305,170,-1.000272,38377
305,171,-1.000272,38477
305,172,-1.000272,38512
305,173,-1.000272,38592
306,173,1.11467,38682
306,174,-1.000272,38792
306,175,-1.000272,38877
307,175,1.059251,39047
308,175,1.082372,39172
309,175,1.112087,39262
310,175,1.10282,39362
310,176,-1.000272,39447
311,176,1.079728,39572
311,177,-0.98025,39622
311,178,-1.000272,39707
312,178,1.173596,39772
312,179,-1.000272,39867
313,179,1.071156,40007
314,179,1.103894,40107
315,179,1.094067,40217
316,179,1.108423,40312
317,179,1.057199,40487
318,179,1.118775,40572
318,180,-1.000272,40617
319,180,1.07015,40762
320,180,1.094966,40867
321,180,1.095881,40972
321,181,-0.98025,41047
321,182,-1.000272,41177
321,183,-0.98025,41232
321,184,-0.98025,41322
321,185,-1.000272,41527
321,186,-0.98025,41587
321,187,-1.000272,41727
321,188,-0.98025,41782
322,188,1.099728,41882
322,189,-1.000272,41947
323,189,1.100395,42072
323,190,-1.000272,42137
324,190,1.115904,42242
325,190,1.081695,42367
325,191,-1.000272,42412
326,191,1.13211,42502
327,191,1.101051,42627
327,192,-1.000272,42802
328,192,1.113364,42892
328,193,-1.000272,43017
329,193,1.099728,43117
329,194,-1.000272,43212
329,195,-1.000272,43262
330,195,1.10282,43362
331,195,1.098737,43467
332,195,1.08968,43612
333,195,1.13211,43702
333,196,-1.000272,43852
334,196,1.084473,43972
335,196,1.060334,44137
335,197,-0.98025,44232
335,198,-1.000272,44292
335,199,-0.98025,44377
335,200,-1.000272,44462
335,201,-1.000272,44542
335,202,-1.000272,44687
336,202,1.069658,44832
336,203,-1.000272,44937
337,203,1.074916,45072
338,203,1.143207,45157
338,204,-0.98025,45212
339,204,1.086684,45327
339,205,-1.000272,45412
339,206,-1.000272,45462
340,206,1.121791,45562
340,207,-1.000272,45612
341,207,1.101051,45737
341,208,-1.000272,45887
342,208,1.106111,45982
343,208,1.14475,46062
344,208,1.113364,46152
345,208,1.077853,46282
345,209,-0.98025,46327
346,209,1.095881,46432
346,210,-1.000272,46537
347,210,1.110659,46647
348,210,1.080373,46772
348,211,-1.000272,46937
348,212,-1.000272,47147
349,212,1.128446,47242
350,212,1.107469,47357
350,213,-1.000272,47417
351,213,1.166394,47477
352,213,1.081695,47602
352,214,-1.000272,47662
353,214,1.117789,47767
353,215,-1.000272,47852
353,216,-1.000272,47917
354,216,1.104496,48037
355,216,1.116007,48127
356,216,1.12964,48222
357,216,1.161018,48287
357,217,-1.000272,48317
358,217,1.134693,48407
358,218,-0.98025,48462
358,219,-0.98025,48537
359,219,1.087777,48687
360,219,1.09232,48797
361,219,1.07015,48942
361,220,-1.000272,49007
362,220,1.055593,49187
362,221,-1.000272,49257
362,222,-1.000272,49302
362,223,-0.98025,49417
362,224,-1.000272,49477
363,224,1.093186,49587
364,224,1.087447,49702
364,225,-0.98025,49777
365,225,1.089818,49892
365,226,-1.000272,49992
365,226,0.00395,50008
365,227,-1.000272,50108
366,227,1.096086,50243
367,227,1.096815,50348
367,228,-1.000272,50443
367,229,-1.000272,50538
368,229,1.151243,50608
369,229,1.109618,50703
369,230,-1.000272,50793
370,230,1.08225,50953
370,231,-1.000272,51098
371,231,1.094966,51203
372,231,1.074098,51388
373,231,1.175166,51448
374,231,1.081028,51573
374,232,-1.000272,51643
375,232,1.080373,51768
376,232,1.057867,51943
377,232,1.12021,52028
378,232,1.138798,52113
379,232,1.178299,52173
380,232,1.110659,52283
381,232,1.076651,52413
381,233,-1.000272,52478
381,234,-1.000272,52568
382,234,1.116007,52658
383,234,1.126133,52753
383,235,-0.98025,52823
384,235,1.127933,52903
385,235,1.151243,52973
386,235,1.064244,53128
387,235,1.11975,53228
388,235,1.067597,53438
389,235,1.098737,53543
389,236,-1.000272,53598
389,237,-0.98025,53658
389,238,-1.000272,53718
389,239,-1.000272,53763
390,239,1.113208,53873
391,239,1.123917,53973
392,239,1.052359,54163
393,239,1.136714,54238
394,239,1.10282,54338
394,240,-1.000272,54398
395,240,1.11467,54488
395,241,-1.000272,54603
396,241,1.124728,54683
397,241,1.097767,54788
398,241,1.124728,54868
399,241,1.104991,54963
400,241,1.090637,55073
401,241,1.138616,55148
401,242,-0.98025,55218
401,243,-0.98025,55338
402,243,1.081695,55463
403,243,1.089818,55578
404,243,1.113208,55688
405,243,1.087447,55803
406,243,1.118775,55888
407,243,1.160595,55963
408,243,1.143207,56048
409,243,1.166809,56118
409,244,-1.000272,56183
410,244,1.116007,56273
410,245,-1.000272,56353
410,246,-1.000272,56433
411,246,1.106707,56548
412,246,1.093186,56658
413,246,1.080373,56783
414,246,1.133061,56858
415,246,1.116007,56948
416,246,1.095881,57053
416,247,-1.000272,57088
417,247,1.127277,57183
417,248,-1.000272,57253
417,249,-1.000272,57318
418,249,1.109618,57413
419,249,1.106111,57508
420,249,1.104991,57603
421,249,1.189242,57663
422,249,1.108423,57758
422,250,-1.000272,57833
422,251,-1.000272,57913
423,251,1.137397,57998
423,252,-0.98025,58043
424,252,1.095881,58148
425,252,1.090637,58258
426,252,1.10984,58373
426,253,-1.000272,58473
427,253,1.113364,58563
428,253,1.106111,58658
429,253,1.094067,58768
429,254,-0.98025,58828
430,254,1.091471,58938
430,255,-0.98025,59038
430,256,-1.000272,59113
430,257,-1.000272,59228
431,257,1.155978,59293
431,258,-1.000272,59343
432,258,1.134693,59433
432,259,-1.000272,59498
433,259,1.134693,59588
434,259,1.091471,59698
435,259,1.107255,59793
436,259,1.127933,59873
437,259,1.166394,59933
437,260,-1.000272,59978
438,260,1.094938,60113
438,261,-0.98025,60183
439,261,1.104991,60278
440,261,1.075485,60413
440,262,-1.000272,60583
440,263,-1.000272,60643
440,264,-1.000272,60703
441,264,1.151243,60773
442,264,1.11409,60883
442,265,-1.000272,60973
443,265,1.089818,61088
444,265,1.106707,61203
444,266,-1.000272,61243
445,266,1.171265,61313
446,266,1.112087,61403
447,266,1.07272,61543
448,266,1.093824,61678
449,266,1.086684,61793
450,266,1.085198,61913
451,266,1.090637,62023
451,267,-1.000272,62083
451,268,-0.98025,62128
451,269,-1.000272,62193
452,269,1.10984,62308
452,270,-0.98025,62358
452,271,-1.000272,62423
452,272,-0.98025,62518
453,272,1.104496,62638
453,273,-1.000272,62713
454,273,1.101768,62813
455,273,1.113208,62923
455,274,-1.000272,62973
456,274,1.14962,63053
456,275,-1.000272,63123
456,276,-1.000272,63178
457,276,1.115904,63283
457,277,-0.98025,63363
458,277,1.129598,63443
458,278,-1.000272,63488
459,278,1.117789,63593
459,279,-0.98025,63648
459,280,-0.98025,63738
459,281,-1.000272,63823
460,281,1.093186,63933
460,282,-1.000272,64063
461,282,1.076064,64198
462,282,1.099728,64298
462,283,-1.000272,64373
463,283,1.140573,64448
464,283,1.0811,64613
465,283,1.116007,64703
466,283,1.097767,64808
467,283,1.062621,64968
467,284,-1.000272,65038
467,285,-0.98025,65108
468,285,1.140232,65193
469,285,1.117375,65278
470,285,1.166809,65348
470,286,-1.000272,65418
470,287,-1.000272,65483
470,288,-1.000272,65553
471,288,1.129598,65633
472,288,1.109618,65728
473,288,1.124728,65808
474,288,1.07272,65948
474,289,-1.000272,65988
475,289,1.186417,66048
476,289,1.085198,66168
477,289,1.095508,66303
477,290,-1.000272,66408
478,290,1.09232,66518
479,290,1.142585,66588
480,290,1.103083,66708
481,290,1.123917,66808
481,291,-1.000272,66878
482,291,1.136714,66953
483,291,1.127933,67033
483,292,-1.000272,67078
483,293,-0.98025,67138
483,294,-1.000272,67318
483,295,-0.98025,67453
483,296,-1.000272,67488
483,297,-1.000272,67553
483,298,-0.98025,67618
483,299,-1.000272,67683
484,299,1.12631,67763
485,299,1.101768,67863
485,300,-0.98025,67938
486,300,1.140232,68023
486,301,-1.000272,68128
486,302,-1.000272,68218
487,302,1.163662,68283
488,302,1.146786,68353
488,303,-1.000272,68463
488,304,-1.000272,68563
489,304,1.127933,68643
490,304,1.074355,68778
491,304,1.094067,68888
492,304,1.123184,68973
493,304,1.130861,69063
494,304,1.097269,69193
495,304,1.055593,69373
495,305,-0.98025,69418
495,306,-1.000272,69533
495,307,-1.000272,69593
496,307,1.130861,69683
497,307,1.079093,69813
498,307,1.115904,69918
498,308,-1.000272,70023
498,309,-1.000272,70073
499,309,1.098737,70178
499,310,-1.000272,70238
500,310,1.103784,70358
501,310,1.100738,70458
502,310,1.140232,70543
503,310,1.116007,70633
503,311,-1.000272,70703
504,311,1.094067,70813
505,311,1.106111,70908
505,312,-1.000272,71028
506,312,1.089013,71143
507,312,1.073802,71278
507,313,-1.000272,71378
508,313,1.121791,71478
509,313,1.151243,71548
509,314,-1.000272,71598
509,315,-0.98025,71653
510,315,1.113364,71743
510,316,-0.98025,71793
511,316,1.127933,71873
512,316,1.113364,71963
513,316,1.089013,72078
514,316,1.134863,72153
514,317,-0.98025,72238
514,318,-1.000272,72323
515,318,1.067295,72473
516,318,1.071156,72613
516,319,-1.000272,72668
516,320,-0.98025,72743
517,320,1.158458,72808
518,320,1.089013,72923
519,320,1.156736,72998
520,320,1.141701,73083
520,321,-1.000272,73148
520,322,-0.98025,73278
520,323,-0.98025,73413
521,323,1.049979,73613
522,323,1.057199,73788
523,323,1.085935,73908
523,324,-1.000272,73943
524,324,1.103784,74063
524,325,-1.000272,74143
524,326,-0.98025,74208
525,326,1.080373,74333
525,327,-1.000272,74408
525,328,-1.000272,74513
526,328,1.092743,74653
527,328,1.113364,74743
528,328,1.110839,74833
529,328,1.153574,74898
530,328,1.134863,74973
530,328,-5.448073E-05,75009
530,329,-1.000272,75079
531,329,1.099115,75209
531,330,-0.98025,75269
531,331,-0.98025,75309
531,332,-0.98025,75424
531,333,-1.000272,75489
531,334,-1.000272,75569
532,334,1.056546,75749
532,335,-1.000272,75879
533,335,1.091471,75989
534,335,1.089013,76104
535,335,1.064244,76259
536,335,1.096673,76389
537,335,1.126133,76484
537,336,-1.000272,76544
537,337,-1.000272,76599
538,337,1.124728,76679
538,338,-0.98025,76734
538,339,-1.000272,76839
539,339,1.110839,76929
539,340,-1.000272,77004
540,340,1.093824,77139
541,340,1.074355,77274
542,340,1.097875,77404
542,341,-0.98025,77524
542,342,-1.000272,77569
542,343,-0.98025,77639
543,343,1.085109,77794
543,344,-1.000272,77864
544,344,1.084473,77984
545,344,1.091471,78094
546,344,1.103894,78194
546,345,-0.98025,78269
547,345,1.089013,78384
547,346,-0.98025,78444
548,346,1.10984,78559
548,347,-0.98025,78624
548,348,-1.000272,78754
548,349,-1.000272,78869
548,350,-0.98025,78914
548,351,-0.98025,79019
549,351,1.099728,79119
549,352,-1.000272,79219
550,352,1.076064,79354
550,353,-1.000272,79424
551,353,1.080373,79549
551,354,-0.98025,79609
552,354,1.11876,79714
553,354,1.093186,79824
553,355,-1.000272,79924
553,356,-1.000272,80044
553,357,-1.000272,80099
553,358,-1.000272,80219
553,359,-0.98025,80279
554,359,1.103784,80399
555,359,1.063422,80559
556,359,1.081695,80684
557,359,1.069172,80829
558,359,1.106111,80924
558,360,-1.000272,80979
558,361,-1.000272,81039
558,362,-1.000272,81164
559,362,1.088223,81279
559,363,-1.000272,81319
559,364,-1.000272,81434
560,364,1.082372,81559
561,364,1.089818,81674
562,364,1.090637,81784
562,365,-0.98025,81864
562,366,-1.000272,82004
563,366,1.086864,82154
564,366,1.084266,82309
564,367,-0.98025,82359
564,368,-0.98025,82484
564,369,-0.98025,82584
564,370,-1.000272,82664
564,371,-1.000272,82719
564,372,-1.000272,82794
565,372,1.073802,82929
566,372,1.089818,83044
567,372,1.103083,83164
567,373,-1.000272,83259
567,374,-0.98025,83314
567,375,-1.000272,83454
568,375,1.090637,83564
568,376,-1.000272,83619
569,376,1.100738,83719
570,376,1.066842,83869
570,377,-1.000272,83929
571,377,1.07823,84104
571,378,-1.000272,84164
571,379,-1.000272,84269
571,380,-1.000272,84329
571,381,-1.000272,84394
571,382,-1.000272,84464
571,383,-0.98025,84539
572,383,1.097269,84669
572,384,-1.000272,84779
573,384,1.112343,84889
574,384,1.097875,85019
574,385,-0.98025,85129
574,386,-1.000272,85174
574,387,-1.000272,85259
574,388,-1.000272,85409
574,389,-1.000272,85499
574,390,-0.98025,85554
574,391,-0.98025,85649
574,392,-0.98025,85734
574,393,-1.000272,85789
574,394,-0.98025,85844
574,395,-1.000272,85944
575,395,1.106111,86039
576,395,1.095881,86144
576,396,-1.000272,86219
577,396,1.134693,86309
578,396,1.094377,86444
578,397,-1.000272,86544
578,398,-1.000272,86614
578,399,-1.000272,86714
578,400,-1.000272,86784
578,401,-0.98025,86909
579,401,1.07593,87089
579,402,-1.000272,87154
580,402,1.079728,87279
581,402,1.081028,87404
582,402,1.055907,87584
583,402,1.08225,87744
584,402,1.081028,87869
585,402,1.134863,87944
586,402,1.076064,88079
586,403,-1.000272,88149
586,404,-0.98025,88234
586,405,-0.98025,88269
587,405,1.116837,88374
587,406,-0.98025,88514
588,406,1.094067,88624
589,406,1.077247,88754
589,407,-1.000272,88844
589,408,-0.98025,88939
590,408,1.084473,89059
590,409,-1.000272,89119
591,409,1.081695,89244
592,409,1.082372,89369
593,409,1.146332,89449
594,409,1.07272,89589
594,410,-1.000272,89704
595,410,1.067755,89854
595,411,-1.000272,89959
596,411,1.112087,90049
597,411,1.089013,90164
597,412,-1.000272,90214
597,413,-1.000272,90339
598,413,1.083444,90499
598,414,-0.98025,90554
598,415,-1.000272,90624
598,416,-1.000272,90719
598,417,-1.000272,90784
598,418,-0.98025,90829
598,419,-1.000272,90974
598,420,-1.000272,91089
598,421,-1.000272,91139
598,422,-0.98025,91214
599,422,1.083761,91334
599,423,-0.98025,91429
599,424,-1.000272,91494
600,424,1.058899,91664
600,425,-1.000272,91709
600,426,-1.000272,91824
600,427,-1.000272,91904
600,428,-1.000272,91959
600,429,-0.98025,92109
601,429,1.07167,92249
602,429,1.083041,92409
602,430,-1.000272,92514
603,430,1.069658,92659
603,431,-1.000272,92739
603,432,-1.000272,92804
603,433,-1.000272,92894
603,434,-1.000272,93034
603,435,-1.000272,93114
603,436,-0.98025,93179
603,437,-0.98025,93219
603,438,-0.98025,93324
603,439,-1.000272,93409
603,440,-1.000272,93534
603,441,-1.000272,93569
604,441,1.087447,93684
604,442,-0.98025,93749
605,442,1.075485,93884
606,442,1.093279,94024
606,443,-1.000272,94159
606,444,-1.000272,94224
607,444,1.090637,94334
608,444,1.081028,94459
608,445,-0.98025,94584
608,446,-1.000272,94659
608,447,-1.000272,94759
608,448,-1.000272,94904
608,449,-1.000272,95009
608,450,-1.000272,95079
608,451,-1.000272,95169
608,452,-0.98025,95214
609,452,1.077247,95344
609,453,-1.000272,95489
609,454,-1.000272,95574
609,455,-1.000272,95624
609,456,-0.98025,95739
609,457,-1.000272,95809
609,458,-0.98025,95884
609,459,-1.000272,95979
609,460,-1.000272,96094
609,461,-0.98025,96159
610,461,1.07015,96304
610,462,-0.98025,96369
610,463,-0.98025,96414
610,464,-1.000272,96519
611,464,1.081028,96644
612,464,1.085198,96764
612,465,-0.98025,96814
613,465,1.08968,96959
614,465,1.090637,97069
614,466,-1.000272,97159
615,466,1.101768,97259
616,466,1.09975,97384
616,467,-1.000272,97464
616,468,-0.98025,97619
616,469,-1.000272,97664
616,470,-1.000272,97709
616,471,-1.000272,97764
616,472,-0.98025,97879
617,472,1.106111,97974
617,473,-1.000272,98054
617,474,-0.98025,98104
618,474,1.076064,98239
619,474,1.081028,98364
620,474,1.059969,98534
620,475,-0.98025,98604
621,475,1.059969,98774
621,476,-0.98025,98859
621,477,-0.98025,98959
621,478,-1.000272,99029
621,479,-1.000272,99169
622,479,1.076651,99299
622,480,-0.98025,99374
622,481,-1.000272,99524
622,482,-1.000272,99619
623,482,1.064663,99774
623,483,-0.98025,99834
624,483,1.074355,99969
624,483,-5.448073E-05,100010
624,484,-1.000272,100125
624,485,-1.000272,100235
624,486,-1.000272,100305
624,487,-1.000272,100365
625,487,1.068221,100515
626,487,1.109036,100630
626,488,-1.000272,100750
626,489,-1.000272,100830
627,489,1.079093,100960
627,490,-0.98025,101020
628,490,1.085975,101175
629,490,1.068693,101320
629,491,-0.98025,101390
630,491,1.063019,101550
630,492,-1.000272,101640
631,492,1.07065,101785
632,492,1.057531,101960
632,493,-1.000272,102100
633,493,1.085935,102220
633,494,-0.98025,102340
633,495,-1.000272,102405
633,496,-1.000272,102515
634,496,1.111493,102625
634,497,-0.98025,102730
635,497,1.105957,102850
636,497,1.081028,102975
636,498,-1.000272,103095
636,499,-1.000272,103180
637,499,1.088223,103295
637,500,-1.000272,103460
637,501,-1.000272,103605
637,502,-0.98025,103665
637,503,-0.98025,103750
638,503,1.081478,103915
638,504,-1.000272,103975
638,505,-1.000272,104035
638,506,-0.98025,104160
638,507,-1.000272,104280
638,508,-1.000272,104355
638,509,-0.98025,104405
638,510,-1.000272,104520
639,510,1.078468,104650
639,511,-0.98025,104725
639,512,-1.000272,104815
639,513,-1.000272,104880
639,514,-1.000272,105040
639,515,-0.98025,105165
640,515,1.054976,105350
640,516,-1.000272,105445
640,517,-1.000272,105510
640,518,-0.98025,105545
640,519,-1.000272,105665
641,519,1.087447,105780
642,519,1.100395,105905
642,520,-1.000272,105960
642,521,-1.000272,106085
643,521,1.103894,106185
643,522,-1.000272,106270
643,523,-1.000272,106345
643,524,-1.000272,106400
644,524,1.081695,106525
645,524,1.046457,106740
645,525,-1.000272,106870
645,526,-1.000272,107005
645,527,-1.000272,107085
645,528,-1.000272,107170
645,529,-1.000272,107285
646,529,1.059608,107455
646,530,-0.98025,107600
647,530,1.058551,107770
647,531,-1.000272,107925
647,532,-1.000272,108080
647,533,-1.000272,108155
647,534,-1.000272,108290
648,534,1.086684,108405
648,535,-1.000272,108550
648,536,-0.98025,108610
648,537,-1.000272,108660
648,538,-0.98025,108720
648,539,-0.98025,108790
649,539,1.090637,108900
649,540,-1.000272,108970
650,540,1.089818,109085
651,540,1.096815,109190
652,540,1.073257,109330
653,540,1.067295,109480
653,541,-0.98025,109545
654,541,1.073802,109680
655,541,1.094938,109815
655,542,-1.000272,109895
656,542,1.081862,110060
656,543,-1.000272,110145
657,543,1.083061,110265
658,543,1.081695,110390
659,543,1.080726,110555
660,543,1.103784,110675
661,543,1.104496,110795
661,544,-1.000272,110880
661,545,-0.98025,110975
662,545,1.11975,111075
662,546,-1.000272,111140
662,547,-1.000272,111275
662,548,-1.000272,111400
662,549,-1.000272,111515
663,549,1.080373,111640
664,549,1.094067,111750
664,550,-0.98025,111795
665,550,1.076651,111925
665,551,-0.98025,112005
665,552,-0.98025,112120
665,553,-1.000272,112235
666,553,1.063422,112395
666,554,-0.98025,112460
667,554,1.085935,112580
667,555,-0.98025,112700
668,555,1.087447,112815
669,555,1.081028,112940
669,556,-1.000272,113015
670,556,1.072191,113155
670,557,-1.000272,113240
671,557,1.087447,113355
672,557,1.09232,113465
673,557,1.071156,113605
673,558,-0.98025,113670
674,558,1.100738,113770
674,559,-1.000272,113885
675,559,1.104496,114005
675,560,-0.98025,114120
675,561,-1.000272,114250
675,562,-1.000272,114295
675,563,-0.98025,114365
675,564,-1.000272,114480
676,564,1.091471,114590
676,565,-0.98025,114630
676,566,-0.98025,114720
676,567,-0.98025,114790
676,568,-1.000272,115000
677,568,1.061456,115165
677,569,-1.000272,115270
678,569,1.100395,115395
679,569,1.112087,115485
679,570,-1.000272,115560
680,570,1.061839,115725
681,570,1.076568,115905
682,570,1.082372,116030
682,571,-1.000272,116110
682,572,-0.98025,116170
683,572,1.090637,116280
683,573,-1.000272,116385
684,573,1.09232,116495
684,574,-0.98025,116565
685,574,1.076064,116700
686,574,1.103083,116820
686,575,-0.98025,116925
687,575,1.065087,117080
687,576,-1.000272,117210
688,576,1.066394,117360
688,577,-1.000272,117405
688,578,-1.000272,117515
688,579,-0.98025,117575
689,579,1.102395,117700
689,580,-0.98025,117785
689,581,-1.000272,117865
689,582,-1.000272,118000
689,583,-1.000272,118100
690,583,1.094966,118205
691,583,1.103083,118325
692,583,1.085198,118445
693,583,1.081028,118570
693,584,-1.000272,118650
693,585,-0.98025,118760
693,586,-1.000272,118845
693,587,-0.98025,118920
693,588,-1.000272,119010
693,589,-1.000272,119065
694,589,1.085935,119185
695,589,1.048037,119395
695,590,-0.98025,119520
696,590,1.085198,119640
696,591,-0.98025,119730
696,592,-1.000272,119830
697,592,1.051274,120025
697,593,-1.000272,120100
697,594,-0.98025,120160
698,594,1.076064,120295
698,595,-0.98025,120355
698,596,-1.000272,120490
698,597,-1.000272,120625
698,598,-0.98025,120685
698,599,-0.98025,120815
699,599,1.065517,120970
699,600,-1.000272,121100
699,601,-0.98025,121215
700,601,1.051274,121410
700,602,-0.98025,121495
701,602,1.062621,121655
701,603,-1.000272,121700
701,604,-1.000272,121755
701,605,-1.000272,121865
702,605,1.082372,121990
702,606,-1.000272,122080
703,606,1.069172,122225
703,607,-0.98025,122280
703,608,-0.98025,122395
703,609,-0.98025,122480
703,610,-1.000272,122600
704,610,1.099728,122700
704,611,-0.98025,122770
705,611,1.101717,122895
706,611,1.081695,123020
706,612,-0.98025,123105
706,613,-1.000272,123215
707,613,1.081028,123340
708,613,1.060334,123505
708,614,-0.98025,123580
708,615,-1.000272,123635
708,616,-1.000272,123750
708,617,-0.98025,123800
709,617,1.083061,123920
709,618,-1.000272,124030
710,618,1.097767,124135
711,618,1.05687,124310
712,618,1.079728,124435
712,619,-1.000272,124605
712,620,-1.000272,124710
713,620,1.076651,124840
714,620,1.075485,124975
714,620,-5.448073E-05,125011
714,621,-1.000272,125131
714,622,-1.000272,125201
714,623,-0.98025,125316
714,624,-0.98025,125371
715,624,1.075485,125506
715,625,-1.000272,125556
715,626,-0.98025,125656
715,627,-1.000272,125811
715,628,-1.000272,125886
715,629,-0.98025,125956
715,630,-1.000272,126036
715,631,-0.98025,126101
715,632,-0.98025,126206
715,633,-0.98025,126281
715,634,-1.000272,126341
716,634,1.069658,126486
716,635,-0.98025,126576
716,636,-0.98025,126691
717,636,1.099115,126821
717,637,-0.98025,126891
718,637,1.076651,127021
718,638,-1.000272,127076
719,638,1.071156,127216
719,639,-0.98025,127271
719,640,-1.000272,127336
720,640,1.094938,127471
721,640,1.078468,127601
722,640,1.074916,127736
722,641,-1.000272,127816
723,641,1.07015,127961
723,642,-1.000272,128066
723,643,-0.98025,128141
723,644,-0.98025,128206
724,644,1.071156,128346
724,645,-0.98025,128411
724,646,-1.000272,128496
724,647,-1.000272,128601
725,647,1.081695,128726
726,647,1.095508,128861
726,648,-1.000272,128966
726,649,-1.000272,129111
726,650,-0.98025,129181
726,651,-1.000272,129321
726,652,-1.000272,129371
726,653,-0.98025,129466
726,654,-0.98025,129526
726,655,-0.98025,129601
726,656,-1.000272,129741
727,656,1.056225,129921
727,657,-0.98025,130006
727,658,-0.98025,130116
727,659,-1.000272,130206
727,660,-0.98025,130271
728,660,1.073802,130406
728,661,-1.000272,130501
729,661,1.099728,130601
729,662,-1.000272,130671
729,663,-0.98025,130766
729,664,-1.000272,130851
729,665,-1.000272,131001
729,666,-1.000272,131091
729,667,-1.000272,131186
730,667,1.07015,131331
730,668,-1.000272,131456
730,669,-1.000272,131516
730,670,-1.000272,131611
730,671,-1.000272,131701
730,672,-0.98025,131786
730,673,-0.98025,131881
730,674,-0.98025,131966
731,674,1.0811,132131
731,675,-1.000272,132246
731,676,-1.000272,132326
731,677,-1.000272,132451
731,678,-1.000272,132511
732,678,1.103784,132631
732,679,-0.98025,132696
732,680,-1.000272,132781
733,680,1.074355,132916
733,681,-0.98025,132976
733,682,-1.000272,133096
733,683,-0.98025,133226
734,683,1.067755,133376
734,684,-1.000272,133446
734,685,-1.000272,133541
735,685,1.091471,133651
735,686,-0.98025,133781
735,687,-0.98025,133876
735,688,-1.000272,134001
735,689,-1.000272,134101
735,690,-0.98025,134206
735,691,-1.000272,134276
735,692,-1.000272,134341
735,693,-1.000272,134461
735,694,-1.000272,134561
736,694,1.077853,134691
736,695,-0.98025,134756
736,696,-1.000272,134886
736,697,-0.98025,134986
736,698,-0.98025,135061
737,698,1.067755,135211
737,699,-1.000272,135261
737,700,-0.98025,135316
737,701,-1.000272,135381
737,702,-1.000272,135506
737,703,-0.98025,135581
737,704,-0.98025,135731
738,704,1.073802,135866
738,705,-1.000272,135926
738,706,-0.98025,135971
738,707,-1.000272,136031
739,707,1.07963,136201
740,707,1.081028,136326
740,708,-0.98025,136426
741,708,1.096815,136531
742,708,1.071156,136671
743,708,1.095508,136806
743,709,-1.000272,136911
743,710,-1.000272,136996
744,710,1.051541,137191
744,711,-0.98025,137251
744,712,-1.000272,137331
745,712,1.077853,137461
745,713,-1.000272,137611
745,714,-1.000272,137701
745,715,-1.000272,137831
745,716,-0.98025,137946
745,717,-0.98025,138091
745,718,-0.98025,138226
746,718,1.067755,138376
747,718,1.082372,138501
747,719,-1.000272,138606
748,719,1.101717,138731
748,720,-0.98025,138791
748,721,-1.000272,138921
749,721,1.083761,139041
749,722,-0.98025,139146
749,723,-1.000272,139251
750,723,1.09975,139376
750,724,-0.98025,139491
750,725,-0.98025,139536
750,726,-1.000272,139676
750,727,-1.000272,139811
750,728,-0.98025,139961
750,729,-1.000272,140111
751,729,1.068693,140256
751,730,-0.98025,140311
751,731,-0.98025,140371
752,731,1.097875,140501
753,731,1.105957,140621
754,731,1.092214,140761
754,732,-0.98025,140846
754,733,-0.98025,140911
754,734,-1.000272,140961
754,735,-0.98025,141036
754,736,-1.000272,141156
754,737,-0.98025,141331
754,738,-1.000272,141406
754,739,-1.000272,141511
754,740,-1.000272,141661
754,741,-1.000272,141781
754,742,-1.000272,141871
755,742,1.085198,141991
755,743,-1.000272,142106
756,743,1.102395,142231
756,744,-1.000272,142281
756,745,-1.000272,142346
756,746,-0.98025,142416
756,747,-0.98025,142491
757,747,1.075485,142626
758,747,1.090637,142736
758,748,-1.000272,142866
758,749,-1.000272,142986
758,750,-1.000272,143086
758,751,-0.98025,143156
759,751,1.081028,143281
759,752,-1.000272,143361
760,752,1.100395,143486
760,753,-0.98025,143591
760,754,-0.98025,143646
760,755,-1.000272,143711
760,756,-1.000272,143766
760,757,-0.98025,143856
761,757,1.07015,144001
761,758,-1.000272,144126
761,759,-1.000272,144281
761,760,-1.000272,144336
761,761,-1.000272,144426
761,762,-0.98025,144551
762,762,1.07065,144696
762,763,-1.000272,144801
762,764,-1.000272,144866
762,765,-0.98025,144936
763,765,1.067755,145086
763,766,-0.98025,145196
764,766,1.088716,145341
764,767,-0.98025,145431
764,768,-0.98025,145501
764,769,-0.98025,145576
764,770,-1.000272,145651
764,771,-1.000272,145766
764,772,-1.000272,145831
764,773,-0.98025,145886
764,774,-1.000272,146001
765,774,1.077853,146131
765,775,-1.000272,146231
765,776,-0.98025,146301
765,777,-0.98025,146361
766,777,1.093186,146471
766,778,-1.000272,146586
766,779,-1.000272,146676
766,780,-0.98025,146816
766,781,-0.98025,146886
766,782,-0.98025,147011
767,782,1.111493,147121
767,783,-1.000272,147211
767,784,-1.000272,147286
767,785,-0.98025,147381
768,785,1.093186,147491
768,786,-1.000272,147621
769,786,1.071833,147816
769,787,-1.000272,147926
770,787,1.05687,148101
770,788,-1.000272,148191
770,789,-1.000272,148266
771,789,1.090637,148376
772,789,1.073257,148516
772,790,-1.000272,148651
773,790,1.093824,148786
773,791,-0.98025,148856
774,791,1.092743,148996
775,791,1.079093,149126
775,792,-1.000272,149221
775,793,-1.000272,149296
775,794,-0.98025,149401
775,795,-0.98025,149496
775,796,-1.000272,149596
775,797,-1.000272,149681
775,798,-1.000272,149756
775,799,-1.000272,149886
775,800,-0.98025,149961
775,800,0.00395,150012
775,801,-1.000272,150157
775,802,-1.000272,150317
775,803,-1.000272,150362
775,804,-0.98025,150422
776,804,1.096673,150552
776,805,-0.98025,150657
776,806,-1.000272,150747
776,807,-1.000272,150862
776,808,-1.000272,150957
776,809,-1.000272,151057
776,810,-1.000272,151192
776,811,-1.000272,151292
776,812,-1.000272,151377
776,813,-1.000272,151452
777,813,1.052919,151642
777,814,-0.98025,151692
777,815,-1.000272,151812
778,815,1.075485,151947
779,815,1.071156,152087
779,816,-0.98025,152182
780,816,1.085198,152302
780,817,-0.98025,152377
781,817,1.084685,152532
781,818,-0.98025,152617
781,819,-1.000272,152707
782,819,1.058899,152877
782,820,-1.000272,152962
782,821,-1.000272,153087
782,822,-1.000272,153202
782,823,-0.98025,153262
782,824,-0.98025,153337
782,825,-0.98025,153462
782,826,-1.000272,153547
782,827,-1.000272,153627
782,828,-1.000272,153702
782,829,-1.000272,153802
782,830,-1.000272,153902
782,831,-0.98025,153962
782,832,-1.000272,154012
782,833,-1.000272,154067
782,834,-0.98025,154157
782,835,-1.000272,154277
783,835,1.059969,154447
784,835,1.074916,154582
785,835,1.067295,154732
785,836,-0.98025,154892
785,837,-1.000272,154977
785,838,-0.98025,155032
786,838,1.054075,155217
786,839,-0.98025,155312
787,839,1.073802,155447
787,840,-0.98025,155522
787,841,-1.000272,155632
788,841,1.065087,155787
788,842,-1.000272,155892
788,843,-0.98025,155987
788,844,-0.98025,156082
788,845,-1.000272,156217
789,845,1.072191,156357
789,846,-1.000272,156437
789,847,-1.000272,156542
789,848,-0.98025,156607
789,849,-1.000272,156667
789,850,-0.98025,156732
789,851,-1.000272,156802
789,852,-1.000272,156882
789,853,-1.000272,156987
790,853,1.106707,157102
791,853,1.069658,157247
791,854,-0.98025,157342
791,855,-0.98025,157407
791,856,-1.000272,157512
791,857,-1.000272,157572
791,858,-1.000272,157662
791,859,-0.98025,157707
791,860,-1.000272,157802
791,861,-1.000272,157882
791,862,-0.98025,158002
791,863,-0.98025,158107
791,864,-0.98025,158162
792,864,1.069658,158307
793,864,1.068221,158457
794,864,1.076064,158592
794,865,-1.000272,158642
795,865,1.065517,158797
795,866,-1.000272,158907
795,867,-1.000272,158987
795,868,-1.000272,159057
796,868,1.066394,159207
796,869,-1.000272,159322
796,870,-0.98025,159397
796,871,-1.000272,159497
796,872,-1.000272,159627
796,873,-1.000272,159697
797,873,1.096673,159827
797,874,-0.98025,159882
797,875,-1.000272,159952
797,876,-0.98025,160042
797,877,-0.98025,160187
797,878,-1.000272,160272
797,879,-0.98025,160352
797,880,-1.000272,160482
798,880,1.103083,160602
798,881,-1.000272,160672
799,881,1.094067,160782
799,882,-0.98025,160837
799,883,-0.98025,160917
799,884,-0.98025,160982
799,885,-1.000272,161122
799,886,-1.000272,161217
799,887,-1.000272,161342
800,887,1.058207,161517
800,888,-1.000272,161612
801,888,1.067295,161762
801,889,-1.000272,161857
801,890,-1.000272,161952
801,891,-1.000272,162072
801,892,-0.98025,162127
801,893,-1.000272,162252
802,893,1.062621,162412
802,894,-0.98025,162467
803,894,1.074916,162602
803,895,-0.98025,162682
803,896,-1.000272,162807
803,897,-1.000272,162857
803,898,-0.98025,162987
804,898,1.087447,163102
805,898,1.068693,163247
805,899,-1.000272,163312
806,899,1.071156,163452
807,899,1.072191,163592
808,899,1.10522,163712
808,900,-0.98025,163812
808,901,-0.98025,163892
808,902,-0.98025,163947
809,902,1.079274,164117
810,902,1.089013,164232
810,903,-0.98025,164302
811,903,1.079093,164432
811,904,-1.000272,164547
811,905,-0.98025,164627
812,905,1.099115,164757
812,906,-0.98025,164887
813,906,1.093279,165027
813,907,-0.98025,165122
814,907,1.082372,165247
814,908,-1.000272,165377
815,908,1.083761,165497
815,909,-1.000272,165607
816,909,1.106707,165722
816,910,-0.98025,165827
816,911,-0.98025,165917
816,912,-1.000272,166012
816,913,-0.98025,166152
816,914,-1.000272,166232
816,915,-1.000272,166362
817,915,1.077853,166492
817,916,-1.000272,166557
817,917,-0.98025,166612
818,917,1.085198,166732
818,918,-0.98025,166797
819,918,1.085935,166917
819,919,-1.000272,167002
819,920,-1.000272,167072
819,921,-0.98025,167132
819,922,-0.98025,167232
820,922,1.102395,167357
820,923,-1.000272,167417
821,923,1.086684,167532
821,924,-1.000272,167602
821,925,-1.000272,167677
821,926,-0.98025,167742
822,926,1.083061,167862
822,927,-1.000272,167932
823,927,1.067755,168082
824,927,1.078468,168212
824,928,-1.000272,168292
824,929,-1.000272,168427
824,930,-0.98025,168497
825,930,1.095508,168632
826,930,1.081028,168757
827,930,1.06383,168917
828,930,1.083761,169037
828,931,-1.000272,169122
829,931,1.067295,169272
830,931,1.081695,169397
830,932,-0.98025,169462
830,933,-1.000272,169612
830,934,-1.000272,169732
830,935,-1.000272,169807
831,935,1.095508,169942
831,936,-0.98025,170027
832,936,1.07167,170167
833,936,1.076064,170302
833,937,-0.98025,170437
833,938,-1.000272,170512
833,939,-1.000272,170562
833,940,-1.000272,170682
834,940,1.086684,170797
835,940,1.080373,170922
835,941,-0.98025,170997
835,942,-0.98025,171052
836,942,1.077853,171182
836,943,-0.98025,171262
836,944,-0.98025,171372
836,945,-0.98025,171457
837,945,1.074916,171592
837,946,-1.000272,171682
838,946,1.074916,171817
839,946,1.080373,171942
840,946,1.075485,172077
841,946,1.077853,172207
841,947,-0.98025,172257
841,948,-1.000272,172327
841,949,-1.000272,172442
842,949,1.076651,172572
842,950,-1.000272,172652
843,950,1.088223,172767
844,950,1.073802,172902
844,951,-0.98025,172972
844,952,-0.98025,173072
844,953,-1.000272,173152
844,954,-1.000272,173237
844,955,-1.000272,173347
844,956,-1.000272,173412
844,957,-1.000272,173472
844,958,-1.000272,173547
844,959,-1.000272,173622
844,960,-0.98025,173727
844,961,-1.000272,173917
845,961,1.089194,174062
846,961,1.076651,174192
846,962,-0.98025,174252
846,963,-1.000272,174302
846,964,-0.98025,174422
846,965,-1.000272,174477
846,966,-1.000272,174562
846,967,-1.000272,174647
846,968,-1.000272,174717
846,969,-1.000272,174842
847,969,1.072191,174982
847,969,0.00395,175013
847,970,-1.000272,175098
847,971,-1.000272,175233
847,972,-0.98025,175353
847,973,-0.98025,175433
848,973,1.077853,175563
848,974,-0.98025,175663
848,975,-1.000272,175758
849,975,1.077247,175888
850,975,1.077853,176018
850,976,-0.98025,176113
850,977,-1.000272,176233
851,977,1.074916,176368
852,977,1.069172,176513
852,978,-0.98025,176678
852,979,-0.98025,176748
852,980,-1.000272,176898
852,981,-1.000272,176978
852,982,-1.000272,177073
852,983,-1.000272,177203
853,983,1.07065,177348
853,984,-1.000272,177413
853,985,-1.000272,177493
854,985,1.06383,177653
854,986,-0.98025,177798
855,986,1.081695,177923
856,986,1.085198,178043
856,987,-1.000272,178123
857,987,1.078468,178253
858,987,1.069658,178398
858,988,-1.000272,178468
858,989,-0.98025,178543
858,990,-1.000272,178698
859,990,1.062228,178858
860,990,1.074355,178993
861,990,1.062228,179153
861,991,-1.000272,179238
861,992,-1.000272,179348
862,992,1.07065,179493
862,993,-0.98025,179613
862,994,-1.000272,179678
862,995,-1.000272,179813
862,996,-0.98025,179928
862,997,-1.000272,180013
862,998,-1.000272,180108
862,999,-1.000272,180193
862,1000,-1.000272,180253
862,1001,-1.000272,180363
862,1002,-0.98025,180463
862,1003,-1.000272,180518
863,1003,1.101717,180643
863,1004,-0.98025,180713
863,1005,-0.98025,180833
864,1005,1.081028,180958
865,1005,1.086684,181073
865,1006,-0.98025,181153
865,1007,-0.98025,181238
866,1007,1.094938,181373
866,1008,-1.000272,181473
867,1008,1.088223,181588
867,1009,-0.98025,181698
867,1010,-1.000272,181843
868,1010,1.076064,181978
868,1011,-0.98025,182063
869,1011,1.074916,182198
869,1012,-0.98025,182273
870,1012,1.075485,182408
870,1013,-1.000272,182523
870,1014,-1.000272,182638
870,1015,-1.000272,182728
870,1016,-1.000272,182788
870,1017,-1.000272,182868
870,1018,-1.000272,182983
870,1019,-1.000272,183108
870,1020,-1.000272,183188
870,1021,-0.98025,183243
870,1022,-0.98025,183308
870,1023,-1.000272,183408
871,1023,1.064663,183563
872,1023,1.091692,183703
872,1024,-1.000272,183833
872,1025,-1.000272,183893
872,1026,-0.98025,183948
872,1027,-1.000272,184018
873,1027,1.094966,184123
873,1028,-0.98025,184208
873,1029,-1.000272,184268
873,1030,-1.000272,184353
873,1031,-1.000272,184448
873,1032,-1.000272,184543
874,1032,1.063422,184703
875,1032,1.069658,184848
875,1033,-0.98025,184973
875,1034,-0.98025,185113
875,1035,-0.98025,185213
876,1035,1.073802,185348
876,1036,-0.98025,185473
876,1037,-1.000272,185558
877,1037,1.065087,185713
878,1037,1.069172,185858
879,1037,1.109036,185973
879,1038,-0.98025,186083
879,1039,-0.98025,186163
880,1039,1.097875,186293
881,1039,1.07065,186438
881,1040,-1.000272,186543
882,1040,1.086684,186658
883,1040,1.071156,186798
883,1041,-0.98025,186868
883,1042,-0.98025,186968
883,1043,-0.98025,187033
884,1043,1.07272,187173
885,1043,1.077247,187303
885,1044,-0.98025,187418
885,1045,-1.000272,187528
885,1046,-1.000272,187628
885,1047,-0.98025,187708
886,1047,1.083761,187828
886,1048,-1.000272,187943
886,1049,-0.98025,188023
886,1050,-0.98025,188178
887,1050,1.103083,188298
887,1051,-0.98025,188373
887,1052,-0.98025,188523
887,1053,-0.98025,188643
887,1054,-1.000272,188778
888,1054,1.097269,188908
888,1055,-1.000272,188998
888,1056,-1.000272,189113
889,1056,1.073802,189248
889,1057,-1.000272,189368
890,1057,1.077853,189498
891,1057,1.073257,189638
892,1057,1.074355,189773
892,1058,-0.98025,189873
893,1058,1.079093,190003
893,1059,-1.000272,190093
894,1059,1.079093,190223
894,1060,-1.000272,190318
894,1061,-1.000272,190398
894,1062,-1.000272,190463
894,1063,-0.98025,190583
894,1064,-0.98025,190673
894,1065,-1.000272,190798
895,1065,1.075485,190933
896,1065,1.07015,191078
897,1065,1.106707,191193
897,1066,-0.98025,191268
897,1067,-0.98025,191403
897,1068,-0.98025,191493
898,1068,1.075485,191628
898,1069,-1.000272,191678
898,1070,-0.98025,191753
898,1071,-1.000272,191818
899,1071,1.064244,191973
900,1071,1.101051,192098
900,1072,-1.000272,192223
900,1073,-0.98025,192278
900,1074,-1.000272,192378
901,1074,1.099115,192508
901,1075,-0.98025,192603
902,1075,1.091179,192743
903,1075,1.068693,192888
903,1076,-0.98025,192963
904,1076,1.077247,193093
904,1077,-1.000272,193183
904,1078,-0.98025,193243
905,1078,1.094377,193378
906,1078,1.076064,193513
906,1079,-1.000272,193613
906,1080,-1.000272,193683
906,1081,-0.98025,193803
906,1082,-1.000272,193908
906,1083,-0.98025,194063
906,1084,-1.000272,194163
906,1085,-0.98025,194278
907,1085,1.07167,194418
908,1085,1.087777,194568
908,1086,-0.98025,194673
909,1086,1.085198,194793
909,1087,-0.98025,194853
909,1088,-1.000272,194918
909,1089,-0.98025,194988
910,1089,1.094938,195123
910,1090,-1.000272,195183
911,1090,1.07272,195323
911,1091,-0.98025,195433
912,1091,1.079093,195563
913,1091,1.076651,195693
914,1091,1.094377,195828
914,1092,-1.000272,195883
915,1092,1.090637,195993
915,1093,-0.98025,196108
915,1094,-0.98025,196198
915,1095,-1.000272,196288
915,1096,-1.000272,196388
915,1097,-1.000272,196528
915,1098,-1.000272,196633
915,1099,-1.000272,196693
916,1099,1.07272,196833
916,1100,-1.000272,196958
916,1101,-0.98025,197028
916,1102,-0.98025,197118
916,1103,-0.98025,197258
916,1104,-1.000272,197378
916,1105,-0.98025,197508
916,1106,-0.98025,197608
916,1107,-0.98025,197753
917,1107,1.07015,197898
917,1108,-0.98025,197978
917,1109,-0.98025,198028
918,1109,1.09975,198153
919,1109,1.066394,198303
919,1110,-1.000272,198378
919,1111,-1.000272,198523
920,1111,1.082372,198648
920,1112,-1.000272,198723
921,1112,1.078468,198853
922,1112,1.07167,198993
922,1113,-0.98025,199058
922,1114,-1.000272,199133
922,1115,-0.98025,199188
923,1115,1.074916,199323
924,1115,1.089013,199438
924,1116,-0.98025,199488
924,1117,-1.000272,199648
924,1118,-0.98025,199708
924,1119,-0.98025,199783
924,1120,-1.000272,199848
925,1120,1.081028,199973
925,1120,-5.448073E-05,200014
925,1121,-0.98025,200139
926,1121,1.07272,200279
927,1121,1.072191,200419
927,1122,-1.000272,200489
927,1123,-0.98025,200599
927,1124,-0.98025,200684
928,1124,1.066394,200834
928,1125,-1.000272,200954
928,1126,-0.98025,201039
929,1126,1.079093,201169
929,1127,-0.98025,201229
929,1128,-0.98025,201319
930,1128,1.097875,201449
930,1129,-0.98025,201529
931,1129,1.064244,201684
931,1130,-0.98025,201824
931,1131,-0.98025,201884
931,1132,-0.98025,201989
931,1133,-0.98025,202124
931,1134,-0.98025,202239
931,1135,-0.98025,202304
931,1136,-1.000272,202419
931,1137,-1.000272,202494
932,1137,1.103083,202614
932,1138,-0.98025,202669
933,1138,1.090173,202814
933,1139,-0.98025,202959
934,1139,1.07015,203104
934,1140,-1.000272,203234
935,1140,1.079093,203364
936,1140,1.086684,203479
936,1141,-1.000272,203609
936,1142,-0.98025,203744
937,1142,1.084473,203864
937,1143,-0.98025,203924
937,1144,-0.98025,204049
937,1145,-0.98025,204109
938,1145,1.08968,204254
939,1145,1.095508,204389
939,1146,-0.98025,204459
939,1147,-0.98025,204519
939,1148,-0.98025,204619
940,1148,1.103784,204739
940,1149,-0.98025,204794
940,1150,-0.98025,204909
941,1150,1.07065,205054
942,1150,1.077247,205184
943,1150,1.079728,205309
943,1151,-0.98025,205389
944,1151,1.083761,205509
945,1151,1.079728,205634
945,1152,-0.98025,205674
945,1153,-0.98025,205804
946,1153,1.084473,205924
947,1153,1.092214,206064
947,1154,-1.000272,206179
947,1155,-0.98025,206299
948,1155,1.066842,206449
948,1156,-0.98025,206534
949,1156,1.079093,206664
949,1157,-0.98025,206774
950,1157,1.104496,206894
951,1157,1.101051,207019
951,1158,-0.98025,207079
951,1159,-1.000272,207179
951,1160,-1.000272,207269
951,1161,-0.98025,207309
951,1162,-1.000272,207409
951,1163,-0.98025,207514
952,1163,1.058899,207684
952,1164,-0.98025,207739
952,1165,-0.98025,207794
952,1166,-1.000272,207934
952,1167,-0.98025,208014
952,1168,-0.98025,208079
952,1169,-0.98025,208149
952,1170,-1.000272,208274
953,1170,1.084473,208394
953,1171,-0.98025,208459
953,1172,-0.98025,208529
953,1173,-1.000272,208639
953,1174,-0.98025,208714
953,1175,-0.98025,208784
953,1176,-0.98025,208854
954,1176,1.077853,208984
954,1177,-0.98025,209049
954,1178,-0.98025,209119
955,1178,1.073257,209259
956,1178,1.096086,209394
956,1179,-0.98025,209479
956,1180,-0.98025,209584
957,1180,1.09975,209709
957,1181,-0.98025,209819
957,1182,-1.000272,209884
958,1182,1.081695,210009
958,1183,-1.000272,210059
958,1184,-0.98025,210159
958,1185,-1.000272,210289
958,1186,-1.000272,210394
959,1186,1.087447,210509
959,1187,-1.000272,210639
960,1187,1.076064,210774
961,1187,1.099115,210904
961,1188,-1.000272,210994
962,1188,1.074355,211129
962,1189,-1.000272,211214
962,1190,-1.000272,211344
962,1191,-1.000272,211459
963,1191,1.073257,211599
963,1192,-1.000272,211739
963,1193,-0.98025,211799
964,1193,1.080373,211924
964,1194,-0.98025,211994
964,1195,-1.000272,212064
964,1196,-1.000272,212199
964,1197,-1.000272,212319
965,1197,1.103083,212439
965,1198,-0.98025,212554
965,1199,-1.000272,212629
965,1200,-1.000272,212684
965,1201,-0.98025,212774
965,1202,-0.98025,212899
965,1203,-1.000272,213014
966,1203,1.077247,213144
967,1203,1.067295,213294
968,1203,1.085198,213414
968,1204,-0.98025,213539
968,1205,-1.000272,213629
968,1206,-1.000272,213694
969,1206,1.07272,213834
969,1207,-1.000272,213954
970,1207,1.096673,214084
970,1208,-0.98025,214199
970,1209,-1.000272,214269
970,1210,-1.000272,214399
970,1211,-0.98025,214484
971,1211,1.05687,214659
971,1212,-1.000272,214744
972,1212,1.078468,214874
973,1212,1.096673,215004
973,1213,-1.000272,215064
973,1214,-1.000272,215144
973,1215,-1.000272,215209
974,1215,1.081695,215334
975,1215,1.073257,215474
976,1215,1.071156,215614
976,1216,-1.000272,215699
976,1217,-0.98025,215774
976,1218,-0.98025,215839
976,1219,-1.000272,215964
976,1220,-0.98025,216019
976,1221,-0.98025,216084
976,1222,-1.000272,216194
976,1223,-1.000272,216299
977,1223,1.068693,216444
977,1224,-0.98025,216524
978,1224,1.076651,216654
979,1224,1.093279,216794
980,1224,1.079728,216919
980,1225,-0.98025,216994
981,1225,1.10522,217114
982,1225,1.085109,217269
983,1225,1.104496,217389
983,1226,-0.98025,217469
983,1227,-0.98025,217559
983,1228,-0.98025,217634
983,1229,-1.000272,217699
984,1229,1.085198,217819
984,1230,-0.98025,217884
984,1231,-1.000272,218004
984,1232,-0.98025,218094
984,1233,-0.98025,218189
985,1233,1.080373,218314
986,1233,1.088243,218464
986,1234,-1.000272,218554
987,1234,1.080373,218679
988,1234,1.076064,218814
988,1235,-0.98025,218919
989,1235,1.077853,219049
990,1235,1.087447,219164
991,1235,1.081695,219289
992,1235,1.107469,219404
992,1236,-0.98025,219519
993,1236,1.066842,219669
994,1236,1.103784,219789
995,1236,1.077247,219919
995,1237,-1.000272,220029
995,1238,-0.98025,220104
995,1239,-1.000272,220204
995,1240,-0.98025,220269
995,1241,-1.000272,220404
996,1241,1.077853,220534
997,1241,1.083061,220654
998,1241,1.080373,220779
998,1242,-0.98025,220849
999,1242,1.078468,220979
1000,1242,1.09975,221104
1000,1243,-0.98025,221184
1000,1244,-0.98025,221264
1001,1244,1.072191,221404
1001,1245,-0.98025,221489
1002,1245,1.076651,221619
1003,1245,1.07167,221759
1004,1245,1.060334,221924
1004,1246,-1.000272,222039
1004,1247,-1.000272,222154
1004,1248,-0.98025,222214
1004,1249,-0.98025,222304
1004,1250,-1.000272,222374
1004,1251,-1.000272,222464
1004,1252,-0.98025,222574
1004,1253,-0.98025,222644
1005,1253,1.09849,222774
1005,1254,-1.000272,222859
1005,1255,-0.98025,222919
1006,1255,1.090672,223064
1006,1256,-0.98025,223124
1006,1257,-1.000272,223249
1007,1257,1.079728,223374
1007,1258,-0.98025,223444
1007,1259,-0.98025,223499
1007,1260,-0.98025,223604
1008,1260,1.090637,223714
1008,1261,-1.000272,223799
1008,1262,-0.98025,223854
1009,1262,1.096673,223984
1010,1262,1.081695,224109
1010,1263,-1.000272,224219
1010,1264,-1.000272,224334
1010,1265,-0.98025,224449
1010,1266,-0.98025,224569
1010,1267,-1.000272,224694
1011,1267,1.078468,224824
1012,1267,1.085198,224944
1012,1267,0.00395,225015
1012,1268,-1.000272,225095
1013,1268,1.103083,225215
1013,1269,-1.000272,225290
1014,1269,1.082372,225415
1014,1270,-0.98025,225520
1015,1270,1.074355,225655
1016,1270,1.076064,225790
1016,1271,-0.98025,225885
1016,1272,-0.98025,225990
1016,1273,-0.98025,226050
1017,1273,1.074355,226185
1018,1273,1.082372,226310
1019,1273,1.068693,226455
1020,1273,1.066842,226605
1020,1274,-0.98025,226695
1021,1274,1.090672,226840
1022,1274,1.073802,226975
1022,1275,-1.000272,227095
1022,1276,-0.98025,227160
1022,1277,-1.000272,227240
1023,1277,1.082372,227365
1023,1278,-1.000272,227485
1024,1278,1.081695,227610
1024,1279,-1.000272,227715
1024,1280,-1.000272,227795
1024,1281,-0.98025,227850
1024,1282,-0.98025,227960
1025,1282,1.091471,228070
1025,1283,-0.98025,228145
1025,1284,-1.000272,228275
1025,1285,-1.000272,228360
1025,1286,-0.98025,228440
1025,1287,-0.98025,228495
1026,1287,1.084473,228615
1027,1287,1.072191,228755
1027,1288,-0.98025,228820
1027,1289,-0.98025,228895
1027,1290,-1.000272,229045
1027,1291,-0.98025,229105
1028,1291,1.069658,229250
1028,1292,-1.000272,229350
1028,1293,-0.98025,229415
1028,1294,-1.000272,229540
1028,1295,-0.98025,229600
1029,1295,1.065953,229755
1030,1295,1.075485,229890
1030,1296,-1.000272,229945
1030,1297,-0.98025,230020
1030,1298,-0.98025,230165
1031,1298,1.076651,230295
1031,1299,-0.98025,230385
1031,1300,-1.000272,230490
1031,1301,-1.000272,230615
1032,1301,1.096086,230750
1032,1302,-0.98025,230830
1032,1303,-1.000272,230890
1032,1304,-0.98025,231015
1032,1305,-0.98025,231075
1033,1305,1.07015,231220
1034,1305,1.100395,231345
1034,1306,-0.98025,231405
1034,1307,-1.000272,231540
1034,1308,-0.98025,231620
1035,1308,1.07015,231765
1036,1308,1.085935,231885
1036,1309,-1.000272,231970
1037,1309,1.077247,232100
1037,1310,-0.98025,232220
1038,1310,1.103083,232340
1039,1310,1.083061,232460
1039,1311,-1.000272,232585
1039,1312,-0.98025,232650
1040,1312,1.080373,232775
1040,1313,-0.98025,232830
1040,1314,-0.98025,232895
1041,1314,1.102395,233020
1042,1314,1.077853,233150
1042,1315,-1.000272,233250
1042,1316,-0.98025,233320
1042,1317,-1.000272,233435
1043,1317,1.09849,233565
1043,1318,-1.000272,233670
1044,1318,1.079093,233800
1045,1318,1.076651,233930
1045,1319,-1.000272,234000
1045,1320,-0.98025,234050
1045,1321,-0.98025,234110
1046,1321,1.083061,234230
1046,1322,-0.98025,234325
1046,1323,-1.000272,234445
1046,1324,-0.98025,234560
1047,1324,1.065517,234715
1047,1325,-1.000272,234845
1047,1326,-0.98025,234960
1048,1326,1.107469,235075
1049,1326,1.081695,235200
1049,1327,-0.98025,235285
1050,1327,1.07272,235425
1051,1327,1.068221,235575
1052,1327,1.091471,235685
1053,1327,1.104496,235805
1053,1328,-1.000272,235870
1053,1329,-0.98025,235925
1053,1330,-1.000272,236040
1053,1331,-0.98025,236090
1053,1332,-0.98025,236200
1053,1333,-0.98025,236265
1054,1333,1.101717,236390
1054,1334,-1.000272,236465
1054,1335,-0.98025,236530
1054,1336,-1.000272,236600
1055,1336,1.068221,236750
1055,1337,-0.98025,236820
1056,1337,1.078468,236950
1056,1338,-1.000272,237065
1056,1339,-0.98025,237130
1057,1339,1.105957,237250
1058,1339,1.095508,237385
1058,1340,-0.98025,237445
1058,1341,-1.000272,237525
1058,1342,-0.98025,237630
1058,1343,-0.98025,237690
1058,1344,-0.98025,237750
1059,1344,1.082372,237875
1060,1344,1.081028,238000
1061,1344,1.072191,238140
1062,1344,1.073257,238280
1063,1344,1.080373,238405
1063,1345,-1.000272,238520
1064,1345,1.083061,238640
1065,1345,1.086864,238790
1065,1346,-1.000272,238880
1066,1346,1.085198,239000
1066,1347,-1.000272,239120
1066,1348,-0.98025,239205
1066,1349,-0.98025,239340
1066,1350,-0.98025,239410
1066,1351,-0.98025,239510
1066,1352,-1.000272,239620
1067,1352,1.079728,239745
1068,1352,1.090672,239890
1069,1352,1.075485,240025
1069,1353,-0.98025,240120
1069,1354,-1.000272,240235
1069,1355,-1.000272,240335
1069,1356,-0.98025,240460
1069,1357,-1.000272,240570
1069,1358,-0.98025,240640
1069,1359,-0.98025,240725
1069,1360,-1.000272,240860
1069,1361,-0.98025,240915
1070,1361,1.074916,241050
1070,1362,-1.000272,241130
1071,1362,1.073802,241265
1072,1362,1.079093,241395
1072,1363,-0.98025,241450
1073,1363,1.085198,241570
1073,1364,-0.98025,241670
1073,1365,-0.98025,241795
1073,1366,-1.000272,241880
1074,1366,1.083061,242000
1074,1367,-0.98025,242070
1075,1367,1.075485,242205
1076,1367,1.079093,242335
1077,1367,1.073802,242470
1077,1368,-1.000272,242530
1077,1369,-0.98025,242625
1078,1369,1.069658,242770
1078,1370,-0.98025,242865
1079,1370,1.10522,242985
1079,1371,-0.98025,243070
1080,1371,1.075485,243205
1081,1371,1.067755,243355
1082,1371,1.067755,243505
1082,1372,-0.98025,243610
1082,1373,-1.000272,243745
1082,1374,-0.98025,243880
1082,1375,-1.000272,244020
1082,1376,-0.98025,244095
1083,1376,1.083853,244255
1083,1377,-1.000272,244325
1083,1378,-0.98025,244395
1083,1379,-1.000272,244510
1083,1380,-1.000272,244605
1084,1380,1.073257,244745
1084,1381,-0.98025,244815
1084,1382,-0.98025,244880
1085,1382,1.076651,245010
1086,1382,1.104496,245130
1086,1383,-0.98025,245210
1086,1384,-1.000272,245280
1086,1385,-0.98025,245400
1086,1386,-0.98025,245465
1087,1386,1.09849,245595
1087,1387,-0.98025,245695
1087,1388,-1.000272,245755
1087,1389,-1.000272,245875
1087,1390,-0.98025,245965
1087,1391,-0.98025,246055
1087,1392,-1.000272,246115
1088,1392,1.077853,246245
1088,1393,-1.000272,246305
1088,1394,-0.98025,246415
1088,1395,-1.000272,246540
1088,1396,-0.98025,246625
1088,1397,-0.98025,246690
1088,1398,-0.98025,246805
1088,1399,-1.000272,246865
1089,1399,1.073257,247005
1090,1399,1.068221,247155
1091,1399,1.079728,247280
1091,1400,-0.98025,247405
1092,1400,1.079728,247530
1092,1401,-1.000272,247635
1092,1402,-0.98025,247730
1092,1403,-0.98025,247805
1092,1404,-1.000272,247875
1092,1405,-1.000272,247945
1092,1406,-0.98025,248000
1093,1406,1.071156,248140
1093,1407,-1.000272,248195
1094,1407,1.077247,248325
1094,1408,-1.000272,248435
1095,1408,1.074355,248570
1095,1409,-0.98025,248630
1095,1410,-1.000272,248735
1095,1411,-1.000272,248805
1095,1412,-1.000272,248865
1095,1413,-0.98025,248945
1095,1414,-0.98025,249035
1095,1415,-0.98025,249140
1095,1416,-0.98025,249215
1095,1417,-1.000272,249280
1095,1418,-0.98025,249400
1095,1419,-1.000272,249520
1095,1420,-1.000272,249650
1095,1421,-0.98025,249710
1095,1422,-1.000272,249810
1096,1422,1.079728,249935
