Goals,Deaths,Reward,Step 
0,0,0,0
0,1,-1,5
0,2,-1,50
0,3,-1,100
0,5,-2,165
0,6,-1,225
0,7,-1,285
0,8,-1,290
0,9,-1,385
0,10,-1,445
0,11,-1,495
0,12,-1,550
0,13,-1,650
0,14,-1,720
0,15,-1,725
0,16,-1,780
0,17,-1,830
0,18,-1,960
0,19,-1,965
0,20,-1,1025
0,21,-1,1030
0,22,-1,1070
0,23,-1,1180
0,24,-1,1210
1,24,1.055866,1390
1,25,-1,1550
1,26,-1,1555
1,27,-1,1560
1,28,-1,1620
1,29,-1,1680
1,30,-1,1720
1,31,-1,1780
1,32,-1,1785
1,33,-1,1880
1,34,-1,1945
1,35,-1,2010
1,36,-1,2045
1,37,-1,2050
2,37,1.066667,2200
2,38,-1,2205
2,39,-1,2270
2,40,-1,2275
2,41,-1,2355
2,42,-1,2465
2,43,-1,2595
2,44,-1,2645
2,45,-1,2770
2,46,-1,2825
2,48,-2,2915
2,49,-1,3055
2,50,-1,3110
2,51,-1,3145
2,52,-1,3190
2,53,-1,3315
2,54,-1,3485
2,55,-1,3540
2,56,-1,3600
2,57,-1,3675
2,58,-1,3680
2,59,-1,3685
2,60,-1,3715
2,61,-1,3770
2,62,-1,3840
2,63,-1,3845
2,64,-1,3910
2,65,-1,3930
2,66,-1,3985
2,67,-1,4075
2,68,-1,4175
3,68,1.070922,4320
3,69,-1,4350
3,70,-1,4425
3,71,-1,4490
3,72,-1,4590
3,73,-1,4650
3,74,-1,4655
3,75,-1,4660
3,76,-1,4780
3,77,-1,4785
3,78,-1,4925
3,79,-1,4990
3,80,-1,4995
3,81,-1,5040
3,82,-1,5090
3,83,-1,5160
3,84,-1,5165
3,85,-1,5170
3,86,-1,5295
3,87,-1,5320
3,88,-1,5325
4,88,1.084746,5445
4,89,-1,5515
4,90,-1,5565
4,91,-1,5685
4,92,-1,5735
4,93,-1,5740
4,94,-1,5780
4,95,-1,5915
4,96,-1,5920
4,97,-1,5925
4,98,-1,5930
4,99,-1,5935
4,100,-1,5940
4,101,-1,6030
4,102,-1,6065
4,103,-1,6255
4,104,-1,6370
5,104,1.084034,6490
5,105,-1,6550
5,106,-1,6605
5,107,-1,6630
5,108,-1,6635
5,109,-1,6750
5,110,-1,6810
5,111,-1,6815
5,112,-1,6820
6,112,1.147059,6890
6,113,-1,6895
6,114,-1,6950
6,116,-2,7035
6,117,-1,7080
6,118,-1,7145
6,119,-1,7210
6,120,-1,7215
6,121,-1,7330
6,122,-1,7450
6,123,-1,7500
7,123,1.131579,7580
7,124,-1,7675
7,125,-1,7730
7,126,-1,7785
7,127,-1,7900
7,128,-1,7955
7,129,-1,7960
8,129,1.136986,8035
8,130,-1,8090
8,131,-1,8095
8,132,-1,8140
8,133,-1,8200
8,134,-1,8325
8,135,-1,8330
8,136,-1,8405
9,136,1.055556,8585
9,137,-1,8655
9,138,-1,8715
9,139,-1,8720
9,140,-1,8800
9,141,-1,8860
9,142,-1,8920
9,143,-1,8970
9,144,-1,8975
9,145,-1,8980
9,146,-1,9090
9,147,-1,9210
9,148,-1,9240
9,149,-1,9290
9,150,-1,9345
9,151,-1,9395
9,152,-1,9515
9,153,-1,9695
9,154,-1,9745
9,155,-1,9750
9,156,-1,9840
9,157,-1,9845
9,158,-1,9990
9,159,-1,9995
9,160,-1,10000
9,162,-2,10080
9,163,-1,10200
9,164,-1,10235
9,165,-1,10270
9,166,-1,10375
9,167,-1,10380
9,168,-1,10440
9,169,-1,10535
9,170,-1,10540
9,171,-1,10695
9,172,-1,10700
9,173,-1,10705
9,174,-1,10745
9,175,-1,10795
9,176,-1,10860
9,177,-1,10885
9,178,-1,10965
9,179,-1,10970
9,180,-1,10985
9,181,-1,11025
9,182,-1,11030
9,183,-1,11140
9,184,-1,11195
9,185,-1,11200
9,186,-1,11445
9,187,-1,11450
9,188,-1,11570
9,189,-1,11575
9,190,-1,11705
9,191,-1,11775
9,192,-1,11865
9,193,-1,11920
9,194,-1,12060
9,195,-1,12215
9,197,-2,12280
9,198,-1,12315
9,199,-1,12375
9,200,-1,12425
9,201,-1,12485
9,202,-1,12490
9,203,-1,12545
9,204,-1,12615
9,205,-1,12620
9,206,-1,12760
9,207,-1,12795
9,208,-1,12855
9,209,-1,12865
9,210,-1,12915
9,211,-1,12965
9,212,-1,13030
9,213,-1,13090
9,214,-1,13240
9,215,-1,13360
9,216,-1,13365
9,217,-1,13420
9,218,-1,13470
9,219,-1,13510
9,220,-1,13570
9,221,-1,13625
10,221,1.065789,13780
10,222,-1,13825
10,223,-1,14005
10,224,-1,14180
10,225,-1,14185
11,225,1.140845,14260
11,226,-1,14390
11,227,-1,14435
11,228,-1,14610
11,229,-1,14910
11,230,-1,14915
11,231,-1,15140
11,233,-2,15285
11,234,-1,15375
11,236,-2,15445
11,238,-2,15520
11,239,-1,15645
11,240,-1,15685
11,241,-1,15815
11,242,-1,15850
11,243,-1,15925
12,243,1.074627,16060
12,244,-1,16105
12,245,-1,16360
12,246,-1,16420
12,247,-1,16465
12,249,-2,16530
12,250,-1,16605
12,251,-1,16750
12,252,-1,16755
12,253,-1,16925
12,254,-1,16960
12,255,-1,17080
13,255,1.151515,17150
13,256,-1,17155
13,257,-1,17170
13,258,-1,17175
13,259,-1,17250
13,260,-1,17295
13,261,-1,17345
13,262,-1,17405
13,263,-1,17410
13,264,-1,17415
13,265,-1,17470
13,266,-1,17520
13,267,-1,17585
13,269,-2,17645
13,270,-1,17690
13,271,-1,17720
13,272,-1,17765
13,273,-1,17815
13,274,-1,17870
13,275,-1,17900
13,276,-1,17905
13,277,-1,17910
13,278,-1,17975
13,279,-1,17980
13,280,-1,18040
13,281,-1,18070
13,282,-1,18100
13,283,-1,18160
13,284,-1,18220
13,286,-2,18365
13,287,-1,18420
13,288,-1,18550
13,289,-1,18605
13,290,-1,18645
13,291,-1,18750
13,292,-1,18810
13,293,-1,18870
13,294,-1,18930
13,295,-1,18935
13,296,-1,18990
13,297,-1,19100
13,298,-1,19160
13,299,-1,19285
13,300,-1,19340
13,301,-1,19395
13,302,-1,19400
13,303,-1,19475
13,304,-1,19535
13,305,-1,19610
13,306,-1,19640
13,307,-1,19690
13,308,-1,19735
13,309,-1,19855
13,310,-1,19860
13,311,-1,19865
13,313,-2,19925
13,314,-1,20010
13,315,-1,20130
14,315,1.041152,20375
14,316,-1,20410
14,317,-1,20470
14,318,-1,20585
14,319,-1,20695
14,320,-1,20850
14,321,-1,20895
14,322,-1,20900
14,323,-1,20905
14,324,-1,21050
14,325,-1,21120
14,326,-1,21185
14,327,-1,21250
14,328,-1,21310
14,329,-1,21355
14,330,-1,21415
14,331,-1,21510
14,332,-1,21515
14,333,-1,21520
14,334,-1,21580
14,335,-1,21595
14,336,-1,21640
14,337,-1,21685
14,338,-1,21710
14,339,-1,21770
14,340,-1,21820
14,341,-1,22000
14,342,-1,22135
14,343,-1,22220
14,344,-1,22355
14,345,-1,22550
14,346,-1,22610
14,347,-1,22655
14,348,-1,22735
14,349,-1,22800
14,350,-1,22855
14,351,-1,22895
14,352,-1,22900
14,353,-1,22960
14,354,-1,23000
14,355,-1,23070
14,356,-1,23175
14,357,-1,23230
14,358,-1,23290
14,359,-1,23415
14,360,-1,23505
14,361,-1,23510
14,362,-1,23545
14,363,-1,23590
14,364,-1,23595
14,365,-1,23700
14,366,-1,23800
14,367,-1,23805
14,368,-1,23855
14,369,-1,23905
14,370,-1,23910
14,371,-1,23945
14,372,-1,24095
14,373,-1,24125
14,374,-1,24225
14,375,-1,24395
14,376,-1,24455
14,377,-1,24560
14,378,-1,24565
14,379,-1,24605
14,380,-1,24665
14,381,-1,24730
14,382,-1,24760
14,383,-1,24765
14,385,-2,24825
14,386,-1,24935
14,387,-1,24990
15,387,1.09009,25105
15,388,-1,25180
15,389,-1,25210
15,390,-1,25215
15,391,-1,25220
15,392,-1,25265
15,393,-1,25310
15,394,-1,25430
15,395,-1,25550
15,396,-1,25620
15,397,-1,25625
15,398,-1,25775
15,399,-1,25885
15,400,-1,25890
15,401,-1,25935
15,402,-1,25990
15,403,-1,26095
15,404,-1,26265
15,405,-1,26300
15,406,-1,26380
15,407,-1,26385
15,408,-1,26445
15,409,-1,26450
15,410,-1,26630
15,411,-1,26635
15,412,-1,26720
15,413,-1,26725
15,414,-1,26765
15,415,-1,26770
15,416,-1,26800
15,417,-1,26860
15,418,-1,26900
15,419,-1,26960
15,420,-1,27025
15,421,-1,27220
15,422,-1,27265
15,423,-1,27310
15,424,-1,27350
15,425,-1,27355
15,426,-1,27360
16,426,1.051813,27555
16,427,-1,27560
16,428,-1,27565
16,430,-2,27815
16,431,-1,27895
16,432,-1,27940
16,433,-1,28000
16,434,-1,28085
17,434,1.035842,28365
18,434,1.188679,28420
18,435,-1,28455
18,436,-1,28525
18,437,-1,28570
18,438,-1,28635
18,439,-1,28640
18,440,-1,28775
18,441,-1,28835
18,442,-1,28885
18,443,-1,29020
18,444,-1,29110
18,445,-1,29115
18,446,-1,29215
18,447,-1,29305
18,448,-1,29365
18,449,-1,29370
18,450,-1,29375
18,451,-1,29380
19,451,1.113636,29470
19,452,-1,29510
19,453,-1,29575
19,454,-1,29645
19,455,-1,29650
19,456,-1,29655
19,457,-1,29720
19,458,-1,29765
19,459,-1,29835
19,460,-1,29955
19,461,-1,30065
19,462,-1,30070
19,463,-1,30090
19,464,-1,30155
19,465,-1,30285
19,466,-1,30290
19,467,-1,30345
19,468,-1,30495
19,469,-1,30615
19,470,-1,30620
19,471,-1,30655
19,472,-1,30715
19,473,-1,30720
19,474,-1,30840
19,475,-1,30880
19,476,-1,30980
19,477,-1,30985
19,478,-1,31050
19,479,-1,31085
19,480,-1,31195
19,481,-1,31200
19,482,-1,31240
19,483,-1,31285
19,484,-1,31340
19,485,-1,31355
19,486,-1,31485
19,487,-1,31500
19,488,-1,31560
19,489,-1,31610
19,490,-1,31715
19,491,-1,31755
20,491,1.073529,31895
20,492,-1,31955
20,493,-1,31960
20,494,-1,31965
20,495,-1,32025
20,496,-1,32030
20,497,-1,32035
20,498,-1,32080
20,499,-1,32145
20,500,-1,32205
20,501,-1,32245
20,503,-2,32310
20,504,-1,32390
20,506,-2,32470
20,507,-1,32510
20,508,-1,32515
20,509,-1,32555
20,510,-1,32625
20,511,-1,32630
20,513,-2,32755
20,514,-1,32760
20,515,-1,32765
20,516,-1,32770
20,517,-1,32835
20,518,-1,32840
20,519,-1,32910
21,519,1.140845,32985
21,520,-1,33045
21,521,-1,33235
21,522,-1,33300
21,523,-1,33340
21,524,-1,33385
21,525,-1,33455
21,526,-1,33495
21,527,-1,33555
21,528,-1,33560
21,529,-1,33605
21,530,-1,33640
21,531,-1,33770
21,532,-1,33965
21,533,-1,33970
21,534,-1,34000
21,535,-1,34095
21,536,-1,34150
21,537,-1,34155
21,538,-1,34200
21,539,-1,34205
21,540,-1,34210
21,541,-1,34215
21,542,-1,34265
21,543,-1,34270
21,544,-1,34275
21,545,-1,34330
21,546,-1,34335
21,547,-1,34400
21,548,-1,34445
21,549,-1,34480
21,550,-1,34545
21,551,-1,34610
21,552,-1,34780
21,553,-1,34825
21,554,-1,34890
21,555,-1,34970
21,556,-1,35010
21,557,-1,35060
21,558,-1,35100
21,559,-1,35160
21,560,-1,35375
21,561,-1,35410
21,562,-1,35475
21,563,-1,35530
21,564,-1,35590
21,565,-1,35595
21,566,-1,35715
21,567,-1,35735
21,568,-1,35805
21,569,-1,35860
21,570,-1,35865
21,571,-1,35975
21,572,-1,36030
21,573,-1,36145
21,574,-1,36275
21,575,-1,36345
21,576,-1,36450
21,577,-1,36585
21,578,-1,36590
21,579,-1,36655
21,580,-1,36705
21,581,-1,36735
21,582,-1,36935
21,583,-1,36940
21,584,-1,37020
21,585,-1,37090
21,586,-1,37155
21,587,-1,37210
22,587,1.196078,37265
22,588,-1,37270
22,589,-1,37275
22,590,-1,37310
22,591,-1,37385
22,592,-1,37390
22,593,-1,37610
22,594,-1,37700
22,595,-1,37770
22,596,-1,37925
22,597,-1,38040
22,598,-1,38080
22,599,-1,38120
22,600,-1,38160
22,601,-1,38200
22,602,-1,38250
22,603,-1,38255
22,604,-1,38340
22,605,-1,38345
22,606,-1,38405
22,607,-1,38565
22,608,-1,38570
22,609,-1,38575
22,610,-1,38580
22,611,-1,38665
22,612,-1,38720
22,613,-1,38725
22,614,-1,38730
22,615,-1,38775
22,616,-1,38825
22,617,-1,38830
22,618,-1,39000
22,619,-1,39035
22,620,-1,39085
22,621,-1,39120
22,622,-1,39175
22,623,-1,39410
22,624,-1,39415
22,625,-1,39420
22,626,-1,39425
22,627,-1,39500
22,628,-1,39550
22,629,-1,39595
22,630,-1,39610
22,631,-1,39760
22,632,-1,39900
22,633,-1,39965
22,634,-1,40010
22,635,-1,40065
22,636,-1,40110
22,637,-1,40115
22,638,-1,40150
22,639,-1,40245
22,640,-1,40300
22,641,-1,40360
22,642,-1,40465
22,643,-1,40595
22,644,-1,40645
22,645,-1,40690
22,646,-1,40770
22,647,-1,40775
22,648,-1,40855
22,649,-1,41015
22,650,-1,41210
22,651,-1,41245
22,652,-1,41315
22,653,-1,41320
22,654,-1,41365
22,655,-1,41370
22,656,-1,41615
22,657,-1,41620
22,658,-1,41675
22,659,-1,41760
22,660,-1,41765
22,661,-1,41825
22,662,-1,41855
22,663,-1,41915
22,664,-1,41920
22,665,-1,42075
22,666,-1,42080
22,667,-1,42145
22,668,-1,42150
22,669,-1,42180
22,670,-1,42185
22,671,-1,42220
22,672,-1,42270
22,673,-1,42275
22,674,-1,42435
22,675,-1,42480
22,676,-1,42605
22,677,-1,42660
22,678,-1,42665
22,679,-1,42720
23,679,1.05,42920
23,680,-1,42925
23,681,-1,42970
23,682,-1,43065
23,683,-1,43115
23,684,-1,43285
23,685,-1,43345
23,686,-1,43385
23,687,-1,43390
23,688,-1,43425
23,689,-1,43455
23,690,-1,43500
23,691,-1,43555
23,692,-1,43560
23,693,-1,43635
23,694,-1,43680
23,695,-1,43710
23,696,-1,43760
23,697,-1,43890
23,698,-1,43930
23,699,-1,44075
23,700,-1,44170
23,701,-1,44220
23,702,-1,44235
24,702,1.054348,44420
24,703,-1,44465
25,703,1.077519,44595
25,704,-1,44600
25,705,-1,44640
25,706,-1,44770
26,706,1.128205,44850
26,707,-1,44880
26,708,-1,44920
26,709,-1,45035
26,710,-1,45040
26,711,-1,45210
26,712,-1,45330
26,714,-2,45400
26,715,-1,45455
26,716,-1,45515
26,717,-1,45555
26,718,-1,45560
26,719,-1,45620
26,720,-1,45670
26,721,-1,45675
26,722,-1,45680
26,723,-1,45710
26,724,-1,45745
26,725,-1,45820
26,726,-1,45835
26,727,-1,45970
26,728,-1,46015
26,729,-1,46095
26,730,-1,46190
26,731,-1,46310
26,732,-1,46335
26,733,-1,46340
26,734,-1,46405
26,735,-1,46520
26,736,-1,46545
26,737,-1,46595
26,738,-1,46660
26,739,-1,46710
26,740,-1,46760
26,741,-1,46765
26,742,-1,46835
26,743,-1,47115
26,744,-1,47120
26,745,-1,47170
26,746,-1,47215
26,747,-1,47220
26,748,-1,47270
26,749,-1,47375
26,750,-1,47380
26,751,-1,47435
26,752,-1,47485
26,753,-1,47515
26,754,-1,47520
26,755,-1,47675
26,756,-1,47775
26,757,-1,47780
26,758,-1,47895
26,759,-1,47900
26,760,-1,47950
26,761,-1,47955
26,762,-1,48035
26,763,-1,48155
26,764,-1,48335
26,765,-1,48390
26,766,-1,48455
26,767,-1,48515
26,768,-1,48565
26,769,-1,48570
27,769,1.069444,48715
27,770,-1,48770
27,771,-1,48775
27,772,-1,48835
27,773,-1,48875
27,774,-1,48930
27,775,-1,48955
27,776,-1,49090
27,777,-1,49150
27,778,-1,49220
27,779,-1,49275
27,780,-1,49280
27,781,-1,49380
27,782,-1,49470
27,783,-1,49650
27,784,-1,49655
27,785,-1,49660
27,786,-1,49715
27,787,-1,49805
27,788,-1,49865
27,789,-1,49930
27,790,-1,49990
27,791,-1,50020
27,792,-1,50060
27,793,-1,50140
27,794,-1,50190
27,795,-1,50270
27,796,-1,50375
27,797,-1,50445
27,798,-1,50505
27,799,-1,50565
27,800,-1,50600
27,801,-1,50705
27,802,-1,50780
27,803,-1,50810
27,804,-1,50865
27,805,-1,50995
27,806,-1,51000
27,807,-1,51030
27,808,-1,51065
27,809,-1,51130
27,810,-1,51135
28,810,1.071429,51275
28,811,-1,51335
28,812,-1,51440
28,813,-1,51445
28,814,-1,51455
28,815,-1,51505
28,816,-1,51555
28,817,-1,51560
28,818,-1,51640
28,819,-1,51700
28,820,-1,51740
28,821,-1,51850
28,822,-1,51985
28,823,-1,52030
28,824,-1,52035
28,825,-1,52040
28,826,-1,52045
28,827,-1,52100
28,828,-1,52105
28,829,-1,52155
28,830,-1,52190
28,831,-1,52195
28,832,-1,52295
28,833,-1,52300
29,833,1.086207,52420
29,834,-1,52500
29,835,-1,52540
29,836,-1,52595
29,837,-1,52705
29,838,-1,52710
29,839,-1,52740
29,840,-1,52790
29,841,-1,52890
29,843,-2,52950
29,844,-1,53050
29,845,-1,53150
29,846,-1,53195
29,847,-1,53200
29,848,-1,53425
30,848,1.06993,53570
30,849,-1,53665
30,850,-1,53770
30,851,-1,53810
30,852,-1,53855
30,853,-1,53895
30,854,-1,53950
30,855,-1,53990
30,856,-1,53995
30,857,-1,54055
30,858,-1,54195
30,859,-1,54255
30,860,-1,54260
30,861,-1,54390
30,862,-1,54450
30,863,-1,54455
30,864,-1,54515
30,865,-1,54575
30,866,-1,54580
30,867,-1,54595
30,868,-1,54635
30,869,-1,54695
30,870,-1,54825
30,871,-1,54910
30,872,-1,54960
30,873,-1,55005
30,874,-1,55010
30,875,-1,55150
30,876,-1,55255
30,877,-1,55300
31,877,1.166667,55360
31,878,-1,55410
31,880,-2,55470
31,881,-1,55520
31,882,-1,55525
31,883,-1,55650
31,884,-1,55675
31,885,-1,55865
31,886,-1,55920
31,887,-1,56040
31,888,-1,56145
31,889,-1,56210
31,890,-1,56240
31,891,-1,56245
31,892,-1,56290
31,893,-1,56335
31,894,-1,56405
31,895,-1,56410
31,896,-1,56415
31,897,-1,56480
31,898,-1,56490
31,899,-1,56525
31,900,-1,56570
31,901,-1,56630
31,902,-1,56635
31,903,-1,56680
31,904,-1,56715
31,905,-1,56750
31,906,-1,56810
31,907,-1,56815
31,908,-1,56870
31,909,-1,56950
31,910,-1,56995
31,911,-1,57100
31,912,-1,57165
31,913,-1,57170
31,914,-1,57240
31,915,-1,57245
31,916,-1,57255
31,917,-1,57330
31,918,-1,57420
31,919,-1,57425
31,920,-1,57470
31,921,-1,57515
31,922,-1,57580
31,923,-1,57615
31,924,-1,57695
31,925,-1,57700
31,926,-1,57770
31,927,-1,57840
31,928,-1,57905
31,929,-1,57955
31,930,-1,57960
31,931,-1,58110
31,932,-1,58230
31,933,-1,58280
31,934,-1,58335
31,935,-1,58390
31,936,-1,58495
31,937,-1,58500
31,938,-1,58550
31,939,-1,58665
31,940,-1,58740
31,941,-1,58790
31,942,-1,58840
31,943,-1,58920
31,944,-1,58925
31,945,-1,58930
31,946,-1,58935
31,947,-1,59065
31,948,-1,59110
31,949,-1,59115
31,950,-1,59155
31,951,-1,59215
31,952,-1,59275
31,953,-1,59280
31,954,-1,59340
31,955,-1,59380
31,956,-1,59440
31,957,-1,59485
31,958,-1,59490
31,959,-1,59545
31,960,-1,59605
31,961,-1,59655
31,962,-1,59660
31,963,-1,59685
31,964,-1,59740
31,965,-1,59800
31,966,-1,59850
31,967,-1,59900
31,968,-1,60035
32,968,1.09009,60150
32,969,-1,60205
32,970,-1,60240
32,971,-1,60245
32,972,-1,60300
32,973,-1,60305
32,974,-1,60350
32,975,-1,60395
32,976,-1,60400
32,977,-1,60540
32,978,-1,60575
32,979,-1,60595
32,980,-1,60695
33,980,1.054645,60880
33,981,-1,60885
33,982,-1,60900
33,983,-1,60930
33,984,-1,60995
33,985,-1,61000
33,987,-2,61065
33,988,-1,61210
33,989,-1,61270
33,990,-1,61275
33,991,-1,61310
33,992,-1,61375
33,993,-1,61380
33,994,-1,61425
33,995,-1,61430
33,996,-1,61520
33,997,-1,61585
33,998,-1,61645
33,999,-1,61705
33,1000,-1,61810
33,1001,-1,61815
33,1002,-1,61880
33,1003,-1,62005
33,1004,-1,62055
33,1005,-1,62175
33,1006,-1,62180
33,1007,-1,62235
33,1008,-1,62240
33,1009,-1,62335
33,1010,-1,62355
33,1011,-1,62460
33,1012,-1,62495
34,1012,1.126582,62575
34,1013,-1,62580
34,1014,-1,62615
34,1015,-1,62675
34,1016,-1,62705
34,1017,-1,62710
34,1018,-1,62775
34,1019,-1,62910
34,1020,-1,62915
35,1020,1.08547,63035
35,1021,-1,63155
35,1022,-1,63160
35,1023,-1,63200
35,1024,-1,63205
35,1025,-1,63315
35,1026,-1,63320
35,1027,-1,63325
35,1028,-1,63360
35,1029,-1,63415
35,1030,-1,63485
35,1031,-1,63560
35,1032,-1,63565
35,1033,-1,63670
35,1034,-1,63810
35,1035,-1,63870
35,1036,-1,63910
35,1037,-1,63915
35,1038,-1,63975
35,1039,-1,64020
35,1040,-1,64025
35,1041,-1,64030
35,1042,-1,64080
35,1043,-1,64135
35,1044,-1,64185
35,1045,-1,64280
35,1046,-1,64310
35,1047,-1,64355
35,1048,-1,64490
35,1049,-1,64555
35,1050,-1,64665
35,1051,-1,64715
35,1052,-1,64755
35,1053,-1,64795
35,1054,-1,64845
35,1055,-1,64915
35,1056,-1,64920
35,1057,-1,65035
35,1058,-1,65110
35,1059,-1,65180
35,1060,-1,65230
35,1061,-1,65315
35,1062,-1,65320
35,1063,-1,65440
35,1064,-1,65510
35,1065,-1,65570
35,1066,-1,65630
35,1067,-1,65805
35,1068,-1,65875
35,1069,-1,65925
35,1070,-1,65930
35,1071,-1,66040
35,1072,-1,66155
35,1073,-1,66240
35,1074,-1,66310
35,1075,-1,66410
35,1076,-1,66415
35,1077,-1,66585
35,1078,-1,66590
35,1079,-1,66780
35,1080,-1,66820
35,1081,-1,66825
35,1082,-1,66920
35,1083,-1,66980
35,1084,-1,67085
35,1085,-1,67170
35,1086,-1,67235
35,1087,-1,67285
35,1088,-1,67335
35,1090,-2,67400
35,1091,-1,67480
35,1092,-1,67505
35,1093,-1,67510
35,1094,-1,67630
35,1095,-1,67745
35,1096,-1,67875
35,1097,-1,67925
35,1098,-1,67955
35,1099,-1,68035
35,1100,-1,68075
35,1101,-1,68150
35,1102,-1,68205
35,1103,-1,68210
35,1104,-1,68290
35,1105,-1,68295
35,1106,-1,68300
35,1107,-1,68350
35,1108,-1,68395
35,1109,-1,68435
35,1110,-1,68475
35,1111,-1,68480
35,1112,-1,68515
35,1113,-1,68555
35,1114,-1,68645
35,1115,-1,68730
35,1116,-1,68790
35,1117,-1,68860
35,1118,-1,68915
35,1119,-1,68965
35,1120,-1,69030
35,1121,-1,69035
35,1122,-1,69040
35,1123,-1,69045
35,1124,-1,69175
35,1125,-1,69255
35,1126,-1,69335
35,1127,-1,69475
35,1128,-1,69530
35,1129,-1,69575
35,1130,-1,69615
35,1131,-1,69625
35,1132,-1,69670
35,1133,-1,69730
35,1134,-1,69735
35,1135,-1,69800
35,1136,-1,69805
35,1137,-1,69810
36,1137,1.133333,69885
36,1138,-1,69900
36,1139,-1,69950
36,1140,-1,70050
36,1141,-1,70090
36,1142,-1,70150
36,1143,-1,70195
36,1144,-1,70235
36,1145,-1,70300
36,1146,-1,70365
36,1147,-1,70440
36,1148,-1,70445
36,1149,-1,70450
36,1150,-1,70550
36,1151,-1,70620
36,1152,-1,70680
36,1153,-1,70725
36,1154,-1,70830
36,1155,-1,70835
36,1156,-1,70890
36,1157,-1,70895
36,1158,-1,70965
36,1159,-1,70970
36,1160,-1,71020
36,1161,-1,71025
36,1162,-1,71100
36,1163,-1,71170
36,1164,-1,71235
36,1165,-1,71315
36,1166,-1,71340
36,1167,-1,71425
36,1168,-1,71480
36,1169,-1,71525
36,1170,-1,71555
36,1171,-1,71710
36,1172,-1,71715
36,1173,-1,71765
36,1174,-1,71770
36,1175,-1,71800
36,1176,-1,71860
36,1177,-1,71900
36,1178,-1,72110
36,1179,-1,72170
36,1180,-1,72230
36,1181,-1,72235
36,1182,-1,72295
36,1183,-1,72300
36,1184,-1,72425
36,1186,-2,72570
36,1187,-1,72575
36,1188,-1,72630
36,1189,-1,72635
36,1190,-1,72695
36,1191,-1,72745
36,1192,-1,72785
36,1193,-1,72840
36,1194,-1,72915
36,1195,-1,72975
36,1196,-1,73110
36,1197,-1,73115
36,1198,-1,73175
36,1199,-1,73235
36,1200,-1,73240
36,1201,-1,73305
36,1202,-1,73410
36,1203,-1,73485
36,1204,-1,73550
36,1205,-1,73615
36,1206,-1,73735
36,1207,-1,73805
36,1208,-1,73850
36,1209,-1,73855
36,1210,-1,73935
36,1211,-1,73975
36,1212,-1,73980
36,1213,-1,73985
36,1214,-1,74100
36,1215,-1,74105
36,1216,-1,74150
36,1217,-1,74190
36,1218,-1,74255
36,1219,-1,74295
36,1220,-1,74395
36,1221,-1,74460
36,1222,-1,74515
36,1223,-1,74595
36,1224,-1,74640
36,1225,-1,74685
36,1226,-1,74690
36,1227,-1,74695
36,1228,-1,74770
36,1229,-1,74800
36,1230,-1,74805
36,1231,-1,74830
36,1232,-1,74835
36,1233,-1,74840
36,1235,-2,74905
36,1236,-1,74970
36,1237,-1,75025
36,1238,-1,75030
36,1239,-1,75035
36,1240,-1,75140
36,1241,-1,75145
36,1242,-1,75150
36,1243,-1,75155
36,1244,-1,75335
36,1245,-1,75365
36,1246,-1,75485
36,1247,-1,75490
36,1248,-1,75545
36,1249,-1,75670
36,1250,-1,75705
36,1251,-1,75745
36,1252,-1,75820
36,1253,-1,75865
36,1254,-1,75870
36,1255,-1,75925
36,1256,-1,75975
36,1257,-1,76000
36,1258,-1,76100
36,1259,-1,76155
36,1260,-1,76215
36,1261,-1,76270
36,1263,-2,76350
36,1264,-1,76470
36,1265,-1,76475
36,1266,-1,76535
36,1267,-1,76575
36,1268,-1,76580
36,1269,-1,76605
36,1270,-1,76740
36,1271,-1,76795
36,1272,-1,76905
36,1273,-1,76990
36,1274,-1,77090
36,1275,-1,77140
36,1276,-1,77195
36,1277,-1,77265
36,1278,-1,77275
36,1279,-1,77335
36,1280,-1,77400
36,1281,-1,77405
36,1282,-1,77535
36,1283,-1,77595
36,1284,-1,77675
36,1285,-1,77805
36,1286,-1,77850
36,1287,-1,78015
36,1288,-1,78020
36,1289,-1,78185
36,1290,-1,78190
36,1291,-1,78275
36,1292,-1,78280
36,1293,-1,78285
36,1294,-1,78290
36,1295,-1,78295
36,1296,-1,78480
36,1297,-1,78485
36,1298,-1,78575
36,1299,-1,78640
36,1300,-1,78675
36,1301,-1,78735
36,1302,-1,78805
36,1303,-1,78870
36,1304,-1,78875
36,1305,-1,78880
36,1306,-1,78885
36,1307,-1,79035
36,1308,-1,79065
36,1309,-1,79100
36,1310,-1,79105
36,1311,-1,79155
37,1311,1.045872,79375
37,1312,-1,79380
37,1313,-1,79385
37,1314,-1,79440
37,1315,-1,79445
37,1316,-1,79520
38,1316,1.072464,79660
38,1317,-1,79700
38,1318,-1,79705
38,1319,-1,79745
38,1320,-1,79795
38,1321,-1,79880
38,1322,-1,79905
38,1323,-1,79945
38,1324,-1,80005
38,1325,-1,80010
38,1326,-1,80130
38,1328,-2,80195
38,1329,-1,80235
38,1330,-1,80270
38,1331,-1,80475
38,1332,-1,80520
38,1333,-1,80525
38,1334,-1,80610
38,1335,-1,80790
38,1336,-1,80850
38,1337,-1,80935
38,1339,-2,81005
38,1340,-1,81075
38,1341,-1,81080
38,1342,-1,81250
38,1343,-1,81345
39,1343,1.192308,81400
39,1344,-1,81440
39,1345,-1,81555
39,1346,-1,81725
39,1347,-1,81785
39,1348,-1,81790
39,1349,-1,81830
39,1350,-1,81885
39,1351,-1,81975
39,1352,-1,82030
39,1353,-1,82085
39,1354,-1,82090
39,1355,-1,82190
39,1356,-1,82195
39,1357,-1,82200
39,1358,-1,82240
39,1359,-1,82270
39,1360,-1,82445
39,1361,-1,82490
39,1362,-1,82610
39,1363,-1,82735
39,1364,-1,82760
39,1365,-1,82875
39,1366,-1,82975
39,1367,-1,83020
39,1368,-1,83025
39,1369,-1,83085
39,1370,-1,83125
39,1371,-1,83130
39,1372,-1,83180
39,1373,-1,83295
39,1374,-1,83360
39,1376,-2,83430
39,1377,-1,83490
39,1378,-1,83550
39,1379,-1,83660
39,1380,-1,83665
39,1381,-1,83725
39,1382,-1,83810
39,1383,-1,83950
39,1384,-1,84000
39,1385,-1,84065
39,1386,-1,84180
39,1387,-1,84185
39,1388,-1,84190
39,1389,-1,84320
39,1390,-1,84380
39,1391,-1,84470
39,1392,-1,84475
39,1394,-2,84540
39,1396,-2,84725
39,1397,-1,84785
39,1398,-1,84790
39,1399,-1,84835
39,1400,-1,84885
39,1401,-1,84935
39,1402,-1,84940
39,1403,-1,84970
39,1404,-1,85085
39,1405,-1,85090
39,1406,-1,85095
39,1407,-1,85130
39,1408,-1,85225
39,1409,-1,85275
39,1410,-1,85280
39,1411,-1,85295
39,1412,-1,85345
39,1413,-1,85420
39,1414,-1,85475
39,1415,-1,85540
39,1416,-1,85585
39,1417,-1,85630
39,1418,-1,85635
39,1419,-1,85670
39,1420,-1,85735
39,1421,-1,85740
39,1422,-1,85745
39,1423,-1,85750
39,1424,-1,85850
39,1425,-1,85855
39,1426,-1,85905
39,1427,-1,85960
39,1428,-1,85995
39,1429,-1,86115
39,1430,-1,86120
39,1431,-1,86200
39,1432,-1,86260
39,1433,-1,86315
39,1434,-1,86375
39,1435,-1,86465
39,1436,-1,86520
39,1437,-1,86630
39,1438,-1,86690
39,1439,-1,86865
39,1440,-1,86910
39,1441,-1,86975
39,1442,-1,87035
39,1443,-1,87075
39,1444,-1,87170
39,1445,-1,87225
39,1446,-1,87230
39,1447,-1,87270
39,1448,-1,87300
39,1449,-1,87305
39,1450,-1,87340
39,1451,-1,87385
39,1452,-1,87540
39,1454,-2,87660
39,1455,-1,87715
39,1456,-1,87815
39,1457,-1,87895
39,1458,-1,87900
39,1459,-1,87920
39,1460,-1,87980
39,1461,-1,88040
39,1462,-1,88105
39,1463,-1,88160
39,1464,-1,88165
39,1465,-1,88245
39,1466,-1,88295
39,1468,-2,88355
39,1469,-1,88395
39,1470,-1,88450
39,1471,-1,88560
39,1473,-2,88635
39,1474,-1,88705
39,1475,-1,88815
39,1476,-1,89005
39,1477,-1,89050
39,1478,-1,89205
39,1479,-1,89280
39,1480,-1,89340
39,1481,-1,89380
39,1482,-1,89450
40,1482,1.082645,89575
40,1483,-1,89680
40,1484,-1,89685
40,1485,-1,89690
40,1486,-1,89705
40,1487,-1,89710
40,1488,-1,89780
40,1489,-1,89825
40,1490,-1,89905
40,1491,-1,89910
40,1492,-1,89975
40,1493,-1,90020
40,1494,-1,90080
40,1495,-1,90105
40,1496,-1,90110
40,1497,-1,90155
40,1498,-1,90180
40,1499,-1,90185
41,1499,1.075188,90320
41,1500,-1,90385
41,1501,-1,90440
41,1502,-1,90480
41,1503,-1,90535
41,1504,-1,90595
41,1505,-1,90670
41,1506,-1,90730
41,1507,-1,90820
41,1508,-1,90860
41,1509,-1,90930
41,1510,-1,90960
41,1511,-1,91010
41,1512,-1,91160
41,1513,-1,91205
41,1514,-1,91325
41,1515,-1,91355
41,1516,-1,91410
41,1517,-1,91470
41,1518,-1,91585
41,1519,-1,91645
41,1520,-1,91705
41,1521,-1,91780
41,1522,-1,91810
41,1523,-1,91870
41,1524,-1,91905
41,1525,-1,91910
41,1526,-1,91960
41,1527,-1,92010
41,1528,-1,92015
41,1529,-1,92070
41,1530,-1,92075
42,1530,1.070423,92220
42,1531,-1,92225
42,1532,-1,92275
42,1533,-1,92335
42,1534,-1,92435
42,1535,-1,92475
42,1536,-1,92565
42,1537,-1,92625
42,1538,-1,92665
42,1539,-1,92745
42,1540,-1,92805
42,1541,-1,92855
42,1542,-1,92860
42,1543,-1,92865
42,1544,-1,92910
42,1545,-1,92965
42,1546,-1,93030
42,1547,-1,93080
42,1548,-1,93200
42,1549,-1,93260
42,1550,-1,93380
42,1551,-1,93385
42,1552,-1,93445
42,1553,-1,93485
42,1554,-1,93600
42,1555,-1,93665
42,1556,-1,93755
42,1557,-1,93855
42,1558,-1,93895
42,1559,-1,93960
42,1560,-1,93985
42,1561,-1,94030
42,1562,-1,94110
42,1563,-1,94140
42,1564,-1,94210
42,1565,-1,94275
42,1566,-1,94280
42,1567,-1,94355
42,1568,-1,94420
42,1569,-1,94540
42,1570,-1,94575
42,1571,-1,94625
42,1572,-1,94665
43,1572,1.192308,94720
43,1573,-1,94795
43,1574,-1,94925
43,1575,-1,94985
43,1576,-1,95030
43,1577,-1,95160
43,1579,-2,95355
43,1580,-1,95445
43,1581,-1,95450
43,1582,-1,95610
43,1583,-1,95680
43,1584,-1,95730
43,1585,-1,95835
43,1586,-1,95880
43,1587,-1,95965
43,1588,-1,95970
43,1589,-1,96030
43,1590,-1,96070
43,1591,-1,96130
43,1592,-1,96175
43,1593,-1,96265
43,1594,-1,96330
43,1595,-1,96340
43,1596,-1,96395
43,1597,-1,96450
43,1598,-1,96615
43,1599,-1,96695
43,1600,-1,96745
43,1601,-1,96830
43,1602,-1,96835
43,1603,-1,96965
43,1604,-1,97055
43,1605,-1,97225
43,1606,-1,97230
43,1607,-1,97280
43,1608,-1,97315
43,1609,-1,97390
43,1610,-1,97395
43,1611,-1,97585
43,1612,-1,97650
43,1613,-1,97745
43,1614,-1,97805
43,1615,-1,97835
43,1617,-2,98040
43,1618,-1,98045
43,1619,-1,98080
43,1620,-1,98230
43,1621,-1,98300
43,1622,-1,98305
43,1623,-1,98420
43,1624,-1,98490
43,1625,-1,98495
43,1626,-1,98575
43,1627,-1,98645
43,1628,-1,98650
43,1629,-1,98775
43,1630,-1,98850
43,1631,-1,98900
43,1632,-1,98940
43,1633,-1,98945
43,1634,-1,98995
43,1635,-1,99030
43,1636,-1,99095
43,1637,-1,99160
43,1638,-1,99215
43,1639,-1,99280
43,1640,-1,99285
43,1641,-1,99315
43,1642,-1,99415
43,1643,-1,99420
43,1644,-1,99525
43,1646,-2,99660
43,1647,-1,99665
43,1648,-1,99770
43,1649,-1,99795
43,1650,-1,99840
43,1651,-1,99875
43,1652,-1,99925
43,1653,-1,99960
43,1654,-1,100030
43,1655,-1,100140
43,1656,-1,100145
43,1657,-1,100150
43,1658,-1,100245
44,1658,1.084034,100365
44,1659,-1,100370
44,1660,-1,100435
44,1661,-1,100510
44,1662,-1,100750
44,1663,-1,100915
44,1664,-1,100940
44,1665,-1,100970
44,1666,-1,101025
44,1667,-1,101030
44,1668,-1,101035
44,1669,-1,101075
44,1670,-1,101080
44,1671,-1,101085
44,1672,-1,101200
44,1673,-1,101205
44,1674,-1,101240
44,1675,-1,101245
44,1676,-1,101250
44,1677,-1,101255
44,1678,-1,101260
44,1679,-1,101265
44,1680,-1,101350
44,1681,-1,101355
44,1682,-1,101360
44,1683,-1,101385
44,1684,-1,101435
44,1685,-1,101440
44,1686,-1,101520
45,1686,1.071429,101660
45,1687,-1,101665
45,1688,-1,101705
45,1689,-1,101840
45,1690,-1,101845
45,1691,-1,101910
45,1692,-1,102005
45,1693,-1,102010
45,1694,-1,102065
45,1695,-1,102170
45,1696,-1,102235
45,1697,-1,102295
45,1698,-1,102355
45,1699,-1,102395
45,1700,-1,102440
45,1701,-1,102445
45,1702,-1,102570
45,1703,-1,102615
45,1704,-1,102620
46,1704,1.185185,102675
46,1705,-1,102750
46,1706,-1,102790
46,1707,-1,102905
46,1708,-1,102980
46,1709,-1,102985
46,1710,-1,103030
46,1711,-1,103105
46,1712,-1,103110
46,1713,-1,103155
46,1714,-1,103210
46,1715,-1,103215
46,1716,-1,103265
46,1717,-1,103315
46,1718,-1,103340
46,1719,-1,103380
46,1720,-1,103385
46,1721,-1,103485
46,1722,-1,103490
46,1723,-1,103525
46,1724,-1,103560
46,1725,-1,103620
46,1726,-1,103735
46,1727,-1,103770
46,1728,-1,103820
46,1729,-1,103910
46,1730,-1,103915
46,1731,-1,103950
46,1732,-1,103955
46,1733,-1,104005
46,1734,-1,104080
46,1735,-1,104085
46,1736,-1,104110
46,1737,-1,104160
46,1738,-1,104165
46,1739,-1,104220
46,1740,-1,104225
46,1741,-1,104255
46,1742,-1,104260
46,1743,-1,104265
46,1744,-1,104270
46,1745,-1,104330
46,1746,-1,104335
46,1747,-1,104415
46,1748,-1,104465
46,1749,-1,104510
46,1750,-1,104515
46,1751,-1,104520
46,1752,-1,104640
46,1753,-1,104645
46,1754,-1,104705
46,1755,-1,104815
46,1756,-1,104860
46,1757,-1,104970
46,1758,-1,104975
46,1759,-1,105030
46,1760,-1,105075
46,1761,-1,105135
46,1762,-1,105215
46,1763,-1,105340
46,1764,-1,105430
46,1765,-1,105535
46,1766,-1,105595
46,1767,-1,105720
46,1768,-1,105725
46,1769,-1,105775
46,1770,-1,105820
46,1771,-1,105860
46,1772,-1,105920
46,1773,-1,105990
46,1774,-1,106050
46,1775,-1,106080
46,1776,-1,106165
46,1777,-1,106170
46,1778,-1,106255
46,1779,-1,106260
46,1780,-1,106335
46,1781,-1,106360
46,1782,-1,106425
46,1783,-1,106525
46,1784,-1,106560
46,1785,-1,106625
46,1786,-1,106630
46,1787,-1,106690
46,1788,-1,106765
46,1789,-1,106820
46,1790,-1,106885
46,1791,-1,106935
46,1792,-1,106975
46,1793,-1,107045
46,1794,-1,107050
46,1795,-1,107125
46,1796,-1,107130
46,1797,-1,107235
46,1798,-1,107325
46,1799,-1,107470
46,1800,-1,107525
46,1801,-1,107530
46,1802,-1,107635
46,1803,-1,107660
46,1804,-1,107715
46,1805,-1,107720
46,1806,-1,107850
46,1807,-1,107905
46,1808,-1,107910
46,1809,-1,108000
46,1810,-1,108045
46,1811,-1,108050
46,1812,-1,108055
46,1813,-1,108110
46,1814,-1,108115
46,1815,-1,108160
46,1816,-1,108200
46,1817,-1,108325
46,1818,-1,108440
46,1819,-1,108475
46,1820,-1,108545
46,1821,-1,108645
47,1821,1.128205,108725
47,1823,-2,108790
47,1824,-1,108860
47,1825,-1,108915
47,1826,-1,109020
47,1827,-1,109150
47,1828,-1,109155
47,1829,-1,109210
47,1830,-1,109215
47,1831,-1,109355
47,1833,-2,109415
47,1834,-1,109560
47,1835,-1,109595
47,1836,-1,109660
47,1837,-1,109665
47,1838,-1,109725
47,1839,-1,109870
47,1840,-1,109905
47,1841,-1,109910
47,1842,-1,109915
47,1843,-1,110010
47,1844,-1,110060
47,1845,-1,110095
47,1846,-1,110145
47,1847,-1,110185
47,1848,-1,110285
47,1849,-1,110335
47,1850,-1,110340
47,1851,-1,110365
47,1852,-1,110395
47,1853,-1,110440
47,1854,-1,110545
47,1855,-1,110560
47,1856,-1,110605
47,1857,-1,110760
47,1858,-1,110875
47,1859,-1,110925
47,1860,-1,110930
47,1861,-1,110990
47,1862,-1,111015
47,1863,-1,111075
47,1864,-1,111120
47,1865,-1,111125
47,1866,-1,111190
47,1867,-1,111255
47,1868,-1,111300
47,1869,-1,111345
47,1870,-1,111370
47,1871,-1,111375
47,1872,-1,111475
47,1873,-1,111555
47,1874,-1,111610
47,1875,-1,111720
47,1876,-1,111725
47,1877,-1,111785
47,1878,-1,111840
47,1879,-1,111940
47,1880,-1,111945
47,1881,-1,111950
47,1882,-1,111955
47,1883,-1,112025
47,1884,-1,112150
47,1885,-1,112210
47,1886,-1,112255
47,1887,-1,112315
47,1888,-1,112450
47,1889,-1,112575
47,1890,-1,112635
47,1891,-1,112640
47,1892,-1,112670
47,1893,-1,112790
47,1894,-1,112795
47,1895,-1,112800
47,1896,-1,112840
47,1897,-1,112905
47,1898,-1,112910
47,1899,-1,112970
47,1900,-1,112975
47,1901,-1,113030
47,1902,-1,113130
47,1903,-1,113175
47,1904,-1,113205
47,1905,-1,113260
47,1906,-1,113300
47,1907,-1,113365
47,1908,-1,113420
47,1909,-1,113425
47,1910,-1,113480
47,1911,-1,113485
47,1912,-1,113520
47,1913,-1,113595
47,1914,-1,113600
47,1915,-1,113625
47,1916,-1,113690
47,1917,-1,113695
47,1918,-1,113745
47,1919,-1,113750
47,1920,-1,113780
47,1921,-1,113785
47,1922,-1,113830
47,1924,-2,113890
47,1925,-1,114065
47,1926,-1,114170
47,1927,-1,114285
48,1927,1.066667,114435
48,1928,-1,114560
48,1929,-1,114600
48,1930,-1,114660
48,1931,-1,114695
48,1932,-1,114745
48,1933,-1,114750
48,1934,-1,114800
48,1935,-1,114925
48,1936,-1,114995
49,1936,1.076923,115125
49,1937,-1,115200
49,1938,-1,115205
49,1939,-1,115345
49,1940,-1,115395
49,1941,-1,115560
49,1943,-2,115620
49,1944,-1,115625
49,1945,-1,115775
49,1946,-1,115805
49,1947,-1,115810
49,1948,-1,115865
49,1949,-1,115900
49,1950,-1,115970
49,1951,-1,116010
50,1951,1.169492,116070
50,1952,-1,116120
50,1953,-1,116180
50,1954,-1,116185
50,1955,-1,116250
50,1956,-1,116300
50,1957,-1,116305
50,1958,-1,116355
50,1959,-1,116405
50,1960,-1,116470
50,1961,-1,116530
50,1962,-1,116580
50,1963,-1,116650
50,1964,-1,116705
50,1965,-1,116750
50,1966,-1,116850
50,1967,-1,116905
50,1968,-1,116910
50,1969,-1,116955
50,1970,-1,117060
50,1971,-1,117105
50,1972,-1,117220
50,1973,-1,117270
50,1974,-1,117320
50,1975,-1,117395
50,1976,-1,117400
51,1976,1.079365,117530
51,1977,-1,117575
51,1978,-1,117645
51,1979,-1,117725
51,1980,-1,117810
51,1981,-1,117815
51,1982,-1,117900
51,1983,-1,117970
51,1984,-1,118030
51,1985,-1,118155
51,1986,-1,118215
51,1987,-1,118275
51,1988,-1,118410
51,1989,-1,118495
51,1990,-1,118525
51,1991,-1,118530
51,1992,-1,118600
51,1993,-1,118650
51,1994,-1,118655
51,1995,-1,118660
51,1996,-1,118665
51,1997,-1,118720
51,1998,-1,118745
51,1999,-1,118825
51,2000,-1,118870
51,2001,-1,118875
51,2002,-1,118970
51,2003,-1,119040
51,2004,-1,119100
51,2005,-1,119130
51,2006,-1,119135
51,2007,-1,119195
51,2008,-1,119300
51,2009,-1,119305
51,2010,-1,119370
51,2011,-1,119375
51,2012,-1,119470
51,2013,-1,119530
51,2014,-1,119590
51,2015,-1,119620
51,2016,-1,119625
51,2017,-1,119675
51,2018,-1,119730
51,2019,-1,119735
51,2020,-1,119785
51,2021,-1,119790
51,2022,-1,119805
51,2023,-1,119865
51,2024,-1,119900
51,2025,-1,119905
51,2026,-1,120080
52,2026,1.056497,120260
52,2027,-1,120265
52,2028,-1,120325
52,2029,-1,120390
52,2030,-1,120430
52,2031,-1,120435
52,2032,-1,120485
52,2033,-1,120595
52,2034,-1,120660
52,2035,-1,120730
52,2036,-1,120760
52,2037,-1,120870
52,2038,-1,120920
52,2039,-1,121070
52,2040,-1,121075
52,2041,-1,121195
52,2042,-1,121260
52,2043,-1,121380
52,2044,-1,121430
52,2045,-1,121475
52,2046,-1,121480
52,2047,-1,121600
52,2048,-1,121605
52,2049,-1,121655
52,2050,-1,121660
52,2051,-1,121665
52,2052,-1,121720
52,2053,-1,121765
52,2054,-1,121770
52,2055,-1,121880
52,2056,-1,121920
52,2057,-1,122030
52,2058,-1,122090
52,2059,-1,122290
52,2060,-1,122420
52,2061,-1,122425
52,2062,-1,122615
52,2063,-1,122720
52,2064,-1,122770
52,2065,-1,122905
52,2066,-1,122970
52,2067,-1,123020
52,2068,-1,123060
52,2069,-1,123065
52,2070,-1,123190
52,2071,-1,123195
52,2072,-1,123230
52,2073,-1,123345
52,2074,-1,123380
52,2075,-1,123435
52,2076,-1,123440
52,2077,-1,123475
52,2078,-1,123580
53,2078,1.072464,123720
53,2079,-1,123830
53,2080,-1,123835
53,2081,-1,123875
53,2082,-1,123910
53,2083,-1,124030
53,2084,-1,124085
53,2085,-1,124260
53,2086,-1,124345
53,2087,-1,124420
53,2088,-1,124470
53,2089,-1,124525
53,2090,-1,124530
53,2091,-1,124545
53,2092,-1,124645
53,2093,-1,124670
53,2094,-1,124715
53,2095,-1,124820
53,2096,-1,124880
53,2097,-1,125005
53,2098,-1,125060
53,2099,-1,125175
53,2100,-1,125240
53,2101,-1,125295
53,2102,-1,125325
53,2103,-1,125380
53,2104,-1,125385
53,2105,-1,125445
53,2106,-1,125485
53,2107,-1,125545
53,2108,-1,125610
53,2109,-1,125670
53,2110,-1,125675
53,2111,-1,125680
53,2112,-1,125730
53,2113,-1,125855
53,2114,-1,125900
53,2115,-1,126100
53,2116,-1,126300
53,2117,-1,126365
53,2118,-1,126400
53,2119,-1,126440
53,2120,-1,126495
53,2121,-1,126645
53,2122,-1,126690
54,2122,1.135135,126765
54,2123,-1,126805
54,2124,-1,126810
54,2125,-1,126910
54,2126,-1,126915
54,2127,-1,126980
54,2128,-1,127020
54,2129,-1,127025
54,2130,-1,127065
54,2131,-1,127115
54,2132,-1,127220
54,2133,-1,127260
54,2134,-1,127265
54,2135,-1,127285
54,2136,-1,127320
54,2137,-1,127390
54,2138,-1,127455
54,2139,-1,127460
54,2140,-1,127520
54,2141,-1,127580
54,2142,-1,127635
55,2142,1.057471,127810
55,2143,-1,127815
55,2144,-1,127820
55,2145,-1,127825
55,2146,-1,127830
55,2147,-1,127855
55,2148,-1,127905
55,2149,-1,127960
55,2150,-1,128100
55,2151,-1,128105
55,2152,-1,128170
55,2153,-1,128210
55,2154,-1,128270
55,2155,-1,128275
55,2156,-1,128280
55,2157,-1,128335
55,2158,-1,128340
55,2159,-1,128435
55,2160,-1,128465
55,2161,-1,128505
55,2162,-1,128595
55,2163,-1,128600
55,2164,-1,128680
55,2165,-1,128740
55,2166,-1,128745
55,2167,-1,128845
55,2168,-1,128850
55,2169,-1,128925
55,2170,-1,128930
55,2171,-1,128990
55,2172,-1,129050
55,2173,-1,129075
55,2174,-1,129080
55,2175,-1,129140
56,2175,1.081301,129265
56,2176,-1,129270
56,2177,-1,129325
56,2178,-1,129375
56,2179,-1,129380
56,2180,-1,129425
56,2181,-1,129430
56,2182,-1,129480
56,2183,-1,129540
56,2184,-1,129565
56,2185,-1,129625
56,2186,-1,129650
56,2187,-1,129705
56,2188,-1,129710
56,2189,-1,129815
56,2190,-1,129895
56,2191,-1,129900
56,2192,-1,129945
56,2193,-1,129995
56,2194,-1,130040
56,2195,-1,130070
56,2196,-1,130075
56,2197,-1,130205
56,2198,-1,130210
56,2199,-1,130260
56,2200,-1,130320
56,2201,-1,130465
56,2202,-1,130515
56,2203,-1,130600
56,2204,-1,130620
56,2205,-1,130660
56,2206,-1,130665
56,2207,-1,130760
56,2208,-1,130810
56,2209,-1,130815
56,2210,-1,130885
56,2211,-1,130925
56,2212,-1,130975
56,2213,-1,131020
56,2214,-1,131085
56,2215,-1,131200
56,2216,-1,131310
56,2217,-1,131315
56,2218,-1,131370
56,2219,-1,131410
56,2220,-1,131415
56,2221,-1,131465
56,2222,-1,131520
56,2223,-1,131580
56,2224,-1,131655
56,2225,-1,131735
56,2226,-1,131765
56,2227,-1,131840
56,2228,-1,131995
56,2229,-1,132000
56,2230,-1,132030
56,2231,-1,132145
56,2232,-1,132200
56,2233,-1,132205
56,2234,-1,132305
56,2235,-1,132310
56,2236,-1,132435
56,2237,-1,132490
56,2238,-1,132535
56,2239,-1,132595
56,2240,-1,132700
56,2241,-1,132765
56,2242,-1,132830
56,2243,-1,132835
56,2244,-1,132950
56,2245,-1,132955
56,2246,-1,133040
56,2247,-1,133110
56,2248,-1,133115
56,2249,-1,133165
56,2250,-1,133215
56,2251,-1,133285
56,2252,-1,133290
56,2253,-1,133350
56,2254,-1,133470
56,2255,-1,133520
56,2256,-1,133525
56,2257,-1,133530
56,2258,-1,133620
56,2259,-1,133740
56,2260,-1,133780
56,2261,-1,133870
56,2262,-1,133965
56,2263,-1,133970
57,2263,1.140845,134045
57,2264,-1,134090
57,2265,-1,134150
57,2266,-1,134205
57,2267,-1,134245
58,2267,1.062893,134405
58,2268,-1,134470
58,2269,-1,134475
58,2270,-1,134535
58,2271,-1,134540
58,2272,-1,134595
58,2273,-1,134600
58,2274,-1,134730
58,2275,-1,134785
58,2276,-1,134810
58,2277,-1,134905
58,2278,-1,134925
58,2279,-1,135015
58,2280,-1,135020
59,2280,1.185185,135075
59,2281,-1,135115
59,2282,-1,135160
59,2283,-1,135200
59,2284,-1,135250
59,2285,-1,135315
59,2286,-1,135320
59,2287,-1,135475
59,2288,-1,135480
59,2289,-1,135485
59,2290,-1,135550
59,2291,-1,135595
59,2292,-1,135645
59,2293,-1,135825
59,2294,-1,135925
59,2295,-1,135985
59,2296,-1,136040
59,2297,-1,136075
59,2298,-1,136130
59,2299,-1,136185
59,2300,-1,136300
59,2302,-2,136360
59,2303,-1,136415
60,2303,1.081301,136540
60,2304,-1,136670
60,2305,-1,136675
60,2306,-1,136800
60,2307,-1,136805
60,2308,-1,136845
60,2309,-1,136870
60,2310,-1,136875
60,2311,-1,136880
60,2312,-1,136925
60,2313,-1,136930
60,2314,-1,136935
60,2315,-1,136990
60,2316,-1,137110
60,2317,-1,137245
60,2318,-1,137250
60,2319,-1,137325
61,2319,1.070922,137470
61,2320,-1,137565
61,2321,-1,137690
61,2322,-1,137730
62,2322,1.196078,137785
62,2323,-1,137825
62,2324,-1,137880
62,2325,-1,137905
62,2326,-1,137995
62,2327,-1,138045
62,2328,-1,138050
62,2329,-1,138090
62,2330,-1,138145
62,2331,-1,138150
62,2332,-1,138155
62,2333,-1,138160
62,2334,-1,138255
62,2335,-1,138300
62,2336,-1,138305
62,2337,-1,138310
62,2338,-1,138315
62,2339,-1,138440
62,2340,-1,138600
62,2341,-1,138630
62,2342,-1,138680
62,2343,-1,138745
62,2344,-1,138830
63,2344,1.15873,138895
63,2345,-1,139045
63,2346,-1,139050
63,2347,-1,139165
63,2348,-1,139225
63,2349,-1,139310
63,2350,-1,139315
63,2351,-1,139375
63,2352,-1,139425
63,2353,-1,139495
63,2354,-1,139500
63,2355,-1,139655
63,2356,-1,139705
63,2357,-1,139770
63,2358,-1,139810
63,2359,-1,139835
63,2360,-1,139890
63,2361,-1,140010
63,2362,-1,140060
63,2363,-1,140120
63,2364,-1,140155
63,2365,-1,140215
63,2366,-1,140285
63,2367,-1,140290
63,2368,-1,140295
63,2369,-1,140340
63,2370,-1,140395
63,2371,-1,140455
63,2372,-1,140565
63,2373,-1,140665
63,2374,-1,140725
63,2375,-1,140785
63,2376,-1,140845
63,2377,-1,140935
63,2378,-1,140940
63,2379,-1,140980
63,2380,-1,141075
63,2381,-1,141110
63,2382,-1,141115
63,2383,-1,141185
63,2384,-1,141215
64,2384,1.142857,141285
64,2385,-1,141290
64,2386,-1,141455
64,2387,-1,141490
64,2388,-1,141495
64,2389,-1,141500
64,2390,-1,141505
64,2391,-1,141550
64,2392,-1,141610
64,2393,-1,141680
64,2394,-1,141685
64,2395,-1,141805
64,2396,-1,141890
64,2397,-1,142005
64,2398,-1,142090
64,2399,-1,142135
64,2400,-1,142275
64,2401,-1,142280
64,2402,-1,142375
64,2403,-1,142380
64,2404,-1,142435
64,2405,-1,142440
64,2406,-1,142555
64,2407,-1,142660
64,2408,-1,142665
64,2409,-1,142790
64,2410,-1,142840
64,2411,-1,142890
64,2412,-1,142925
64,2413,-1,142985
64,2414,-1,142990
64,2415,-1,143055
64,2416,-1,143145
64,2417,-1,143250
64,2418,-1,143315
64,2419,-1,143495
64,2420,-1,143540
64,2421,-1,143545
64,2422,-1,143705
64,2423,-1,143710
64,2424,-1,143770
64,2425,-1,143830
65,2425,1.046512,144045
66,2425,1.076923,144175
66,2426,-1,144230
66,2427,-1,144235
66,2428,-1,144340
66,2429,-1,144460
66,2430,-1,144465
66,2431,-1,144555
66,2432,-1,144600
66,2433,-1,144605
66,2434,-1,144665
66,2435,-1,144670
66,2436,-1,144730
66,2437,-1,144735
66,2438,-1,144740
66,2439,-1,144780
66,2440,-1,144785
66,2441,-1,144850
66,2442,-1,144865
66,2443,-1,144960
66,2445,-2,145025
66,2446,-1,145090
66,2447,-1,145120
66,2448,-1,145125
66,2449,-1,145130
66,2450,-1,145170
66,2451,-1,145175
66,2452,-1,145345
66,2453,-1,145350
66,2454,-1,145460
66,2455,-1,145465
66,2456,-1,145505
66,2457,-1,145585
66,2458,-1,145770
67,2458,1.083333,145890
67,2459,-1,145895
67,2460,-1,145945
67,2461,-1,145970
67,2462,-1,146015
67,2463,-1,146040
67,2465,-2,146105
67,2466,-1,146150
67,2467,-1,146270
68,2467,1.151515,146340
68,2468,-1,146375
68,2469,-1,146420
68,2470,-1,146550
68,2471,-1,146620
68,2472,-1,146625
68,2473,-1,146630
68,2474,-1,146680
68,2475,-1,146715
68,2476,-1,146750
68,2477,-1,146800
68,2478,-1,146805
68,2479,-1,146875
68,2480,-1,146895
68,2481,-1,147005
68,2482,-1,147055
68,2483,-1,147145
68,2484,-1,147150
68,2485,-1,147205
68,2486,-1,147275
69,2486,1.068966,147420
69,2487,-1,147480
69,2488,-1,147485
69,2489,-1,147490
69,2490,-1,147545
69,2491,-1,147595
69,2492,-1,147655
69,2493,-1,147785
69,2494,-1,147895
69,2495,-1,147940
69,2496,-1,148050
69,2497,-1,148090
69,2498,-1,148095
69,2499,-1,148165
69,2500,-1,148225
69,2501,-1,148400
69,2502,-1,148485
70,2502,1.068493,148635
70,2503,-1,148725
70,2504,-1,148780
70,2505,-1,148855
70,2506,-1,148890
70,2507,-1,148945
70,2508,-1,148995
70,2509,-1,149000
70,2510,-1,149040
70,2511,-1,149085
70,2512,-1,149090
70,2513,-1,149150
70,2514,-1,149155
70,2515,-1,149240
70,2516,-1,149305
70,2517,-1,149405
70,2518,-1,149410
70,2519,-1,149415
70,2520,-1,149465
70,2521,-1,149470
70,2522,-1,149520
70,2523,-1,149565
70,2524,-1,149570
70,2525,-1,149575
70,2526,-1,149640
70,2527,-1,149705
70,2528,-1,149885
70,2529,-1,149890
70,2530,-1,149940
70,2531,-1,149975
70,2532,-1,150025
70,2533,-1,150085
70,2534,-1,150105
70,2535,-1,150110
70,2536,-1,150170
70,2537,-1,150230
70,2538,-1,150350
70,2539,-1,150355
70,2540,-1,150395
70,2541,-1,150435
70,2542,-1,150495
70,2543,-1,150595
70,2544,-1,150600
70,2545,-1,150665
70,2546,-1,150705
70,2547,-1,150805
70,2548,-1,150810
70,2549,-1,150815
70,2550,-1,150865
70,2551,-1,150895
70,2552,-1,151020
70,2553,-1,151025
70,2554,-1,151030
70,2555,-1,151130
70,2556,-1,151245
70,2557,-1,151280
70,2558,-1,151390
70,2559,-1,151440
70,2560,-1,151565
70,2561,-1,151630
70,2562,-1,151660
70,2563,-1,151665
70,2564,-1,151670
70,2565,-1,151735
70,2566,-1,151790
70,2567,-1,151795
70,2568,-1,151800
70,2569,-1,151915
70,2570,-1,151920
70,2571,-1,151925
70,2572,-1,151985
70,2573,-1,152065
70,2574,-1,152100
70,2575,-1,152150
70,2576,-1,152155
70,2577,-1,152180
70,2578,-1,152250
70,2579,-1,152255
70,2580,-1,152355
70,2581,-1,152360
70,2582,-1,152420
70,2583,-1,152470
70,2584,-1,152560
70,2585,-1,152595
70,2586,-1,152600
70,2587,-1,152645
70,2588,-1,152780
70,2589,-1,152815
70,2590,-1,152820
70,2591,-1,152865
70,2592,-1,152870
70,2593,-1,152875
70,2594,-1,153020
70,2595,-1,153170
70,2596,-1,153210
70,2597,-1,153285
71,2597,1.038168,153550
71,2598,-1,153625
71,2599,-1,153630
71,2600,-1,153635
71,2601,-1,153700
71,2602,-1,153735
71,2603,-1,153855
71,2604,-1,153920
71,2605,-1,153950
71,2606,-1,154010
71,2607,-1,154120
71,2608,-1,154125
71,2609,-1,154130
71,2610,-1,154190
71,2611,-1,154195
71,2612,-1,154255
71,2613,-1,154350
71,2614,-1,154410
71,2615,-1,154455
71,2616,-1,154515
71,2617,-1,154595
71,2618,-1,154690
71,2619,-1,154775
71,2620,-1,154860
71,2621,-1,155015
71,2622,-1,155100
71,2623,-1,155200
71,2624,-1,155250
71,2625,-1,155255
71,2626,-1,155260
71,2627,-1,155325
71,2628,-1,155375
71,2629,-1,155415
71,2630,-1,155450
71,2631,-1,155505
71,2632,-1,155510
71,2633,-1,155515
71,2634,-1,155580
71,2635,-1,155615
71,2636,-1,155635
71,2637,-1,155755
71,2638,-1,155810
71,2639,-1,155815
71,2640,-1,155860
71,2641,-1,155890
71,2642,-1,155950
71,2643,-1,156010
71,2645,-2,156070
71,2646,-1,156125
71,2647,-1,156240
71,2648,-1,156365
71,2649,-1,156400
71,2650,-1,156445
71,2651,-1,156510
71,2652,-1,156540
71,2653,-1,156625
71,2654,-1,156685
71,2655,-1,156815
71,2656,-1,156820
71,2657,-1,156910
71,2658,-1,156915
71,2659,-1,156920
71,2660,-1,156960
71,2661,-1,157030
71,2662,-1,157070
71,2663,-1,157075
71,2664,-1,157170
71,2665,-1,157230
71,2666,-1,157375
71,2667,-1,157435
71,2668,-1,157565
71,2669,-1,157570
71,2670,-1,157690
71,2671,-1,157725
71,2672,-1,157760
71,2673,-1,157830
71,2674,-1,157835
71,2675,-1,157875
71,2676,-1,157880
71,2677,-1,157885
71,2678,-1,157890
71,2679,-1,157920
71,2680,-1,157925
71,2681,-1,157990
71,2682,-1,158045
71,2683,-1,158050
71,2684,-1,158090
71,2685,-1,158135
71,2686,-1,158195
71,2687,-1,158240
72,2687,1.075758,158375
72,2688,-1,158455
72,2689,-1,158460
72,2690,-1,158520
72,2691,-1,158590
73,2691,1.147059,158660
73,2692,-1,158665
73,2693,-1,158730
73,2694,-1,158755
73,2695,-1,158810
73,2696,-1,158890
73,2697,-1,158945
73,2698,-1,159010
73,2699,-1,159015
73,2700,-1,159070
73,2701,-1,159205
73,2702,-1,159300
73,2703,-1,159340
73,2704,-1,159415
73,2705,-1,159520
73,2706,-1,159595
73,2707,-1,159715
73,2708,-1,159720
73,2709,-1,159780
73,2710,-1,159875
73,2711,-1,160020
73,2712,-1,160055
73,2713,-1,160180
73,2714,-1,160220
73,2715,-1,160255
73,2716,-1,160330
73,2717,-1,160385
73,2718,-1,160435
73,2719,-1,160475
73,2720,-1,160530
73,2721,-1,160595
73,2722,-1,160665
73,2723,-1,160670
73,2724,-1,160725
73,2725,-1,160800
73,2726,-1,160940
73,2727,-1,160980
73,2728,-1,161040
73,2729,-1,161100
73,2730,-1,161180
73,2731,-1,161190
73,2733,-2,161320
73,2734,-1,161425
73,2735,-1,161430
73,2736,-1,161435
73,2737,-1,161530
73,2738,-1,161640
73,2739,-1,161765
73,2741,-2,161840
73,2742,-1,161970
73,2743,-1,162105
73,2744,-1,162110
73,2745,-1,162115
73,2746,-1,162165
73,2747,-1,162260
73,2748,-1,162265
73,2749,-1,162340
73,2750,-1,162505
73,2751,-1,162570
73,2752,-1,162645
73,2753,-1,162735
73,2754,-1,162760
73,2755,-1,162840
73,2756,-1,162910
73,2757,-1,163035
73,2758,-1,163150
74,2758,1.068966,163295
74,2759,-1,163355
74,2760,-1,163475
74,2761,-1,163530
74,2762,-1,163550
74,2763,-1,163630
75,2763,1.079365,163760
75,2764,-1,163805
75,2765,-1,163920
75,2766,-1,163980
75,2767,-1,164070
75,2768,-1,164075
75,2769,-1,164145
75,2770,-1,164150
75,2771,-1,164155
75,2772,-1,164160
75,2773,-1,164215
75,2774,-1,164305
75,2775,-1,164395
75,2776,-1,164450
75,2777,-1,164505
75,2778,-1,164560
75,2779,-1,164625
75,2780,-1,164655
75,2781,-1,164710
75,2782,-1,164760
75,2783,-1,164765
75,2784,-1,164795
75,2785,-1,164865
75,2787,-2,164925
76,2787,1.065789,165080
76,2788,-1,165105
76,2789,-1,165175
76,2790,-1,165250
76,2791,-1,165290
76,2792,-1,165355
76,2793,-1,165410
76,2794,-1,165470
76,2795,-1,165540
76,2796,-1,165545
76,2797,-1,165615
76,2798,-1,165620
76,2799,-1,165625
76,2800,-1,165670
76,2801,-1,165740
76,2802,-1,165780
76,2803,-1,165810
76,2804,-1,165990
76,2805,-1,166055
76,2806,-1,166060
76,2807,-1,166120
76,2808,-1,166210
76,2809,-1,166295
76,2810,-1,166330
76,2811,-1,166395
76,2812,-1,166490
76,2813,-1,166590
76,2814,-1,166635
76,2815,-1,166640
76,2816,-1,166685
77,2816,1.07874,166815
77,2817,-1,166820
77,2818,-1,166880
77,2819,-1,166885
77,2820,-1,166995
77,2821,-1,167000
77,2822,-1,167055
77,2823,-1,167190
77,2824,-1,167245
77,2825,-1,167335
77,2826,-1,167435
77,2827,-1,167495
77,2828,-1,167535
77,2829,-1,167650
77,2830,-1,167760
77,2831,-1,167765
77,2832,-1,167795
77,2833,-1,167800
77,2834,-1,167885
77,2835,-1,168020
77,2836,-1,168075
77,2837,-1,168245
77,2838,-1,168250
77,2839,-1,168315
77,2840,-1,168375
77,2841,-1,168410
77,2842,-1,168415
77,2843,-1,168475
77,2844,-1,168520
77,2845,-1,168565
77,2846,-1,168630
77,2847,-1,168755
78,2847,1.087719,168870
78,2848,-1,168875
78,2849,-1,168930
78,2850,-1,168970
78,2851,-1,168975
78,2852,-1,169150
78,2853,-1,169220
78,2854,-1,169290
78,2855,-1,169330
78,2856,-1,169495
78,2857,-1,169560
78,2858,-1,169595
78,2859,-1,169710
78,2860,-1,169750
78,2861,-1,169805
78,2862,-1,169920
78,2863,-1,169960
78,2864,-1,169965
78,2865,-1,170075
78,2866,-1,170080
78,2867,-1,170205
78,2868,-1,170240
78,2869,-1,170315
78,2870,-1,170455
78,2871,-1,170520
78,2872,-1,170670
78,2873,-1,170710
78,2874,-1,170755
78,2875,-1,170840
78,2876,-1,170945
78,2877,-1,171065
78,2878,-1,171140
78,2879,-1,171205
78,2880,-1,171280
78,2881,-1,171285
78,2882,-1,171330
78,2883,-1,171385
78,2884,-1,171455
78,2885,-1,171460
78,2886,-1,171520
78,2888,-2,171585
78,2889,-1,171630
79,2889,1.056497,171810
79,2890,-1,171965
79,2891,-1,171995
79,2892,-1,172210
79,2893,-1,172215
79,2894,-1,172220
79,2895,-1,172225
79,2896,-1,172270
79,2897,-1,172340
80,2897,1.069444,172485
80,2898,-1,172520
80,2899,-1,172580
80,2900,-1,172595
80,2901,-1,172630
80,2902,-1,172705
80,2903,-1,172710
80,2904,-1,172740
80,2905,-1,172850
80,2906,-1,172905
80,2907,-1,172955
80,2909,-2,173020
80,2910,-1,173085
80,2911,-1,173125
80,2912,-1,173240
80,2913,-1,173245
80,2914,-1,173250
80,2915,-1,173310
80,2916,-1,173335
80,2917,-1,173380
80,2918,-1,173480
80,2919,-1,173510
80,2920,-1,173560
80,2921,-1,173610
80,2922,-1,173660
80,2923,-1,173720
80,2924,-1,173725
80,2925,-1,173775
80,2926,-1,173820
80,2927,-1,173935
80,2928,-1,174050
80,2929,-1,174075
80,2930,-1,174115
80,2931,-1,174180
81,2931,1.086957,174295
81,2932,-1,174350
81,2933,-1,174400
81,2934,-1,174465
81,2935,-1,174525
81,2936,-1,174580
81,2937,-1,174645
81,2938,-1,174700
81,2939,-1,174760
81,2940,-1,174965
81,2941,-1,175065
81,2942,-1,175070
81,2943,-1,175190
81,2944,-1,175195
81,2945,-1,175250
81,2946,-1,175255
81,2947,-1,175370
81,2948,-1,175430
81,2949,-1,175500
81,2950,-1,175505
81,2951,-1,175625
81,2952,-1,175630
81,2953,-1,175685
81,2954,-1,175720
81,2955,-1,175790
81,2956,-1,175870
81,2957,-1,175950
81,2958,-1,175955
81,2959,-1,175990
81,2960,-1,176085
81,2961,-1,176090
81,2962,-1,176125
81,2963,-1,176190
81,2964,-1,176240
81,2965,-1,176245
81,2966,-1,176270
81,2967,-1,176370
81,2968,-1,176400
81,2969,-1,176525
81,2970,-1,176545
81,2971,-1,176675
81,2972,-1,176720
81,2973,-1,176725
81,2974,-1,176820
81,2975,-1,176860
82,2975,1.196078,176915
82,2976,-1,176920
82,2977,-1,176975
82,2978,-1,177025
82,2979,-1,177030
82,2980,-1,177080
82,2981,-1,177120
82,2982,-1,177180
82,2983,-1,177185
82,2984,-1,177250
82,2985,-1,177305
82,2986,-1,177350
82,2987,-1,177445
82,2988,-1,177495
82,2989,-1,177570
82,2990,-1,177575
82,2991,-1,177735
82,2992,-1,177820
82,2993,-1,177875
82,2994,-1,177880
82,2996,-2,177940
82,2997,-1,178005
82,2998,-1,178010
82,2999,-1,178015
82,3000,-1,178020
82,3001,-1,178120
82,3002,-1,178125
82,3003,-1,178190
82,3004,-1,178255
82,3005,-1,178300
82,3006,-1,178350
82,3007,-1,178385
82,3008,-1,178490
82,3009,-1,178495
82,3010,-1,178620
82,3011,-1,178680
82,3012,-1,178820
82,3013,-1,178925
82,3014,-1,178975
82,3015,-1,179035
82,3016,-1,179090
82,3017,-1,179125
82,3018,-1,179180
82,3019,-1,179300
82,3020,-1,179420
82,3021,-1,179425
82,3022,-1,179465
82,3023,-1,179495
82,3024,-1,179565
82,3025,-1,179570
82,3026,-1,179585
82,3027,-1,179715
82,3028,-1,179720
82,3029,-1,179840
82,3030,-1,179880
82,3031,-1,179935
82,3032,-1,179980
82,3033,-1,180025
82,3034,-1,180090
82,3035,-1,180120
82,3036,-1,180185
82,3037,-1,180230
82,3038,-1,180270
82,3039,-1,180275
82,3040,-1,180320
82,3041,-1,180325
82,3042,-1,180415
83,3042,1.086207,180535
83,3043,-1,180610
83,3044,-1,180665
83,3045,-1,180735
83,3046,-1,180830
83,3047,-1,180855
83,3048,-1,180915
83,3049,-1,180995
83,3050,-1,181030
83,3051,-1,181070
83,3052,-1,181200
83,3053,-1,181255
83,3054,-1,181380
83,3055,-1,181480
83,3056,-1,181485
83,3057,-1,181585
83,3058,-1,181665
83,3059,-1,181750
83,3060,-1,181805
83,3061,-1,181855
83,3062,-1,182020
83,3063,-1,182065
83,3064,-1,182140
83,3065,-1,182265
83,3066,-1,182310
83,3067,-1,182315
83,3068,-1,182350
83,3069,-1,182355
83,3070,-1,182405
83,3071,-1,182480
83,3072,-1,182510
83,3073,-1,182515
83,3074,-1,182575
83,3075,-1,182690
83,3076,-1,182755
83,3077,-1,182825
83,3078,-1,183010
83,3079,-1,183040
83,3080,-1,183215
83,3081,-1,183250
83,3082,-1,183255
83,3083,-1,183350
84,3083,1.08,183475
84,3084,-1,183480
84,3085,-1,183540
85,3085,1.188679,183595
85,3086,-1,183720
85,3087,-1,183775
85,3088,-1,183835
85,3089,-1,183895
85,3090,-1,184015
85,3091,-1,184080
85,3092,-1,184100
85,3093,-1,184150
85,3094,-1,184155
85,3095,-1,184300
85,3096,-1,184330
85,3097,-1,184370
85,3098,-1,184375
86,3098,1.082645,184500
86,3099,-1,184525
86,3100,-1,184580
86,3101,-1,184585
86,3102,-1,184590
86,3103,-1,184595
86,3104,-1,184635
86,3105,-1,184640
86,3106,-1,184710
86,3107,-1,184765
86,3108,-1,184905
86,3109,-1,184920
86,3110,-1,184985
86,3111,-1,185035
86,3112,-1,185090
86,3113,-1,185140
86,3114,-1,185195
86,3115,-1,185265
86,3116,-1,185330
86,3117,-1,185435
86,3118,-1,185500
86,3119,-1,185560
86,3120,-1,185665
86,3121,-1,185730
86,3123,-2,185790
86,3124,-1,185815
86,3125,-1,185890
86,3126,-1,185895
86,3127,-1,185900
87,3127,1.12987,185980
87,3128,-1,186050
87,3129,-1,186090
87,3130,-1,186150
87,3131,-1,186205
87,3132,-1,186210
87,3133,-1,186275
87,3134,-1,186300
87,3135,-1,186345
87,3136,-1,186350
87,3137,-1,186450
87,3138,-1,186495
87,3139,-1,186595
87,3140,-1,186600
87,3141,-1,186665
87,3142,-1,186670
87,3143,-1,186725
87,3144,-1,186755
87,3145,-1,186760
87,3146,-1,186805
87,3147,-1,186810
87,3148,-1,186885
87,3149,-1,186915
87,3150,-1,186980
87,3151,-1,187020
87,3152,-1,187120
87,3153,-1,187250
87,3154,-1,187295
87,3155,-1,187380
87,3156,-1,187485
87,3157,-1,187545
87,3158,-1,187690
87,3159,-1,187695
87,3160,-1,187745
87,3161,-1,187820
87,3162,-1,187825
87,3163,-1,187830
87,3164,-1,187855
87,3165,-1,187890
87,3166,-1,187965
87,3167,-1,187970
87,3168,-1,187995
87,3170,-2,188115
87,3171,-1,188220
87,3172,-1,188295
87,3173,-1,188360
87,3174,-1,188370
87,3175,-1,188375
87,3176,-1,188560
87,3177,-1,188625
87,3179,-2,188700
87,3180,-1,188705
87,3181,-1,188760
87,3182,-1,188805
87,3183,-1,188890
87,3184,-1,188945
87,3185,-1,189055
87,3186,-1,189060
87,3187,-1,189175
87,3188,-1,189230
87,3189,-1,189270
87,3190,-1,189320
87,3191,-1,189325
87,3192,-1,189330
88,3192,1.093458,189440
88,3193,-1,189525
88,3194,-1,189645
88,3195,-1,189750
88,3197,-2,189810
88,3198,-1,189855
88,3199,-1,189915
88,3200,-1,189950
88,3201,-1,190005
88,3202,-1,190010
88,3203,-1,190045
89,3203,1.051813,190240
89,3204,-1,190325
90,3204,1.113636,190415
90,3205,-1,190420
90,3206,-1,190475
90,3207,-1,190480
90,3208,-1,190560
90,3209,-1,190565
90,3210,-1,190600
90,3211,-1,190715
90,3212,-1,190785
90,3213,-1,190835
90,3214,-1,190875
90,3215,-1,190960
90,3216,-1,190965
90,3217,-1,191020
90,3218,-1,191025
90,3219,-1,191030
90,3220,-1,191080
90,3221,-1,191120
90,3222,-1,191160
90,3223,-1,191290
90,3224,-1,191370
90,3225,-1,191440
90,3226,-1,191500
90,3227,-1,191650
90,3228,-1,191705
90,3229,-1,191770
90,3230,-1,191880
90,3231,-1,191975
90,3232,-1,192025
90,3233,-1,192055
90,3234,-1,192105
90,3235,-1,192205
90,3236,-1,192210
90,3237,-1,192255
90,3238,-1,192295
90,3239,-1,192300
90,3240,-1,192305
90,3241,-1,192355
90,3242,-1,192395
90,3243,-1,192400
91,3243,1.081967,192525
91,3244,-1,192575
91,3245,-1,192580
91,3246,-1,192725
91,3247,-1,192730
91,3249,-2,192855
91,3250,-1,192910
91,3251,-1,192965
91,3252,-1,192995
91,3253,-1,193000
91,3254,-1,193030
91,3255,-1,193065
91,3256,-1,193125
91,3257,-1,193265
91,3258,-1,193390
91,3259,-1,193395
91,3260,-1,193440
91,3261,-1,193500
91,3262,-1,193530
91,3263,-1,193590
91,3264,-1,193630
91,3265,-1,193635
91,3266,-1,193750
91,3267,-1,193875
91,3268,-1,193975
91,3269,-1,194015
91,3270,-1,194020
91,3271,-1,194025
91,3272,-1,194135
91,3273,-1,194140
91,3274,-1,194145
91,3275,-1,194230
91,3276,-1,194235
91,3277,-1,194280
91,3278,-1,194410
91,3279,-1,194530
91,3280,-1,194570
91,3281,-1,194605
91,3282,-1,194665
91,3283,-1,194710
91,3285,-2,194775
91,3286,-1,194780
92,3286,1.09009,194895
92,3287,-1,194940
92,3288,-1,195025
92,3289,-1,195085
92,3290,-1,195125
92,3291,-1,195160
92,3292,-1,195165
92,3293,-1,195230
92,3294,-1,195275
92,3295,-1,195320
92,3296,-1,195435
92,3297,-1,195585
92,3298,-1,195670
93,3298,1.128205,195750
93,3299,-1,195755
93,3300,-1,195885
93,3301,-1,195995
93,3302,-1,196055
93,3303,-1,196150
93,3304,-1,196155
93,3305,-1,196235
93,3306,-1,196295
93,3307,-1,196300
93,3308,-1,196310
93,3309,-1,196350
93,3310,-1,196415
94,3310,1.078125,196545
94,3311,-1,196550
94,3312,-1,196620
94,3313,-1,196625
94,3314,-1,196795
94,3315,-1,196860
94,3316,-1,196905
94,3317,-1,196975
94,3318,-1,197005
94,3319,-1,197075
94,3320,-1,197145
94,3321,-1,197150
95,3321,1.136986,197225
95,3322,-1,197255
95,3323,-1,197310
95,3324,-1,197360
95,3325,-1,197365
95,3326,-1,197410
95,3327,-1,197415
95,3328,-1,197420
95,3329,-1,197455
95,3330,-1,197610
95,3331,-1,197685
95,3332,-1,197805
95,3334,-2,197930
95,3335,-1,197980
95,3336,-1,198050
95,3337,-1,198080
95,3338,-1,198185
95,3339,-1,198225
95,3340,-1,198230
95,3341,-1,198295
95,3342,-1,198355
95,3343,-1,198360
95,3344,-1,198395
95,3345,-1,198455
95,3346,-1,198510
95,3347,-1,198575
95,3348,-1,198615
95,3349,-1,198675
95,3350,-1,198680
95,3351,-1,198760
95,3352,-1,198840
95,3353,-1,198895
95,3354,-1,198945
95,3355,-1,199015
95,3356,-1,199140
95,3357,-1,199200
95,3358,-1,199310
96,3358,1.088496,199425
96,3359,-1,199485
97,3359,1.068966,199630
97,3360,-1,199700
97,3361,-1,199705
97,3362,-1,199735
97,3363,-1,199790
97,3364,-1,199850
97,3365,-1,199880
97,3367,-2,200000
97,3368,-1,200005
97,3369,-1,200065
97,3370,-1,200100
98,3370,1.074627,200235
98,3371,-1,200320
98,3372,-1,200400
98,3373,-1,200450
99,3373,1.079365,200580
99,3374,-1,200620
99,3375,-1,200625
99,3376,-1,200630
99,3377,-1,200805
99,3378,-1,200840
99,3379,-1,200845
99,3380,-1,200895
99,3381,-1,201065
99,3382,-1,201175
99,3383,-1,201245
99,3384,-1,201295
99,3385,-1,201335
99,3386,-1,201405
99,3387,-1,201475
99,3388,-1,201500
99,3389,-1,201550
99,3390,-1,201600
99,3391,-1,201605
99,3392,-1,201635
99,3393,-1,201675
99,3394,-1,201680
99,3395,-1,201745
99,3396,-1,201790
99,3397,-1,201795
99,3398,-1,201855
99,3399,-1,201965
99,3400,-1,201970
99,3401,-1,202010
99,3402,-1,202015
99,3403,-1,202065
99,3404,-1,202070
99,3405,-1,202185
99,3406,-1,202300
99,3407,-1,202305
99,3408,-1,202375
99,3409,-1,202550
99,3410,-1,202585
99,3411,-1,202645
99,3412,-1,202715
99,3413,-1,202815
99,3414,-1,202865
99,3415,-1,202915
99,3416,-1,202970
99,3417,-1,202975
99,3418,-1,202980
99,3419,-1,202985
99,3420,-1,202990
99,3421,-1,202995
99,3422,-1,203055
99,3423,-1,203105
99,3424,-1,203165
99,3425,-1,203210
99,3426,-1,203215
99,3427,-1,203220
99,3428,-1,203340
99,3429,-1,203460
99,3430,-1,203510
99,3431,-1,203575
99,3432,-1,203625
99,3433,-1,203660
99,3434,-1,203720
99,3435,-1,203725
99,3436,-1,203800
99,3437,-1,203825
99,3438,-1,203885
99,3439,-1,203985
99,3440,-1,204040
99,3441,-1,204125
99,3442,-1,204230
99,3443,-1,204235
99,3444,-1,204240
99,3445,-1,204290
99,3446,-1,204425
99,3447,-1,204480
99,3448,-1,204550
99,3449,-1,204605
99,3450,-1,204660
99,3451,-1,204695
99,3452,-1,204850
99,3453,-1,204960
99,3454,-1,205005
99,3455,-1,205050
99,3457,-2,205110
99,3458,-1,205155
99,3460,-2,205245
99,3461,-1,205325
99,3462,-1,205330
99,3463,-1,205390
99,3464,-1,205430
99,3465,-1,205525
99,3466,-1,205530
99,3467,-1,205570
99,3468,-1,205575
99,3469,-1,205580
99,3470,-1,205645
99,3471,-1,205695
99,3472,-1,205725
99,3473,-1,205730
99,3474,-1,205790
99,3475,-1,205840
99,3476,-1,205945
99,3477,-1,205950
100,3477,1.083333,206070
100,3478,-1,206145
100,3479,-1,206220
100,3480,-1,206225
100,3481,-1,206265
100,3483,-2,206325
100,3484,-1,206370
100,3485,-1,206425
100,3487,-2,206485
100,3488,-1,206635
100,3489,-1,206750
100,3490,-1,206795
100,3491,-1,206800
100,3492,-1,206805
100,3493,-1,206845
100,3494,-1,206890
100,3495,-1,206930
100,3496,-1,207050
100,3497,-1,207085
100,3498,-1,207155
100,3499,-1,207195
100,3500,-1,207200
100,3501,-1,207300
100,3502,-1,207350
100,3503,-1,207475
100,3504,-1,207565
100,3505,-1,207620
100,3506,-1,207680
100,3507,-1,207790
100,3508,-1,207845
100,3509,-1,207905
100,3510,-1,207960
100,3511,-1,208090
100,3512,-1,208150
100,3513,-1,208195
100,3514,-1,208275
100,3515,-1,208350
100,3516,-1,208355
100,3517,-1,208360
100,3518,-1,208415
100,3519,-1,208475
100,3520,-1,208505
100,3521,-1,208510
100,3522,-1,208540
100,3523,-1,208585
100,3524,-1,208645
100,3525,-1,208650
100,3526,-1,208760
100,3527,-1,208810
100,3528,-1,208925
100,3529,-1,209020
100,3530,-1,209025
100,3531,-1,209090
100,3532,-1,209145
100,3533,-1,209185
100,3534,-1,209235
100,3535,-1,209280
101,3535,1.163934,209345
101,3536,-1,209475
101,3537,-1,209535
101,3538,-1,209585
101,3539,-1,209700
101,3540,-1,209870
101,3541,-1,209920
102,3541,1.15625,209985
102,3542,-1,210060
102,3543,-1,210245
102,3544,-1,210300
102,3545,-1,210380
102,3546,-1,210520
102,3547,-1,210550
102,3548,-1,210620
102,3549,-1,210665
102,3550,-1,210810
102,3551,-1,210905
102,3552,-1,210995
102,3553,-1,211000
102,3554,-1,211005
102,3555,-1,211065
102,3556,-1,211070
103,3556,1.081967,211195
103,3557,-1,211360
103,3558,-1,211435
103,3559,-1,211475
103,3560,-1,211525
103,3561,-1,211575
103,3562,-1,211620
103,3563,-1,211690
103,3564,-1,211810
103,3565,-1,211815
103,3566,-1,211820
103,3567,-1,211825
103,3568,-1,211830
103,3569,-1,211990
103,3570,-1,212110
103,3571,-1,212220
103,3572,-1,212285
103,3573,-1,212400
103,3574,-1,212455
103,3575,-1,212575
103,3576,-1,212680
103,3577,-1,212775
103,3578,-1,212780
103,3579,-1,212845
103,3580,-1,212905
103,3581,-1,212910
103,3582,-1,213005
103,3584,-2,213070
103,3585,-1,213160
103,3586,-1,213165
103,3587,-1,213320
103,3588,-1,213360
103,3589,-1,213455
103,3590,-1,213495
103,3591,-1,213500
103,3592,-1,213550
103,3593,-1,213590
103,3594,-1,213655
103,3595,-1,213715
103,3596,-1,213760
103,3597,-1,213815
103,3598,-1,213865
103,3599,-1,213870
103,3600,-1,213875
103,3602,-2,214060
103,3603,-1,214105
103,3604,-1,214240
103,3605,-1,214290
103,3606,-1,214325
103,3608,-2,214385
103,3609,-1,214390
103,3610,-1,214440
103,3611,-1,214510
103,3612,-1,214560
103,3613,-1,214565
103,3614,-1,214570
103,3615,-1,214615
103,3616,-1,214670
103,3617,-1,214710
103,3618,-1,214745
103,3619,-1,214750
103,3620,-1,214905
104,3620,1.077519,215035
104,3621,-1,215160
104,3622,-1,215220
104,3623,-1,215320
104,3624,-1,215430
104,3625,-1,215435
104,3626,-1,215470
104,3627,-1,215475
104,3628,-1,215480
104,3629,-1,215535
104,3630,-1,215570
104,3631,-1,215630
104,3632,-1,215785
104,3633,-1,215895
104,3634,-1,215925
104,3635,-1,216045
104,3636,-1,216160
104,3637,-1,216165
104,3638,-1,216275
104,3639,-1,216280
104,3640,-1,216325
104,3641,-1,216420
104,3642,-1,216490
104,3643,-1,216540
104,3644,-1,216545
104,3645,-1,216610
104,3646,-1,216705
104,3647,-1,216710
104,3648,-1,216715
104,3649,-1,216870
104,3650,-1,217035
104,3651,-1,217040
104,3652,-1,217170
104,3653,-1,217235
104,3654,-1,217300
104,3655,-1,217470
104,3656,-1,217540
104,3657,-1,217640
104,3658,-1,217645
104,3659,-1,217705
104,3660,-1,217765
104,3661,-1,217770
104,3662,-1,217775
104,3663,-1,217780
104,3664,-1,217810
104,3665,-1,217815
104,3666,-1,217895
104,3667,-1,218015
104,3668,-1,218020
104,3669,-1,218050
104,3670,-1,218055
104,3672,-2,218190
104,3673,-1,218245
104,3674,-1,218305
104,3675,-1,218350
104,3676,-1,218450
104,3677,-1,218490
104,3678,-1,218620
104,3679,-1,218700
104,3680,-1,218845
104,3681,-1,218880
104,3682,-1,218925
104,3683,-1,218930
104,3684,-1,218990
104,3685,-1,218995
104,3686,-1,219020
104,3687,-1,219165
104,3688,-1,219180
104,3689,-1,219185
104,3690,-1,219190
104,3691,-1,219330
104,3692,-1,219485
104,3693,-1,219530
104,3694,-1,219535
104,3695,-1,219575
104,3696,-1,219695
104,3697,-1,219700
104,3698,-1,219755
104,3699,-1,219835
104,3700,-1,220005
104,3701,-1,220010
104,3702,-1,220150
104,3703,-1,220260
104,3704,-1,220265
104,3705,-1,220335
104,3706,-1,220375
104,3707,-1,220410
104,3708,-1,220445
104,3709,-1,220490
104,3710,-1,220605
104,3711,-1,220655
104,3712,-1,220770
104,3713,-1,220800
104,3714,-1,220980
104,3715,-1,221130
104,3716,-1,221230
104,3717,-1,221235
104,3718,-1,221240
104,3719,-1,221315
104,3720,-1,221360
104,3721,-1,221365
104,3722,-1,221460
104,3723,-1,221465
104,3724,-1,221660
104,3726,-2,221720
104,3727,-1,221770
104,3728,-1,221835
104,3729,-1,221870
104,3730,-1,221915
104,3731,-1,221945
104,3732,-1,221990
104,3733,-1,222050
104,3734,-1,222130
104,3735,-1,222235
104,3736,-1,222340
104,3737,-1,222345
104,3738,-1,222415
104,3739,-1,222465
104,3740,-1,222520
104,3741,-1,222645
104,3742,-1,222795
104,3743,-1,222820
104,3744,-1,222890
104,3745,-1,223050
104,3746,-1,223090
104,3747,-1,223135
104,3748,-1,223205
104,3749,-1,223395
104,3750,-1,223515
104,3751,-1,223520
104,3752,-1,223525
104,3753,-1,223530
104,3754,-1,223570
104,3755,-1,223600
104,3756,-1,223660
104,3757,-1,223710
104,3758,-1,223835
104,3759,-1,223890
104,3760,-1,223895
104,3761,-1,223940
104,3762,-1,223990
104,3763,-1,224035
104,3764,-1,224090
104,3765,-1,224135
104,3766,-1,224190
104,3767,-1,224320
104,3768,-1,224380
104,3769,-1,224505
104,3770,-1,224530
104,3771,-1,224565
104,3772,-1,224625
104,3773,-1,224720
104,3774,-1,224850
104,3775,-1,224965
104,3776,-1,225105
104,3777,-1,225170
104,3778,-1,225175
104,3779,-1,225240
104,3780,-1,225290
104,3781,-1,225350
104,3782,-1,225415
104,3783,-1,225430
104,3784,-1,225435
104,3785,-1,225440
104,3786,-1,225500
104,3787,-1,225585
104,3788,-1,225700
104,3789,-1,225740
104,3790,-1,225745
104,3791,-1,225815
104,3792,-1,225860
104,3793,-1,225915
104,3794,-1,226015
104,3795,-1,226145
104,3796,-1,226225
104,3797,-1,226275
104,3798,-1,226345
104,3799,-1,226415
104,3800,-1,226465
104,3801,-1,226525
104,3802,-1,226560
104,3803,-1,226565
104,3804,-1,226655
104,3805,-1,226780
104,3806,-1,226785
104,3807,-1,226825
104,3808,-1,226955
104,3809,-1,227005
104,3810,-1,227170
104,3811,-1,227175
104,3812,-1,227180
104,3813,-1,227230
104,3814,-1,227375
104,3815,-1,227585
104,3817,-2,227650
104,3818,-1,227685
104,3819,-1,227750
104,3820,-1,227815
104,3821,-1,227855
104,3822,-1,227915
104,3823,-1,227920
104,3824,-1,227925
104,3825,-1,227930
104,3826,-1,228025
104,3827,-1,228095
104,3828,-1,228100
104,3829,-1,228130
104,3830,-1,228185
104,3831,-1,228210
104,3832,-1,228215
104,3833,-1,228270
104,3834,-1,228385
104,3835,-1,228485
104,3836,-1,228645
104,3837,-1,228650
104,3838,-1,228685
104,3839,-1,228730
104,3840,-1,228810
104,3841,-1,228880
104,3842,-1,228940
104,3843,-1,228985
105,3843,1.071942,229125
105,3844,-1,229130
105,3845,-1,229185
105,3846,-1,229300
105,3847,-1,229345
105,3848,-1,229380
105,3849,-1,229430
105,3850,-1,229435
105,3851,-1,229500
105,3852,-1,229530
105,3853,-1,229570
105,3854,-1,229610
105,3855,-1,229655
105,3856,-1,229755
105,3857,-1,229760
105,3858,-1,229835
105,3859,-1,229865
105,3860,-1,229915
105,3861,-1,229965
105,3862,-1,229980
105,3863,-1,230085
105,3864,-1,230090
105,3865,-1,230220
105,3866,-1,230325
105,3867,-1,230385
105,3868,-1,230445
105,3869,-1,230505
105,3870,-1,230540
105,3871,-1,230545
105,3872,-1,230605
105,3873,-1,230655
105,3874,-1,230765
105,3875,-1,230890
105,3876,-1,230895
105,3877,-1,230935
105,3878,-1,231000
105,3879,-1,231090
105,3880,-1,231110
105,3881,-1,231115
105,3882,-1,231210
105,3883,-1,231270
105,3884,-1,231290
105,3885,-1,231330
105,3886,-1,231345
105,3887,-1,231440
105,3888,-1,231485
105,3889,-1,231550
105,3890,-1,231610
105,3891,-1,231615
105,3892,-1,231630
105,3893,-1,231700
105,3894,-1,231705
105,3895,-1,231735
105,3896,-1,231740
105,3897,-1,231795
105,3898,-1,231855
105,3899,-1,231910
105,3900,-1,231960
106,3900,1.133333,232035
106,3901,-1,232085
106,3902,-1,232105
106,3903,-1,232110
106,3904,-1,232165
106,3905,-1,232200
106,3906,-1,232250
106,3907,-1,232345
106,3908,-1,232410
106,3909,-1,232460
106,3910,-1,232465
106,3911,-1,232525
106,3913,-2,232655
106,3914,-1,232820
106,3915,-1,232880
106,3916,-1,232940
106,3917,-1,232995
106,3918,-1,233100
107,3918,1.149254,233170
107,3919,-1,233345
107,3920,-1,233350
107,3922,-2,233410
107,3923,-1,233455
107,3924,-1,233490
107,3925,-1,233495
107,3926,-1,233620
107,3927,-1,233685
107,3928,-1,233720
107,3929,-1,233815
107,3930,-1,233935
107,3931,-1,234035
108,3931,1.07874,234165
108,3932,-1,234170
108,3933,-1,234250
108,3934,-1,234285
108,3935,-1,234365
108,3936,-1,234370
108,3937,-1,234405
108,3938,-1,234435
108,3939,-1,234475
108,3940,-1,234575
108,3941,-1,234740
108,3942,-1,234850
108,3943,-1,234935
108,3944,-1,234940
108,3945,-1,234990
108,3946,-1,235055
108,3947,-1,235130
108,3948,-1,235190
108,3949,-1,235195
108,3950,-1,235260
108,3951,-1,235385
108,3952,-1,235410
108,3953,-1,235465
108,3954,-1,235550
108,3955,-1,235615
108,3956,-1,235675
108,3957,-1,235720
108,3958,-1,235825
108,3959,-1,235870
108,3960,-1,235875
108,3961,-1,235965
108,3962,-1,236085
108,3963,-1,236090
108,3964,-1,236125
108,3965,-1,236130
109,3965,1.1,236230
109,3966,-1,236280
109,3967,-1,236445
109,3969,-2,236505
109,3970,-1,236555
109,3971,-1,236615
109,3972,-1,236665
109,3973,-1,236670
109,3974,-1,236720
109,3975,-1,236725
109,3976,-1,236795
109,3977,-1,236835
109,3978,-1,236875
109,3979,-1,236925
109,3980,-1,236985
109,3981,-1,236990
110,3981,1.075758,237125
110,3982,-1,237160
110,3983,-1,237195
110,3984,-1,237295
110,3985,-1,237300
110,3986,-1,237420
110,3987,-1,237550
110,3988,-1,237635
110,3989,-1,237640
110,3990,-1,237695
110,3991,-1,237780
110,3992,-1,237845
110,3993,-1,237895
110,3994,-1,238045
110,3995,-1,238050
110,3996,-1,238120
111,3996,1.185185,238175
111,3997,-1,238260
112,3997,1.066225,238415
112,3999,-2,238545
112,4000,-1,238635
112,4001,-1,238640
112,4002,-1,238755
112,4003,-1,238760
112,4004,-1,238795
112,4005,-1,238845
112,4006,-1,238955
112,4007,-1,239005
112,4008,-1,239110
112,4009,-1,239275
112,4010,-1,239375
112,4011,-1,239430
112,4012,-1,239540
112,4013,-1,239600
112,4014,-1,239685
112,4015,-1,239780
112,4016,-1,239830
112,4017,-1,239885
112,4018,-1,239915
112,4019,-1,239950
112,4020,-1,239995
112,4021,-1,240000
112,4022,-1,240005
112,4023,-1,240100
112,4024,-1,240185
112,4025,-1,240190
112,4026,-1,240230
112,4027,-1,240265
112,4028,-1,240335
112,4030,-2,240395
113,4030,1.074074,240530
113,4031,-1,240535
113,4033,-2,240595
113,4034,-1,240600
113,4035,-1,240660
113,4036,-1,240765
113,4037,-1,240790
113,4038,-1,240895
113,4039,-1,240900
113,4040,-1,240995
113,4041,-1,241035
113,4042,-1,241040
113,4043,-1,241090
113,4044,-1,241130
113,4045,-1,241295
113,4046,-1,241425
113,4047,-1,241495
113,4048,-1,241560
113,4050,-2,241620
113,4051,-1,241625
113,4052,-1,241635
113,4053,-1,241695
113,4054,-1,241725
113,4055,-1,241805
113,4056,-1,241810
113,4057,-1,241815
113,4058,-1,241920
113,4059,-1,241950
113,4060,-1,242055
113,4061,-1,242115
113,4062,-1,242140
113,4063,-1,242195
113,4064,-1,242230
113,4065,-1,242265
113,4066,-1,242270
113,4067,-1,242335
113,4068,-1,242405
113,4069,-1,242410
113,4070,-1,242455
113,4071,-1,242580
113,4072,-1,242750
113,4073,-1,242800
113,4074,-1,242855
113,4075,-1,242920
113,4076,-1,242925
113,4077,-1,242995
113,4078,-1,243000
113,4079,-1,243135
113,4080,-1,243285
113,4081,-1,243335
113,4082,-1,243365
113,4083,-1,243425
113,4084,-1,243580
113,4085,-1,243695
113,4086,-1,243785
113,4087,-1,243790
113,4088,-1,243880
113,4089,-1,243915
113,4090,-1,244085
113,4091,-1,244125
113,4092,-1,244175
113,4093,-1,244230
113,4094,-1,244340
113,4095,-1,244380
113,4096,-1,244405
114,4096,1.083333,244525
114,4097,-1,244530
114,4098,-1,244565
114,4099,-1,244710
114,4100,-1,244770
114,4101,-1,244805
114,4102,-1,244845
114,4103,-1,244950
114,4104,-1,245005
114,4105,-1,245065
114,4106,-1,245125
114,4107,-1,245285
114,4108,-1,245340
114,4109,-1,245400
114,4110,-1,245485
114,4111,-1,245550
114,4112,-1,245600
114,4113,-1,245640
114,4114,-1,245645
114,4115,-1,245705
114,4116,-1,245815
114,4117,-1,245905
114,4118,-1,246025
114,4119,-1,246090
114,4120,-1,246140
114,4121,-1,246165
114,4122,-1,246170
114,4123,-1,246205
114,4124,-1,246220
114,4125,-1,246245
114,4126,-1,246310
114,4127,-1,246460
114,4128,-1,246510
115,4128,1.064935,246665
115,4129,-1,246710
115,4130,-1,246775
115,4131,-1,246870
115,4132,-1,246900
116,4132,1.113636,246990
116,4133,-1,247075
116,4134,-1,247175
116,4135,-1,247230
116,4136,-1,247290
116,4137,-1,247295
116,4138,-1,247405
116,4139,-1,247540
116,4140,-1,247665
116,4141,-1,247670
116,4142,-1,247730
116,4143,-1,247780
116,4144,-1,247785
116,4145,-1,247790
116,4146,-1,247795
116,4147,-1,247800
116,4148,-1,247880
116,4149,-1,247920
116,4150,-1,248010
116,4151,-1,248215
117,4151,1.071942,248355
117,4152,-1,248385
117,4153,-1,248445
117,4154,-1,248490
117,4155,-1,248550
117,4156,-1,248555
117,4157,-1,248575
117,4158,-1,248580
117,4159,-1,248585
117,4160,-1,248590
117,4161,-1,248650
117,4162,-1,248705
117,4163,-1,248710
117,4164,-1,248770
117,4165,-1,248785
117,4166,-1,248820
117,4167,-1,248875
117,4168,-1,248970
117,4169,-1,248975
117,4170,-1,248980
117,4171,-1,249080
117,4172,-1,249230
117,4173,-1,249265
117,4174,-1,249330
117,4175,-1,249390
117,4176,-1,249555
117,4177,-1,249560
117,4178,-1,249595
117,4179,-1,249705
117,4180,-1,249780
117,4181,-1,249840
117,4182,-1,249855
117,4183,-1,249935
117,4184,-1,249940
117,4186,-2,250000
