Goals,Deaths,Reward,Step 
0,0,0,0
0,1,-1.000272,70
1,1,1.232516,120
2,1,1.134693,210
3,1,1.12021,295
4,1,1.192035,350
5,1,1.189242,410
6,1,1.131307,490
6,2,-1.000272,545
7,2,1.158458,610
8,2,1.148981,680
8,2,-5.448073E-05,681
8,3,-1.000272,746
9,3,1.184913,801
10,3,1.100738,901
10,4,-1.000272,966
11,4,1.166394,1026
12,4,1.096815,1131
13,4,1.11975,1231
14,4,1.227,1276
15,4,1.091471,1386
16,4,1.192035,1441
16,5,-1.000272,1526
16,6,-0.98025,1571
17,6,1.112087,1661
17,7,-1.000272,1731
17,8,-1.000272,1776
18,8,1.172141,1836
18,9,-1.000272,1936
18,10,-1.000272,1986
19,10,1.217119,2036
19,11,-1.000272,2116
19,12,-1.000272,2166
19,13,-1.000272,2211
19,14,-1.000272,2246
20,14,1.10282,2346
21,14,1.192035,2401
21,15,-0.98025,2486
22,15,1.133386,2576
23,15,1.127277,2671
23,16,-1.000272,2721
24,16,1.223832,2771
25,16,1.151243,2841
26,16,1.115904,2946
27,16,1.083761,3066
28,16,1.101768,3166
29,16,1.089013,3281
30,16,1.282908,3321
31,16,1.203809,3371
32,16,1.12021,3456
33,16,1.101768,3556
34,16,1.103784,3676
34,17,-1.000272,3756
35,17,1.333061,3786
36,17,1.153083,3861
37,17,1.069658,4006
38,17,1.203809,4056
39,17,1.158639,4131
40,17,1.153574,4196
40,18,-0.98025,4256
41,18,1.161018,4321
41,19,-1.000272,4446
42,19,1.107255,4541
43,19,1.124728,4621
43,20,-1.000272,4716
44,20,1.215828,4771
44,21,-0.98025,4876
45,21,1.14475,4956
45,22,-1.000272,5011
46,22,1.175166,5071
46,23,-1.000272,5101
47,23,1.181546,5156
47,24,-1.000272,5226
48,24,1.077247,5356
49,24,1.203809,5406
50,24,1.237141,5456
51,24,1.116007,5546
52,24,1.22195,5591
53,24,1.175166,5651
54,24,1.146332,5731
55,24,1.140573,5806
56,24,1.212058,5861
56,25,-1.000272,5946
57,25,1.285442,5981
57,26,-1.000272,6046
57,27,-0.98025,6106
58,27,1.166394,6166
59,27,1.256138,6206
60,27,1.232286,6251
61,27,1.129598,6331
61,28,-1.000272,6396
62,28,1.069658,6541
62,29,-1.000272,6601
63,29,1.144655,6671
63,30,-1.000272,6746
64,30,1.101768,6846
65,30,1.212058,6901
65,31,-1.000272,6966
66,31,1.055593,7146
67,31,1.155978,7211
67,32,-0.98025,7266
68,32,1.134863,7341
68,33,-0.98025,7371
69,33,1.204935,7426
70,33,1.203809,7476
70,34,-1.000272,7526
71,34,1.178299,7586
72,34,1.181546,7641
73,34,1.146332,7721
73,35,-0.98025,7776
73,36,-1.000272,7826
74,36,1.076064,7961
75,36,1.22195,8006
76,36,1.148981,8076
77,36,1.208429,8131
78,36,1.208061,8181
79,36,1.095881,8286
79,37,-1.000272,8391
80,37,1.112087,8481
81,37,1.099115,8611
82,37,1.199728,8661
83,37,1.189242,8721
84,37,1.127933,8801
84,38,-1.000272,8856
85,38,1.153574,8921
86,38,1.269998,8961
87,38,1.27616,9001
87,39,-1.000272,9051
88,39,1.076064,9186
88,40,-1.000272,9261
88,41,-0.98025,9326
88,42,-1.000272,9376
89,42,1.172141,9436
89,43,-0.98025,9486
90,43,1.227,9531
90,44,-1.000272,9626
91,44,1.18104,9691
91,45,-1.000272,9756
91,46,-0.98025,9826
91,47,-1.000272,9871
92,47,1.138616,9946
93,47,1.203809,9996
94,47,1.158458,10061
95,47,1.215828,10116
96,47,1.166394,10176
97,47,1.089013,10291
98,47,1.12076,10391
99,47,1.104991,10486
100,47,1.097767,10591
101,47,1.158639,10666
101,48,-0.98025,10731
102,48,1.095881,10836
103,48,1.249728,10876
104,48,1.18104,10941
104,49,-1.000272,11016
105,49,1.203809,11066
105,50,-1.000272,11146
106,50,1.24363,11191
107,50,1.155978,11256
108,50,1.076651,11386
109,50,1.198321,11446
110,50,1.184913,11501
111,50,1.153083,11576
111,51,-1.000272,11631
112,51,1.131307,11711
113,51,1.204935,11766
114,51,1.134863,11841
115,51,1.208429,11896
116,51,1.178299,11956
117,51,1.101768,12056
117,52,-0.98025,12116
117,53,-1.000272,12211
117,54,-1.000272,12251
117,55,-1.000272,12281
118,55,1.084473,12401
119,55,1.232286,12446
120,55,1.11409,12556
121,55,1.129598,12636
122,55,1.189242,12696
123,55,1.138616,12771
124,55,1.12631,12851
125,55,1.138616,12926
125,56,-1.000272,13026
126,56,1.169219,13086
127,56,1.24363,13131
128,56,1.178299,13191
129,56,1.110659,13301
130,56,1.171265,13371
131,56,1.249728,13411
132,56,1.134863,13486
133,56,1.151243,13556
133,57,-1.000272,13616
134,57,1.12631,13696
135,57,1.257845,13741
136,57,1.136714,13816
137,57,1.127933,13896
138,57,1.184913,13951
139,57,1.212494,14001
140,57,1.22195,14046
141,57,1.153574,14111
142,57,1.166394,14171
143,57,1.252308,14216
143,58,-1.000272,14266
144,58,1.186417,14326
145,58,1.094067,14436
145,59,-0.98025,14481
146,59,1.106111,14576
147,59,1.169219,14636
148,59,1.12021,14721
148,60,-1.000272,14756
148,61,-1.000272,14806
149,61,1.111493,14916
150,61,1.089013,15031
150,62,-0.98025,15106
150,63,-1.000272,15156
151,63,1.178299,15216
151,64,-1.000272,15326
152,64,1.089013,15441
152,65,-1.000272,15501
153,65,1.108246,15616
154,65,1.142585,15686
154,66,-1.000272,15736
155,66,1.085935,15856
156,66,1.173596,15921
157,66,1.166394,15981
157,67,-1.000272,16061
158,67,1.181546,16116
159,67,1.212058,16171
160,67,1.208061,16221
160,68,-1.000272,16306
161,68,1.172141,16366
161,69,-1.000272,16461
161,70,-1.000272,16511
162,70,1.172141,16571
163,70,1.131307,16651
163,71,-1.000272,16706
164,71,1.079991,16876
165,71,1.212058,16931
166,71,1.277505,16971
166,72,-0.98025,17041
167,72,1.134863,17116
168,72,1.163662,17181
168,73,-0.98025,17226
169,73,1.109618,17321
169,74,-1.000272,17376
170,74,1.140573,17451
171,74,1.12021,17536
171,75,-1.000272,17591
171,76,-1.000272,17641
172,76,1.098737,17746
173,76,1.155978,17811
173,77,-1.000272,17946
174,77,1.13211,18036
175,77,1.237141,18086
175,78,-0.98025,18141
176,78,1.227,18186
177,78,1.07272,18326
177,79,-1.000272,18406
178,79,1.212494,18456
178,80,-1.000272,18501
179,80,1.249728,18541
180,80,1.07963,18711
181,80,1.121679,18796
182,80,1.12021,18881
183,80,1.232286,18926
184,80,1.085935,19046
184,81,-1.000272,19136
185,81,1.113364,19226
186,81,1.232286,19271
187,81,1.151329,19351
188,81,1.17848,19416
189,81,1.163662,19481
190,81,1.093186,19591
191,81,1.131307,19671
192,81,1.188407,19726
193,81,1.166394,19786
193,82,-1.000272,19821
193,83,-1.000272,19886
194,83,1.097767,19991
195,83,1.05687,20166
196,83,1.384343,20196
196,84,-0.98025,20261
197,84,1.11467,20351
198,84,1.153574,20416
199,84,1.099728,20516
200,84,1.370098,20546
200,85,-0.98025,20666
200,86,-1.000272,20711
201,86,1.110839,20801
201,87,-1.000272,20861
202,87,1.293845,20896
202,88,-1.000272,20951
202,89,-1.000272,21006
203,89,1.163662,21071
204,89,1.212494,21121
204,90,-1.000272,21206
204,91,-1.000272,21251
205,91,1.237823,21296
206,91,1.169219,21356
207,91,1.282908,21396
207,92,-1.000272,21436
207,93,-1.000272,21496
208,93,1.133061,21571
209,93,1.089013,21686
209,94,-1.000272,21746
210,94,1.14475,21826
210,95,-1.000272,21886
210,96,-1.000272,21936
211,96,1.118775,22021
211,97,-0.98025,22071
212,97,1.112087,22161
212,98,-1.000272,22206
213,98,1.22195,22251
214,98,1.079728,22376
215,98,1.118775,22461
216,98,1.142585,22531
217,98,1.181546,22586
217,99,-1.000272,22706
218,99,1.32278,22741
219,99,1.073802,22876
219,100,-0.98025,22956
220,100,1.263652,23001
221,100,1.127933,23081
222,100,1.212494,23131
223,100,1.121679,23216
224,100,1.11975,23316
224,101,-1.000272,23361
225,101,1.143207,23446
226,101,1.107255,23541
226,102,-1.000272,23616
227,102,1.158639,23691
228,102,1.161018,23756
228,103,-1.000272,23811
229,103,1.142585,23881
230,103,1.080356,24046
231,103,1.24363,24091
232,103,1.178299,24151
233,103,1.14962,24231
233,104,-1.000272,24266
234,104,1.322308,24301
234,105,-1.000272,24351
235,105,1.232516,24401
236,105,1.14962,24481
236,106,-1.000272,24521
237,106,1.227,24566
237,107,-1.000272,24641
238,107,1.169004,24711
238,108,-1.000272,24751
238,109,-1.000272,24811
239,109,1.136714,24886
240,109,1.097767,24991
240,109,-5.448073E-05,25007
241,109,1.081695,25132
242,109,1.067295,25282
242,110,-0.98025,25347
242,111,-1.000272,25507
242,112,-0.98025,25577
243,112,1.113364,25667
244,112,1.121679,25752
245,112,1.101768,25852
246,112,1.105957,25972
246,113,-1.000272,26017
246,114,-1.000272,26062
246,115,-1.000272,26127
246,116,-0.98025,26212
246,117,-1.000272,26262
246,118,-0.98025,26377
246,119,-1.000272,26482
247,119,1.075306,26662
248,119,1.12631,26742
248,120,-1.000272,26792
248,121,-1.000272,26842
248,122,-1.000272,26917
248,123,-0.98025,26967
248,124,-1.000272,27027
248,125,-1.000272,27087
249,125,1.118775,27172
250,125,1.083061,27292
250,126,-1.000272,27352
250,127,-1.000272,27437
251,127,1.085539,27592
251,128,-1.000272,27702
251,129,-1.000272,27817
252,129,1.080373,27942
253,129,1.116007,28032
253,130,-1.000272,28122
253,131,-1.000272,28172
253,132,-1.000272,28237
253,133,-1.000272,28407
253,134,-1.000272,28487
253,135,-1.000272,28597
254,135,1.108246,28712
255,135,1.12021,28797
255,136,-1.000272,28887
255,137,-1.000272,28957
255,138,-1.000272,29007
255,139,-0.98025,29102
256,139,1.079093,29232
256,140,-1.000272,29292
257,140,1.064663,29447
257,141,-0.98025,29542
258,141,1.094067,29652
259,141,1.123184,29737
260,141,1.147955,29817
260,142,-1.000272,29912
260,143,-1.000272,29952
260,144,-1.000272,30012
261,144,1.093186,30122
261,145,-1.000272,30222
262,145,1.173596,30287
263,145,1.151329,30367
263,146,-0.98025,30417
263,147,-1.000272,30457
264,147,1.053782,30642
264,148,-1.000272,30732
264,149,-1.000272,30917
264,150,-1.000272,31007
264,151,-1.000272,31062
265,151,1.075485,31197
266,151,1.059608,31367
266,152,-1.000272,31422
266,153,-1.000272,31562
267,153,1.065517,31717
268,153,1.113364,31807
269,153,1.085198,31927
269,154,-0.98025,31972
270,154,1.099728,32072
271,154,1.11409,32182
271,155,-1.000272,32237
271,156,-0.98025,32357
272,156,1.121679,32442
273,156,1.117375,32527
274,156,1.058207,32702
274,157,-1.000272,32767
275,157,1.098737,32872
275,158,-1.000272,32922
276,158,1.10282,33022
276,159,-1.000272,33092
277,159,1.067755,33242
277,160,-1.000272,33287
278,160,1.109036,33402
279,160,1.136029,33492
280,160,1.057531,33667
280,161,-1.000272,33732
281,161,1.127933,33812
281,162,-0.98025,33902
281,163,-1.000272,33962
281,164,-1.000272,34077
281,165,-1.000272,34252
282,165,1.089194,34397
282,166,-0.98025,34482
283,166,1.091471,34592
283,167,-0.98025,34672
284,167,1.10984,34787
285,167,1.083761,34907
285,168,-1.000272,35097
285,169,-1.000272,35157
285,170,-1.000272,35247
285,171,-1.000272,35277
286,171,1.114988,35382
286,172,-1.000272,35442
287,172,1.115904,35547
288,172,1.053782,35732
289,172,1.12631,35812
289,173,-1.000272,35877
289,174,-1.000272,35917
289,175,-1.000272,36032
290,175,1.059969,36202
290,176,-1.000272,36302
290,177,-1.000272,36372
291,177,1.087447,36487
291,178,-1.000272,36547
292,178,1.14475,36627
292,179,-1.000272,36702
292,180,-1.000272,36762
292,181,-0.98025,36842
292,182,-0.98025,36897
292,183,-1.000272,36982
292,184,-1.000272,37137
292,185,-0.98025,37237
292,186,-1.000272,37282
293,186,1.123184,37367
294,186,1.104991,37462
294,187,-1.000272,37512
294,188,-1.000272,37582
294,189,-1.000272,37637
294,190,-0.98025,37692
294,191,-1.000272,37792
294,192,-1.000272,37862
295,192,1.087447,37977
295,193,-1.000272,38027
295,194,-1.000272,38102
295,195,-1.000272,38187
296,195,1.076651,38317
296,196,-1.000272,38382
296,197,-0.98025,38477
297,197,1.129598,38557
297,198,-1.000272,38722
298,198,1.084473,38842
298,199,-0.98025,38902
299,199,1.089013,39017
300,199,1.140232,39102
301,199,1.146786,39172
301,200,-1.000272,39227
302,200,1.123184,39312
302,201,-1.000272,39377
303,201,1.106707,39492
303,202,-1.000272,39627
303,203,-1.000272,39712
304,203,1.113208,39822
305,203,1.071156,39962
305,204,-1.000272,40007
306,204,1.077853,40137
307,204,1.146786,40207
307,205,-1.000272,40272
308,205,1.11467,40362
308,206,-1.000272,40422
308,207,-1.000272,40547
308,208,-1.000272,40647
308,209,-1.000272,40717
308,210,-1.000272,40772
309,210,1.094067,40882
309,211,-0.98025,41007
309,212,-0.98025,41077
310,212,1.11467,41167
310,213,-1.000272,41222
311,213,1.12631,41302
311,214,-1.000272,41342
312,214,1.109036,41457
312,215,-0.98025,41517
312,216,-1.000272,41562
313,216,1.138616,41637
314,216,1.103894,41737
314,217,-1.000272,41792
315,217,1.12021,41877
316,217,1.198321,41937
317,217,1.096086,42072
318,217,1.077247,42202
318,218,-1.000272,42252
319,218,1.107469,42367
319,219,-1.000272,42432
319,220,-1.000272,42517
320,220,1.117375,42602
321,220,1.142585,42672
322,220,1.115904,42777
323,220,1.099115,42907
323,221,-1.000272,43017
323,222,-1.000272,43077
324,222,1.097767,43182
324,223,-1.000272,43257
325,223,1.084473,43377
325,224,-0.98025,43407
325,225,-1.000272,43462
326,225,1.10282,43562
327,225,1.061839,43727
328,225,1.12021,43812
329,225,1.106707,43927
329,226,-1.000272,44017
330,226,1.092214,44157
330,227,-1.000272,44347
330,228,-1.000272,44427
330,229,-1.000272,44492
330,230,-1.000272,44582
330,231,-1.000272,44647
330,232,-1.000272,44797
331,232,1.076651,44927
331,233,-0.98025,45002
331,234,-1.000272,45132
332,234,1.117789,45237
332,235,-1.000272,45352
333,235,1.131307,45432
333,236,-0.98025,45582
333,237,-1.000272,45692
334,237,1.09849,45822
334,238,-1.000272,45897
335,238,1.090637,46007
336,238,1.104991,46102
336,239,-1.000272,46142
336,240,-1.000272,46202
337,240,1.100738,46302
337,241,-0.98025,46367
338,241,1.07272,46507
338,242,-1.000272,46577
339,242,1.153574,46642
340,242,1.121679,46727
341,242,1.151243,46797
341,243,-1.000272,46857
341,244,-0.98025,46912
342,244,1.078468,47042
343,244,1.091692,47182
343,245,-1.000272,47232
344,245,1.134693,47322
345,245,1.12021,47407
345,246,-0.98025,47547
345,247,-1.000272,47607
346,247,1.133061,47682
346,248,-1.000272,47722
346,249,-1.000272,47872
347,249,1.103894,47972
348,249,1.07963,48142
348,250,-1.000272,48212
349,250,1.136029,48302
349,251,-0.98025,48457
350,251,1.075485,48592
350,252,-1.000272,48637
350,253,-1.000272,48727
350,254,-1.000272,48792
350,255,-1.000272,48847
350,256,-1.000272,48927
350,257,-1.000272,48972
350,258,-1.000272,49017
351,258,1.095881,49122
351,259,-1.000272,49182
352,259,1.13211,49272
352,260,-1.000272,49362
353,260,1.089818,49477
354,260,1.073257,49617
355,260,1.078468,49747
355,261,-1.000272,49792
356,261,1.092743,49932
356,261,-5.448073E-05,50008
357,261,1.073802,50143
357,262,-1.000272,50208
357,263,-1.000272,50308
357,264,-1.000272,50383
358,264,1.134693,50473
359,264,1.094067,50583
359,265,-1.000272,50668
359,266,-1.000272,50723
359,267,-1.000272,50783
359,268,-1.000272,50878
359,269,-1.000272,51018
359,270,-1.000272,51078
359,271,-0.98025,51203
359,272,-0.98025,51338
359,273,-1.000272,51393
359,274,-0.98025,51503
359,275,-1.000272,51563
359,276,-1.000272,51688
359,277,-1.000272,51778
360,277,1.09849,51908
361,277,1.083061,52028
361,278,-1.000272,52118
361,279,-1.000272,52203
361,280,-1.000272,52258
362,280,1.094067,52368
362,281,-1.000272,52433
362,282,-0.98025,52518
362,283,-1.000272,52618
363,283,1.075485,52753
363,284,-1.000272,52843
363,285,-1.000272,52888
364,285,1.061944,53128
364,286,-1.000272,53198
365,286,1.079093,53328
365,287,-1.000272,53393
365,288,-1.000272,53443
365,289,-1.000272,53568
365,290,-1.000272,53628
365,291,-0.98025,53673
365,292,-1.000272,53748
365,293,-0.98025,53813
365,294,-0.98025,53923
365,295,-1.000272,54003
365,296,-1.000272,54058
366,296,1.12964,54153
366,297,-1.000272,54258
366,298,-1.000272,54288
366,299,-1.000272,54333
366,300,-0.98025,54378
367,300,1.077853,54508
368,300,1.136029,54598
368,301,-0.98025,54683
369,301,1.101768,54783
369,302,-1.000272,54828
370,302,1.086684,54943
371,302,1.094377,55078
372,302,1.085935,55198
373,302,1.11876,55303
373,303,-1.000272,55358
374,303,1.129598,55438
375,303,1.142585,55508
376,303,1.131307,55588
376,304,-0.98025,55643
377,304,1.08968,55788
378,304,1.077853,55918
379,304,1.134863,55993
379,305,-0.98025,56043
380,305,1.163662,56108
381,305,1.123184,56193
381,306,-0.98025,56283
382,306,1.089818,56398
383,306,1.054673,56583
383,307,-1.000272,56658
383,308,-1.000272,56718
383,309,-1.000272,56773
384,309,1.144655,56843
385,309,1.095508,56978
386,309,1.054976,57163
387,309,1.12631,57243
387,310,-0.98025,57288
387,311,-1.000272,57363
388,311,1.124728,57443
388,312,-1.000272,57508
389,312,1.09232,57618
390,312,1.079093,57748
390,313,-1.000272,57788
391,313,1.147955,57868
391,314,-1.000272,57923
391,315,-0.98025,57958
392,315,1.084473,58078
392,316,-1.000272,58133
392,317,-1.000272,58193
392,318,-1.000272,58248
393,318,1.096815,58353
393,319,-1.000272,58408
393,320,-1.000272,58463
393,321,-0.98025,58558
393,322,-1.000272,58608
394,322,1.089013,58723
394,323,-1.000272,58853
395,323,1.13211,58943
396,323,1.096815,59048
396,324,-1.000272,59193
396,325,-1.000272,59248
396,326,-0.98025,59298
397,326,1.112343,59408
398,326,1.136029,59498
399,326,1.155978,59563
399,327,-1.000272,59648
399,328,-1.000272,59698
400,328,1.09849,59828
400,329,-1.000272,59868
401,329,1.138616,59943
402,329,1.112087,60033
403,329,1.107255,60128
404,329,1.124728,60208
405,329,1.089818,60323
405,330,-1.000272,60418
406,330,1.090637,60528
407,330,1.07065,60673
407,331,-0.98025,60798
407,332,-1.000272,60863
408,332,1.125013,60958
409,332,1.104991,61053
410,332,1.18104,61118
411,332,1.109618,61213
412,332,1.109618,61308
413,332,1.07789,61483
413,333,-1.000272,61548
413,334,-1.000272,61633
414,334,1.14475,61713
415,334,1.106707,61828
415,335,-1.000272,61988
416,335,1.166394,62048
417,335,1.079728,62173
417,336,-1.000272,62238
418,336,1.086684,62353
418,337,-1.000272,62408
418,338,-1.000272,62458
419,338,1.103894,62558
419,339,-0.98025,62648
419,340,-1.000272,62708
419,341,-0.98025,62738
420,341,1.081028,62863
421,341,1.104991,62958
422,341,1.125013,63053
422,342,-1.000272,63128
422,343,-1.000272,63178
422,344,-1.000272,63233
423,344,1.144655,63303
423,345,-1.000272,63393
424,345,1.07272,63533
424,346,-0.98025,63583
425,346,1.054673,63768
425,347,-0.98025,63843
426,347,1.127933,63923
426,348,-1.000272,63983
426,349,-1.000272,64048
426,350,-0.98025,64158
426,351,-1.000272,64208
426,352,-1.000272,64368
426,353,-1.000272,64443
426,354,-1.000272,64558
426,355,-1.000272,64663
427,355,1.117789,64768
428,355,1.09232,64878
428,356,-1.000272,64963
428,357,-1.000272,65058
428,358,-0.98025,65138
428,359,-1.000272,65198
428,360,-0.98025,65248
428,361,-1.000272,65328
428,362,-1.000272,65383
429,362,1.166809,65453
430,362,1.109618,65548
430,363,-1.000272,65598
431,363,1.121679,65683
431,364,-1.000272,65823
431,365,-1.000272,65898
431,366,-1.000272,65978
432,366,1.13211,66068
433,366,1.130861,66158
434,366,1.138616,66233
434,367,-1.000272,66303
435,367,1.086684,66418
436,367,1.130861,66508
436,368,-1.000272,66678
437,368,1.112087,66768
438,368,1.076064,66903
438,369,-1.000272,66973
439,369,1.113364,67063
440,369,1.089013,67178
441,369,1.085935,67298
441,370,-0.98025,67343
441,371,-1.000272,67398
442,371,1.042831,67633
443,371,1.076651,67763
443,372,-1.000272,67843
443,373,-1.000272,67918
443,374,-1.000272,67958
443,375,-1.000272,68038
444,375,1.106707,68153
444,376,-0.98025,68188
444,377,-0.98025,68243
445,377,1.075485,68378
446,377,1.136714,68453
447,377,1.088243,68603
448,377,1.069172,68748
449,377,1.162607,68818
450,377,1.131307,68898
451,377,1.11876,69003
452,377,1.116007,69093
453,377,1.098737,69198
453,378,-1.000272,69238
453,379,-0.98025,69283
453,380,-1.000272,69483
453,381,-0.98025,69573
454,381,1.134863,69648
455,381,1.088716,69793
456,381,1.077853,69923
457,381,1.176,69988
458,381,1.108423,70083
458,382,-1.000272,70118
458,383,-0.98025,70228
458,384,-0.98025,70288
459,384,1.228083,70338
459,385,-1.000272,70418
460,385,1.140232,70503
461,385,1.107469,70618
462,385,1.086684,70733
462,386,-1.000272,70828
462,387,-0.98025,70878
462,388,-1.000272,70963
463,388,1.124728,71043
463,389,-1.000272,71103
464,389,1.096815,71208
465,389,1.106111,71303
466,389,1.076651,71433
467,389,1.110839,71523
467,390,-0.98025,71568
467,391,-1.000272,71613
467,392,-0.98025,71673
467,393,-0.98025,71763
468,393,1.094966,71868
469,393,1.07065,72013
470,393,1.065953,72168
471,393,1.175166,72228
471,394,-1.000272,72303
472,394,1.069172,72448
473,394,1.137397,72533
473,395,-0.98025,72603
473,396,-1.000272,72718
474,396,1.121679,72803
475,396,1.169219,72863
476,396,1.100395,72988
476,397,-1.000272,73038
477,397,1.081695,73163
477,398,-1.000272,73243
477,399,-1.000272,73288
478,399,1.117375,73373
479,399,1.122843,73473
479,400,-1.000272,73563
480,400,1.151243,73633
481,400,1.117375,73718
482,400,1.083061,73838
482,401,-1.000272,73943
483,401,1.110659,74053
483,402,-1.000272,74108
483,403,-1.000272,74218
483,404,-0.98025,74318
483,405,-1.000272,74443
483,406,-1.000272,74533
484,406,1.06383,74693
485,406,1.14962,74773
486,406,1.07015,74918
486,407,-0.98025,74978
486,407,0.00395,75009
487,407,1.051541,75204
487,408,-1.000272,75274
487,409,-0.98025,75364
488,409,1.079728,75489
488,410,-1.000272,75554
489,410,1.10984,75669
490,410,1.091471,75779
491,410,1.076064,75914
491,411,-1.000272,75974
491,412,-0.98025,76049
491,413,-0.98025,76244
492,413,1.034693,76534
493,413,1.116007,76624
494,413,1.063422,76784
494,414,-1.000272,76874
494,415,-1.000272,76939
494,416,-1.000272,76989
494,417,-1.000272,77184
494,418,-1.000272,77294
494,419,-1.000272,77429
494,420,-1.000272,77479
494,421,-0.98025,77524
495,421,1.074355,77659
495,422,-1.000272,77724
495,423,-1.000272,77784
495,424,-1.000272,77924
495,425,-0.98025,77979
496,425,1.092214,78119
496,426,-1.000272,78194
496,427,-1.000272,78244
496,428,-1.000272,78334
497,428,1.073804,78519
498,428,1.088243,78669
498,429,-0.98025,78749
498,430,-1.000272,78804
498,431,-1.000272,78884
498,432,-1.000272,79009
498,433,-1.000272,79124
499,433,1.080373,79249
499,434,-1.000272,79329
500,434,1.060566,79574
500,435,-0.98025,79639
500,436,-1.000272,79744
501,436,1.100395,79869
502,436,1.090637,79979
502,437,-1.000272,80034
503,437,1.069172,80179
503,438,-1.000272,80239
504,438,1.051274,80434
504,439,-1.000272,80489
504,440,-0.98025,80574
504,441,-1.000272,80614
504,442,-0.98025,80669
504,443,-1.000272,80724
505,443,1.079093,80854
506,443,1.089818,80969
506,444,-1.000272,81134
506,445,-1.000272,81184
507,445,1.073802,81319
507,446,-0.98025,81394
507,447,-1.000272,81454
507,448,-0.98025,81509
508,448,1.057531,81684
508,449,-1.000272,81754
508,450,-1.000272,81844
508,451,-1.000272,81959
508,452,-1.000272,82019
508,453,-0.98025,82089
509,453,1.053491,82279
509,454,-1.000272,82399
510,454,1.083061,82519
510,455,-1.000272,82599
510,456,-0.98025,82699
510,457,-1.000272,82739
510,458,-1.000272,82819
510,459,-0.98025,82884
510,460,-1.000272,82924
510,461,-0.98025,82984
510,462,-1.000272,83134
510,463,-1.000272,83179
510,464,-1.000272,83249
510,465,-1.000272,83349
510,466,-1.000272,83414
510,467,-1.000272,83474
510,468,-1.000272,83534
510,469,-1.000272,83639
510,470,-0.98025,83684
510,471,-1.000272,83769
510,472,-1.000272,83844
511,472,1.059251,84014
511,473,-0.98025,84069
511,474,-1.000272,84179
511,475,-1.000272,84279
511,476,-0.98025,84384
512,476,1.101717,84509
512,477,-1.000272,84564
512,478,-1.000272,84614
513,478,1.08225,84774
513,479,-1.000272,84824
513,480,-1.000272,84869
513,481,-1.000272,84984
514,481,1.063422,85144
515,481,1.046457,85359
515,482,-1.000272,85529
515,483,-1.000272,85599
515,484,-1.000272,85659
515,485,-0.98025,85694
515,486,-0.98025,85749
515,487,-0.98025,85814
516,487,1.106707,85929
516,488,-1.000272,85994
516,489,-1.000272,86084
516,490,-0.98025,86139
516,491,-1.000272,86199
516,492,-0.98025,86244
516,493,-1.000272,86374
516,494,-1.000272,86444
516,495,-0.98025,86529
517,495,1.042463,86764
517,496,-0.98025,86799
517,497,-1.000272,86869
517,498,-1.000272,86939
517,499,-1.000272,87059
517,500,-1.000272,87194
517,501,-1.000272,87244
517,502,-1.000272,87274
517,503,-0.98025,87329
517,504,-1.000272,87424
517,505,-0.98025,87549
517,506,-1.000272,87684
517,507,-1.000272,87794
517,508,-1.000272,87859
517,509,-1.000272,87904
518,509,1.099115,88034
518,510,-1.000272,88074
518,511,-1.000272,88134
518,512,-0.98025,88244
518,513,-0.98025,88319
518,514,-1.000272,88399
519,514,1.093186,88509
519,515,-0.98025,88599
519,516,-0.98025,88699
519,517,-1.000272,88759
519,518,-1.000272,88844
520,518,1.076064,88979
520,519,-1.000272,89019
520,520,-1.000272,89114
520,521,-1.000272,89164
520,522,-1.000272,89209
520,523,-1.000272,89264
520,524,-1.000272,89334
520,525,-1.000272,89374
520,526,-1.000272,89449
520,527,-0.98025,89539
520,528,-1.000272,89579
521,528,1.060334,89744
521,529,-1.000272,89789
521,530,-0.98025,89919
521,531,-1.000272,90029
521,532,-0.98025,90114
522,532,1.052084,90309
523,532,1.07015,90454
524,532,1.077247,90584
525,532,1.072382,90774
525,533,-1.000272,90859
525,534,-1.000272,90969
525,535,-1.000272,91119
526,535,1.035063,91404
526,536,-1.000272,91479
527,536,1.05687,91654
527,537,-1.000272,91689
527,538,-1.000272,91809
528,538,1.051274,92004
529,538,1.059969,92174
530,538,1.062621,92334
530,539,-0.98025,92444
530,540,-1.000272,92494
530,541,-0.98025,92639
530,542,-0.98025,92704
530,543,-0.98025,92854
530,544,-1.000272,93054
530,545,-1.000272,93134
530,546,-1.000272,93189
530,547,-1.000272,93284
530,548,-0.98025,93419
530,549,-0.98025,93549
530,550,-1.000272,93629
530,551,-1.000272,93704
531,551,1.052638,93894
531,552,-1.000272,93969
531,553,-1.000272,94079
532,553,1.081695,94204
533,553,1.051541,94399
533,554,-1.000272,94439
534,554,1.108423,94534
535,554,1.058207,94709
535,555,-1.000272,94759
535,556,-1.000272,94819
536,556,1.109036,94934
536,557,-1.000272,94994
536,558,-1.000272,95079
536,559,-0.98025,95129
537,559,1.068693,95274
537,560,-1.000272,95374
538,560,1.049979,95574
538,561,-1.000272,95619
538,562,-0.98025,95754
538,563,-1.000272,95799
538,564,-1.000272,95984
538,565,-1.000272,96044
538,566,-1.000272,96084
539,566,1.088223,96199
539,567,-1.000272,96269
539,568,-1.000272,96384
539,569,-1.000272,96469
539,570,-1.000272,96644
539,571,-1.000272,96749
539,572,-1.000272,96914
539,573,-1.000272,96959
539,574,-1.000272,97004
539,575,-1.000272,97059
540,575,1.07065,97204
540,576,-1.000272,97284
540,577,-1.000272,97334
540,578,-1.000272,97374
540,579,-1.000272,97429
540,580,-1.000272,97469
540,581,-1.000272,97549
540,582,-1.000272,97584
541,582,1.121791,97684
542,582,1.075306,97864
542,583,-0.98025,97964
542,584,-0.98025,98029
542,585,-1.000272,98084
542,586,-1.000272,98144
542,587,-1.000272,98209
542,588,-0.98025,98279
542,589,-1.000272,98404
542,590,-1.000272,98514
542,591,-1.000272,98584
542,592,-1.000272,98669
542,593,-1.000272,98739
542,594,-1.000272,98839
542,595,-1.000272,98874
542,596,-0.98025,99019
543,596,1.12076,99119
543,597,-1.000272,99169
544,597,1.069172,99314
544,598,-0.98025,99419
544,599,-1.000272,99514
544,600,-1.000272,99619
544,601,-1.000272,99724
545,601,1.088223,99839
545,602,-1.000272,99969
545,602,-5.448073E-05,100010
546,602,1.05687,100185
547,602,1.074916,100320
547,603,-0.98025,100415
548,603,1.066842,100565
548,604,-1.000272,100680
548,605,-1.000272,100885
548,606,-0.98025,101025
548,607,-1.000272,101075
548,608,-1.000272,101135
548,609,-1.000272,101185
548,610,-1.000272,101225
548,611,-1.000272,101345
548,612,-1.000272,101400
548,613,-0.98025,101470
548,614,-1.000272,101605
548,615,-1.000272,101685
548,616,-1.000272,101740
548,617,-1.000272,101885
548,618,-0.98025,101970
549,618,1.079991,102140
550,618,1.062621,102300
550,619,-1.000272,102420
550,620,-1.000272,102505
550,621,-1.000272,102555
550,622,-1.000272,102660
550,623,-1.000272,102730
550,624,-1.000272,102825
550,625,-0.98025,102935
551,625,1.061767,103175
552,625,1.073257,103315
552,626,-0.98025,103350
553,626,1.07823,103525
554,626,1.060334,103690
554,627,-1.000272,103840
554,628,-1.000272,103990
555,628,1.044172,104215
555,629,-1.000272,104350
556,629,1.054673,104535
556,630,-1.000272,104670
557,630,1.045811,104890
557,631,-1.000272,104925
557,632,-1.000272,105010
557,633,-1.000272,105050
557,634,-0.98025,105195
557,635,-0.98025,105320
557,636,-0.98025,105420
557,637,-1.000272,105535
557,638,-0.98025,105625
557,639,-1.000272,105685
557,640,-1.000272,105800
557,641,-0.98025,105920
557,642,-1.000272,106070
557,643,-1.000272,106195
557,644,-0.98025,106325
557,645,-1.000272,106420
557,646,-0.98025,106465
558,646,1.044172,106690
558,647,-0.98025,106750
558,648,-1.000272,106790
558,649,-1.000272,106850
558,650,-1.000272,106930
558,651,-0.98025,107020
558,652,-1.000272,107165
558,653,-1.000272,107235
558,654,-1.000272,107305
558,655,-1.000272,107455
558,656,-1.000272,107565
558,657,-0.98025,107680
558,658,-1.000272,107780
558,659,-1.000272,107865
558,660,-0.98025,107945
558,661,-0.98025,108005
558,662,-1.000272,108060
559,662,1.079274,108230
559,663,-1.000272,108285
559,664,-1.000272,108325
559,665,-1.000272,108445
559,666,-0.98025,108630
559,667,-0.98025,108685
559,668,-0.98025,108810
559,669,-1.000272,108845
559,670,-1.000272,108895
559,671,-1.000272,108950
559,672,-1.000272,109010
559,673,-1.000272,109060
559,674,-1.000272,109120
560,674,1.066394,109270
560,675,-0.98025,109340
560,676,-1.000272,109400
560,677,-1.000272,109545
560,678,-0.98025,109695
560,679,-0.98025,109760
560,680,-1.000272,109825
560,681,-0.98025,109890
560,682,-1.000272,109980
560,683,-1.000272,110135
560,684,-1.000272,110180
560,685,-1.000272,110310
560,686,-1.000272,110345
560,687,-1.000272,110395
560,688,-1.000272,110480
560,689,-1.000272,110540
560,690,-0.98025,110630
560,691,-1.000272,110690
560,692,-1.000272,110755
560,693,-1.000272,110805
560,694,-1.000272,110900
560,695,-1.000272,110970
560,696,-1.000272,111015
560,697,-1.000272,111100
560,698,-1.000272,111150
561,698,1.088223,111265
561,699,-1.000272,111315
562,699,1.059969,111485
562,700,-0.98025,111575
562,701,-1.000272,111725
563,701,1.066394,111875
563,702,-0.98025,112030
563,703,-1.000272,112080
563,704,-0.98025,112125
564,704,1.075485,112260
564,705,-1.000272,112350
564,706,-0.98025,112410
564,707,-0.98025,112470
564,708,-1.000272,112540
564,709,-1.000272,112610
564,710,-1.000272,112665
564,711,-1.000272,112705
565,711,1.074916,112840
565,712,-1.000272,112900
565,713,-1.000272,112995
565,714,-1.000272,113070
565,715,-1.000272,113125
565,716,-1.000272,113260
565,717,-0.98025,113345
565,718,-0.98025,113405
565,719,-1.000272,113465
565,720,-1.000272,113525
565,721,-1.000272,113575
565,722,-1.000272,113640
565,723,-1.000272,113715
565,724,-0.98025,113775
565,725,-0.98025,113835
565,726,-0.98025,113885
565,727,-1.000272,114035
565,728,-1.000272,114220
565,729,-1.000272,114265
565,730,-0.98025,114345
565,731,-1.000272,114450
565,732,-1.000272,114545
565,733,-1.000272,114640
565,734,-0.98025,114750
565,735,-0.98025,114875
565,736,-1.000272,114930
565,737,-1.000272,114975
565,738,-1.000272,115105
565,739,-1.000272,115185
565,740,-1.000272,115240
565,741,-0.98025,115370
565,742,-0.98025,115425
565,743,-0.98025,115490
565,744,-1.000272,115520
565,745,-0.98025,115585
565,746,-0.98025,115635
565,747,-1.000272,115690
565,748,-1.000272,115735
566,748,1.056225,115915
566,749,-0.98025,116045
566,750,-1.000272,116105
566,751,-1.000272,116220
566,752,-0.98025,116290
566,753,-1.000272,116375
566,754,-1.000272,116515
566,755,-1.000272,116570
566,756,-0.98025,116620
566,757,-0.98025,116665
566,758,-1.000272,116750
566,759,-0.98025,116790
566,760,-0.98025,116840
566,761,-0.98025,116960
566,762,-1.000272,117085
566,763,-0.98025,117130
566,764,-0.98025,117195
566,765,-0.98025,117255
566,766,-1.000272,117300
566,767,-1.000272,117405
566,768,-1.000272,117450
566,769,-1.000272,117505
566,770,-0.98025,117560
566,771,-1.000272,117620
566,772,-0.98025,117685
566,773,-0.98025,117760
566,774,-0.98025,117800
566,775,-1.000272,117890
566,776,-0.98025,117940
567,776,1.052359,118130
567,777,-1.000272,118220
567,778,-1.000272,118280
567,779,-1.000272,118355
567,780,-0.98025,118440
567,781,-0.98025,118495
567,782,-1.000272,118535
567,783,-1.000272,118575
567,784,-1.000272,118635
567,785,-0.98025,118755
567,786,-0.98025,118845
568,786,1.056546,119025
568,787,-1.000272,119075
568,788,-1.000272,119140
568,789,-1.000272,119195
568,790,-1.000272,119275
568,791,-0.98025,119375
568,792,-1.000272,119420
568,793,-1.000272,119470
568,794,-1.000272,119530
568,795,-0.98025,119615
568,796,-1.000272,119695
568,797,-1.000272,119875
568,798,-1.000272,119940
568,799,-1.000272,119990
568,800,-1.000272,120075
568,801,-0.98025,120170
568,802,-0.98025,120220
568,803,-1.000272,120255
568,804,-0.98025,120310
568,805,-1.000272,120385
568,806,-1.000272,120520
568,807,-0.98025,120575
568,808,-0.98025,120625
568,809,-1.000272,120660
568,810,-1.000272,120735
568,811,-1.000272,120805
568,812,-1.000272,120905
568,813,-0.98025,121010
568,814,-1.000272,121165
568,815,-1.000272,121215
568,816,-0.98025,121340
568,817,-1.000272,121380
568,818,-1.000272,121455
568,819,-1.000272,121550
568,820,-1.000272,121620
568,821,-1.000272,121685
568,822,-1.000272,121800
568,823,-1.000272,121865
568,824,-1.000272,121990
568,825,-1.000272,122115
568,826,-0.98025,122155
568,827,-1.000272,122235
568,828,-0.98025,122280
569,828,1.054976,122465
570,828,1.07015,122610
570,829,-1.000272,122650
570,830,-1.000272,122785
570,831,-1.000272,122830
570,832,-1.000272,122930
570,833,-1.000272,122990
570,834,-1.000272,123040
570,835,-0.98025,123110
570,836,-0.98025,123195
570,837,-0.98025,123260
570,838,-1.000272,123320
570,839,-1.000272,123380
570,840,-0.98025,123425
570,841,-1.000272,123475
570,842,-1.000272,123570
570,843,-1.000272,123710
570,844,-1.000272,123885
570,845,-1.000272,124035
570,846,-1.000272,124125
570,847,-0.98025,124170
570,848,-1.000272,124300
570,849,-1.000272,124405
570,850,-1.000272,124450
570,851,-1.000272,124515
570,852,-1.000272,124590
570,853,-1.000272,124670
570,854,-1.000272,124810
570,855,-1.000272,124890
570,856,-1.000272,124995
570,856,-5.448073E-05,125011
570,857,-1.000272,125106
570,858,-1.000272,125191
570,859,-1.000272,125241
570,860,-1.000272,125286
570,861,-1.000272,125381
570,862,-0.98025,125536
570,863,-1.000272,125661
570,864,-1.000272,125721
570,865,-1.000272,125786
570,866,-0.98025,125841
570,867,-1.000272,126036
570,868,-1.000272,126141
570,869,-0.98025,126186
570,870,-1.000272,126241
570,871,-0.98025,126306
570,872,-1.000272,126361
570,873,-1.000272,126411
570,874,-0.98025,126476
570,875,-1.000272,126546
570,876,-1.000272,126616
570,877,-1.000272,126721
570,878,-1.000272,126766
570,879,-1.000272,126821
571,879,1.059251,126991
571,880,-1.000272,127141
571,881,-1.000272,127221
571,882,-1.000272,127281
571,883,-1.000272,127331
571,884,-1.000272,127421
571,885,-1.000272,127466
571,886,-1.000272,127556
571,887,-0.98025,127696
571,888,-0.98025,127806
571,889,-1.000272,127926
571,890,-1.000272,127976
571,891,-1.000272,128021
571,892,-1.000272,128071
571,893,-1.000272,128136
571,894,-1.000272,128221
571,895,-1.000272,128401
571,896,-1.000272,128511
571,897,-1.000272,128571
571,898,-0.98025,128626
571,899,-1.000272,128771
571,900,-1.000272,128821
571,901,-1.000272,128871
571,902,-1.000272,128911
571,903,-1.000272,128956
571,904,-0.98025,129071
571,905,-1.000272,129121
571,906,-1.000272,129161
571,907,-0.98025,129206
571,908,-1.000272,129266
571,909,-0.98025,129301
571,910,-1.000272,129421
571,911,-1.000272,129466
571,912,-1.000272,129516
571,913,-1.000272,129616
571,914,-1.000272,129676
571,915,-1.000272,129766
571,916,-0.98025,129806
571,917,-1.000272,129926
571,918,-1.000272,129976
571,919,-1.000272,130041
571,920,-1.000272,130086
571,921,-1.000272,130136
571,922,-1.000272,130196
571,923,-1.000272,130281
571,924,-1.000272,130351
571,925,-1.000272,130421
571,926,-1.000272,130486
571,927,-1.000272,130531
571,928,-1.000272,130601
572,928,1.075306,130781
572,929,-1.000272,130831
572,930,-0.98025,130891
572,931,-1.000272,131031
572,932,-1.000272,131076
572,933,-1.000272,131136
572,934,-0.98025,131186
572,935,-1.000272,131251
572,936,-1.000272,131301
572,937,-1.000272,131381
572,938,-1.000272,131516
572,939,-1.000272,131641
572,940,-1.000272,131726
572,941,-1.000272,131776
572,942,-1.000272,131841
572,943,-1.000272,131891
572,944,-1.000272,132031
572,945,-1.000272,132071
572,946,-1.000272,132201
572,947,-1.000272,132351
572,948,-1.000272,132436
572,949,-1.000272,132571
572,950,-1.000272,132636
572,951,-1.000272,132681
572,952,-1.000272,132751
572,953,-1.000272,132861
572,954,-0.98025,133001
572,955,-0.98025,133131
572,956,-0.98025,133251
572,957,-0.98025,133376
572,958,-0.98025,133456
572,959,-1.000272,133536
572,960,-1.000272,133581
572,961,-0.98025,133641
572,962,-1.000272,133826
573,962,1.059251,133996
573,963,-1.000272,134041
573,964,-1.000272,134181
573,965,-1.000272,134236
573,966,-0.98025,134326
573,967,-1.000272,134436
573,968,-1.000272,134486
573,969,-1.000272,134541
573,970,-1.000272,134661
573,971,-1.000272,134851
573,972,-1.000272,134931
573,973,-1.000272,134981
573,974,-1.000272,135056
573,975,-0.98025,135121
573,976,-1.000272,135161
573,977,-1.000272,135211
573,978,-1.000272,135311
573,979,-0.98025,135391
573,980,-0.98025,135456
573,981,-0.98025,135511
573,982,-1.000272,135696
573,983,-1.000272,135781
573,984,-1.000272,135836
573,985,-1.000272,135881
573,986,-1.000272,135936
573,987,-0.98025,135976
573,988,-1.000272,136021
573,989,-1.000272,136096
573,990,-0.98025,136151
573,991,-1.000272,136181
573,992,-0.98025,136301
573,993,-1.000272,136461
573,994,-1.000272,136511
573,995,-0.98025,136601
573,996,-0.98025,136721
573,997,-1.000272,136821
573,998,-1.000272,136936
573,999,-0.98025,136971
573,1000,-1.000272,137071
573,1001,-1.000272,137156
573,1002,-1.000272,137261
573,1003,-1.000272,137371
573,1004,-1.000272,137456
573,1005,-1.000272,137491
573,1006,-1.000272,137551
573,1007,-1.000272,137646
573,1008,-0.98025,137721
573,1009,-0.98025,137756
573,1010,-1.000272,137861
573,1011,-0.98025,137971
573,1012,-0.98025,138041
573,1013,-0.98025,138086
573,1014,-1.000272,138146
573,1015,-1.000272,138211
574,1015,1.068294,138421
574,1016,-0.98025,138486
574,1017,-0.98025,138541
574,1018,-1.000272,138591
574,1019,-1.000272,138636
574,1020,-1.000272,138716
574,1021,-1.000272,138816
575,1021,1.097875,138946
575,1022,-1.000272,139021
575,1023,-1.000272,139071
575,1024,-1.000272,139136
575,1025,-1.000272,139191
575,1026,-1.000272,139266
575,1027,-1.000272,139346
575,1028,-1.000272,139456
575,1029,-1.000272,139531
575,1030,-1.000272,139596
575,1031,-1.000272,139721
575,1032,-0.98025,139756
575,1033,-1.000272,139796
575,1034,-0.98025,139841
575,1035,-1.000272,139896
575,1036,-1.000272,139961
575,1037,-0.98025,140031
575,1038,-0.98025,140146
575,1039,-1.000272,140221
575,1040,-1.000272,140286
575,1041,-0.98025,140321
575,1042,-0.98025,140406
575,1043,-1.000272,140446
575,1044,-1.000272,140496
575,1045,-1.000272,140536
575,1046,-0.98025,140606
575,1047,-1.000272,140731
575,1048,-1.000272,140801
575,1049,-1.000272,140896
576,1049,1.074916,141031
576,1050,-1.000272,141081
576,1051,-0.98025,141141
576,1052,-0.98025,141261
576,1053,-1.000272,141306
576,1054,-1.000272,141351
576,1055,-1.000272,141456
576,1056,-0.98025,141511
576,1057,-1.000272,141551
576,1058,-1.000272,141611
576,1059,-1.000272,141661
576,1060,-1.000272,141736
576,1061,-1.000272,141866
576,1062,-1.000272,141936
576,1063,-0.98025,141991
576,1064,-1.000272,142051
576,1065,-0.98025,142126
576,1066,-0.98025,142241
576,1067,-1.000272,142306
576,1068,-1.000272,142341
576,1069,-1.000272,142411
576,1070,-1.000272,142476
576,1071,-1.000272,142511
576,1072,-1.000272,142576
576,1073,-1.000272,142641
576,1074,-0.98025,142736
576,1075,-0.98025,142801
576,1076,-1.000272,142866
576,1077,-0.98025,142911
576,1078,-1.000272,142971
576,1079,-1.000272,143061
576,1080,-1.000272,143181
576,1081,-1.000272,143276
576,1082,-1.000272,143421
576,1083,-1.000272,143466
576,1084,-1.000272,143556
576,1085,-0.98025,143616
576,1086,-0.98025,143696
576,1087,-0.98025,143746
576,1088,-1.000272,143821
576,1089,-1.000272,143896
576,1090,-1.000272,143966
576,1091,-1.000272,144051
576,1092,-1.000272,144116
576,1093,-1.000272,144156
576,1094,-0.98025,144221
576,1095,-1.000272,144256
576,1096,-1.000272,144321
576,1097,-1.000272,144371
576,1098,-0.98025,144416
576,1099,-1.000272,144516
576,1100,-1.000272,144566
576,1101,-1.000272,144606
576,1102,-1.000272,144786
576,1103,-1.000272,144826
576,1104,-0.98025,144896
576,1105,-1.000272,144941
576,1106,-1.000272,145036
576,1107,-1.000272,145086
576,1108,-1.000272,145141
576,1109,-1.000272,145321
576,1110,-0.98025,145461
576,1111,-1.000272,145521
576,1112,-1.000272,145586
576,1113,-1.000272,145671
576,1114,-0.98025,145741
576,1115,-1.000272,145806
576,1116,-1.000272,145921
576,1117,-1.000272,145996
576,1118,-1.000272,146046
576,1119,-1.000272,146086
576,1120,-1.000272,146156
576,1121,-0.98025,146221
576,1122,-0.98025,146266
576,1123,-1.000272,146346
576,1124,-0.98025,146401
576,1125,-1.000272,146466
576,1126,-1.000272,146531
576,1127,-1.000272,146586
576,1128,-1.000272,146681
576,1129,-1.000272,146751
577,1129,1.051541,146946
577,1130,-1.000272,147136
577,1131,-0.98025,147201
577,1132,-1.000272,147251
577,1133,-0.98025,147301
577,1134,-1.000272,147361
578,1134,1.065517,147516
578,1135,-1.000272,147551
578,1136,-0.98025,147616
578,1137,-0.98025,147676
578,1138,-1.000272,147756
578,1139,-1.000272,147871
578,1140,-1.000272,147911
578,1141,-0.98025,147976
578,1142,-0.98025,148021
578,1143,-0.98025,148081
579,1143,1.055593,148261
579,1144,-0.98025,148336
579,1145,-1.000272,148476
579,1146,-1.000272,148526
579,1147,-1.000272,148566
579,1148,-1.000272,148636
579,1149,-0.98025,148691
579,1150,-1.000272,148736
579,1151,-1.000272,148831
579,1152,-1.000272,149086
579,1153,-0.98025,149186
579,1154,-1.000272,149236
579,1155,-1.000272,149296
579,1156,-0.98025,149331
580,1156,1.081028,149456
580,1157,-0.98025,149536
580,1158,-1.000272,149601
580,1159,-0.98025,149726
580,1160,-1.000272,149811
580,1161,-1.000272,149856
580,1162,-1.000272,149886
580,1162,-5.448073E-05,150012
580,1163,-0.98025,150117
580,1164,-1.000272,150207
580,1165,-1.000272,150287
580,1166,-1.000272,150347
580,1167,-1.000272,150397
580,1168,-1.000272,150557
580,1169,-1.000272,150662
580,1170,-1.000272,150802
580,1171,-1.000272,150912
580,1172,-1.000272,151007
580,1173,-0.98025,151192
580,1174,-1.000272,151262
580,1175,-0.98025,151327
580,1176,-1.000272,151392
581,1176,1.054372,151577
581,1177,-1.000272,151647
581,1178,-1.000272,151707
581,1179,-1.000272,151747
581,1180,-1.000272,151812
581,1181,-1.000272,151862
581,1182,-1.000272,151907
581,1183,-1.000272,151957
581,1184,-0.98025,152067
581,1185,-1.000272,152132
581,1186,-1.000272,152167
581,1187,-0.98025,152197
581,1188,-1.000272,152252
581,1189,-1.000272,152317
581,1190,-1.000272,152377
581,1191,-1.000272,152447
581,1192,-1.000272,152482
581,1193,-0.98025,152517
581,1194,-1.000272,152577
581,1195,-1.000272,152642
581,1196,-0.98025,152737
581,1197,-0.98025,152817
581,1198,-1.000272,152867
581,1199,-1.000272,153037
581,1200,-1.000272,153092
581,1201,-1.000272,153152
581,1202,-0.98025,153232
581,1203,-0.98025,153342
581,1204,-1.000272,153392
581,1205,-1.000272,153477
581,1206,-1.000272,153542
581,1207,-0.98025,153642
581,1208,-0.98025,153677
581,1209,-1.000272,153737
581,1210,-1.000272,153812
581,1211,-1.000272,153852
581,1212,-1.000272,153912
581,1213,-1.000272,154032
581,1214,-0.98025,154142
581,1215,-1.000272,154197
581,1216,-0.98025,154232
581,1217,-1.000272,154307
581,1218,-0.98025,154407
581,1219,-1.000272,154462
581,1220,-1.000272,154552
581,1221,-1.000272,154627
581,1222,-0.98025,154702
581,1223,-1.000272,154782
581,1224,-1.000272,154912
581,1225,-1.000272,154977
581,1226,-0.98025,155047
581,1227,-1.000272,155092
581,1228,-1.000272,155127
581,1229,-1.000272,155177
581,1230,-0.98025,155212
581,1231,-0.98025,155277
581,1232,-1.000272,155322
581,1233,-1.000272,155397
581,1234,-0.98025,155442
581,1235,-0.98025,155522
581,1236,-1.000272,155587
581,1237,-0.98025,155682
581,1238,-0.98025,155732
581,1239,-1.000272,155762
581,1240,-1.000272,155817
581,1241,-1.000272,155887
581,1242,-1.000272,155952
581,1243,-1.000272,156017
581,1244,-0.98025,156087
581,1245,-1.000272,156147
581,1246,-1.000272,156197
581,1247,-1.000272,156242
581,1248,-0.98025,156292
581,1249,-1.000272,156377
581,1250,-1.000272,156422
581,1251,-1.000272,156472
581,1252,-1.000272,156547
581,1253,-1.000272,156652
581,1254,-0.98025,156742
581,1255,-1.000272,156822
581,1256,-1.000272,156892
581,1257,-1.000272,156952
581,1258,-0.98025,157042
581,1259,-1.000272,157107
581,1260,-1.000272,157167
581,1261,-0.98025,157217
581,1262,-1.000272,157287
581,1263,-1.000272,157342
581,1264,-1.000272,157412
581,1265,-0.98025,157452
581,1266,-1.000272,157502
581,1267,-1.000272,157542
581,1268,-0.98025,157632
581,1269,-0.98025,157757
581,1270,-1.000272,157792
581,1271,-0.98025,157862
581,1272,-1.000272,157917
581,1273,-1.000272,157967
581,1274,-1.000272,158027
581,1275,-1.000272,158167
581,1276,-1.000272,158227
581,1277,-1.000272,158287
581,1278,-0.98025,158327
581,1279,-1.000272,158372
581,1280,-1.000272,158432
581,1281,-1.000272,158532
581,1282,-0.98025,158597
581,1283,-1.000272,158652
581,1284,-1.000272,158682
581,1285,-1.000272,158742
581,1286,-0.98025,158797
581,1287,-0.98025,158842
581,1288,-1.000272,158897
581,1289,-1.000272,158987
581,1290,-1.000272,159027
581,1291,-0.98025,159092
581,1292,-0.98025,159132
581,1293,-1.000272,159182
581,1294,-0.98025,159242
581,1295,-0.98025,159277
581,1296,-0.98025,159337
581,1297,-1.000272,159412
581,1298,-0.98025,159527
581,1299,-1.000272,159672
581,1300,-1.000272,159737
581,1301,-1.000272,159782
581,1302,-0.98025,159842
581,1303,-1.000272,159932
581,1304,-1.000272,159967
581,1305,-1.000272,160027
581,1306,-1.000272,160082
581,1307,-1.000272,160122
581,1308,-0.98025,160212
581,1309,-0.98025,160252
581,1310,-0.98025,160307
581,1311,-1.000272,160362
581,1312,-1.000272,160422
581,1313,-0.98025,160462
581,1314,-1.000272,160542
581,1315,-1.000272,160592
581,1316,-0.98025,160632
581,1317,-1.000272,160832
581,1318,-1.000272,160917
581,1319,-1.000272,160962
581,1320,-1.000272,161012
581,1321,-1.000272,161057
581,1322,-0.98025,161102
581,1323,-1.000272,161157
581,1324,-0.98025,161202
581,1325,-0.98025,161267
581,1326,-1.000272,161367
581,1327,-0.98025,161402
581,1328,-1.000272,161447
581,1329,-0.98025,161482
581,1330,-1.000272,161537
581,1331,-1.000272,161582
582,1331,1.081478,161747
582,1332,-1.000272,161807
582,1333,-1.000272,161852
582,1334,-1.000272,161902
582,1335,-1.000272,161997
582,1336,-1.000272,162117
582,1337,-1.000272,162197
582,1338,-1.000272,162257
582,1339,-1.000272,162357
582,1340,-1.000272,162382
582,1341,-0.98025,162442
582,1342,-0.98025,162662
582,1343,-1.000272,162712
582,1344,-1.000272,162767
582,1345,-1.000272,162822
582,1346,-1.000272,162927
582,1347,-1.000272,162982
582,1348,-1.000272,163082
582,1349,-0.98025,163132
582,1350,-1.000272,163297
582,1351,-1.000272,163442
583,1351,1.080726,163607
583,1352,-1.000272,163677
583,1353,-1.000272,163747
583,1354,-1.000272,163787
583,1355,-1.000272,163822
583,1356,-1.000272,163882
583,1357,-1.000272,163942
583,1358,-1.000272,163987
583,1359,-1.000272,164032
583,1360,-0.98025,164102
583,1361,-1.000272,164152
583,1362,-1.000272,164222
583,1363,-1.000272,164292
583,1364,-0.98025,164337
583,1365,-1.000272,164417
583,1366,-1.000272,164457
583,1367,-1.000272,164512
583,1368,-1.000272,164577
583,1369,-1.000272,164632
583,1370,-1.000272,164697
583,1371,-1.000272,164747
583,1372,-1.000272,164792
583,1373,-1.000272,164842
583,1374,-1.000272,164897
583,1375,-1.000272,164987
583,1376,-1.000272,165057
583,1377,-1.000272,165157
583,1378,-1.000272,165202
583,1379,-1.000272,165322
583,1380,-1.000272,165437
583,1381,-1.000272,165542
583,1382,-1.000272,165627
583,1383,-1.000272,165682
583,1384,-1.000272,165737
583,1385,-0.98025,165792
583,1386,-1.000272,165847
583,1387,-1.000272,165902
583,1388,-1.000272,165942
583,1389,-0.98025,166002
583,1390,-1.000272,166127
583,1391,-0.98025,166167
583,1392,-1.000272,166237
583,1393,-1.000272,166297
583,1394,-1.000272,166342
583,1395,-1.000272,166442
583,1396,-1.000272,166527
583,1397,-1.000272,166577
583,1398,-1.000272,166627
583,1399,-1.000272,166662
583,1400,-0.98025,166722
583,1401,-1.000272,166797
583,1402,-1.000272,166897
583,1403,-1.000272,166952
583,1404,-1.000272,166997
583,1405,-1.000272,167042
583,1406,-1.000272,167097
583,1407,-0.98025,167147
583,1408,-0.98025,167222
583,1409,-1.000272,167262
583,1410,-1.000272,167322
583,1411,-0.98025,167372
583,1412,-1.000272,167422
583,1413,-1.000272,167467
583,1414,-0.98025,167552
583,1415,-1.000272,167582
583,1416,-0.98025,167637
583,1417,-1.000272,167677
583,1418,-1.000272,167747
583,1419,-0.98025,167792
583,1420,-0.98025,167832
583,1421,-0.98025,167947
583,1422,-1.000272,168012
583,1423,-1.000272,168057
583,1424,-1.000272,168102
583,1425,-1.000272,168162
583,1426,-1.000272,168227
583,1427,-1.000272,168302
583,1428,-0.98025,168367
583,1429,-1.000272,168427
583,1430,-1.000272,168462
583,1431,-0.98025,168592
583,1432,-1.000272,168652
583,1433,-1.000272,168687
583,1434,-1.000272,168747
583,1435,-1.000272,168832
583,1436,-1.000272,168902
583,1437,-1.000272,168942
583,1438,-1.000272,168977
583,1439,-1.000272,169022
583,1440,-0.98025,169072
583,1441,-0.98025,169122
583,1442,-1.000272,169182
583,1443,-1.000272,169232
583,1444,-1.000272,169292
583,1445,-1.000272,169322
583,1446,-1.000272,169397
583,1447,-1.000272,169442
583,1448,-1.000272,169512
583,1449,-1.000272,169552
583,1450,-0.98025,169607
583,1451,-0.98025,169682
584,1451,1.047804,169892
584,1452,-1.000272,169932
584,1453,-1.000272,169992
584,1454,-1.000272,170032
584,1455,-1.000272,170077
584,1456,-1.000272,170132
584,1457,-0.98025,170222
584,1458,-0.98025,170292
584,1459,-1.000272,170342
584,1460,-0.98025,170497
584,1461,-1.000272,170547
584,1462,-1.000272,170602
584,1463,-1.000272,170672
584,1464,-1.000272,170712
584,1465,-1.000272,170797
584,1466,-0.98025,170857
584,1467,-1.000272,170932
584,1468,-1.000272,170992
584,1469,-1.000272,171057
584,1470,-0.98025,171157
584,1471,-1.000272,171217
584,1472,-1.000272,171277
584,1473,-0.98025,171332
584,1474,-1.000272,171387
584,1475,-1.000272,171452
584,1476,-0.98025,171512
584,1477,-0.98025,171567
584,1478,-1.000272,171612
584,1479,-1.000272,171702
584,1480,-0.98025,171777
584,1481,-0.98025,171817
584,1482,-1.000272,171852
584,1483,-0.98025,171897
584,1484,-0.98025,171987
584,1485,-0.98025,172057
584,1486,-1.000272,172127
584,1487,-0.98025,172172
584,1488,-1.000272,172222
584,1489,-1.000272,172262
584,1490,-1.000272,172317
584,1491,-1.000272,172367
584,1492,-1.000272,172412
584,1493,-1.000272,172447
584,1494,-1.000272,172502
584,1495,-1.000272,172547
584,1496,-0.98025,172602
584,1497,-1.000272,172692
584,1498,-1.000272,172757
584,1499,-0.98025,172807
584,1500,-1.000272,172857
584,1501,-1.000272,172927
584,1502,-1.000272,173042
584,1503,-0.98025,173097
584,1504,-1.000272,173152
584,1505,-1.000272,173202
584,1506,-1.000272,173272
584,1507,-0.98025,173372
584,1508,-1.000272,173432
584,1509,-1.000272,173507
584,1510,-1.000272,173557
584,1511,-1.000272,173612
584,1512,-1.000272,173682
584,1513,-1.000272,173737
584,1514,-1.000272,173787
584,1515,-1.000272,173832
584,1516,-0.98025,173932
584,1517,-1.000272,173992
584,1518,-1.000272,174057
584,1519,-1.000272,174102
584,1520,-0.98025,174167
584,1521,-0.98025,174257
584,1522,-1.000272,174302
584,1523,-1.000272,174352
584,1524,-0.98025,174452
584,1525,-1.000272,174517
584,1526,-1.000272,174602
584,1527,-1.000272,174657
584,1528,-1.000272,174697
584,1529,-0.98025,174752
584,1530,-0.98025,174832
584,1531,-1.000272,174887
584,1532,-1.000272,174932
584,1533,-1.000272,174982
584,1533,0.00395,175013
584,1534,-1.000272,175068
584,1535,-0.98025,175138
584,1536,-1.000272,175243
584,1537,-0.98025,175293
584,1538,-0.98025,175338
584,1539,-1.000272,175393
584,1540,-1.000272,175423
584,1541,-1.000272,175498
584,1542,-1.000272,175543
584,1543,-1.000272,175628
584,1544,-1.000272,175678
584,1545,-1.000272,175733
584,1546,-1.000272,175788
584,1547,-1.000272,175823
584,1548,-1.000272,175863
584,1549,-1.000272,175923
584,1550,-1.000272,176013
584,1551,-1.000272,176058
584,1552,-0.98025,176123
584,1553,-1.000272,176193
584,1554,-1.000272,176253
584,1555,-1.000272,176283
584,1556,-1.000272,176333
584,1557,-0.98025,176383
584,1558,-1.000272,176413
584,1559,-1.000272,176453
584,1560,-1.000272,176513
584,1561,-1.000272,176583
584,1562,-1.000272,176648
584,1563,-1.000272,176698
584,1564,-1.000272,176728
584,1565,-0.98025,176838
584,1566,-0.98025,176913
584,1567,-1.000272,176963
584,1568,-1.000272,177023
584,1569,-1.000272,177198
584,1570,-1.000272,177263
584,1571,-1.000272,177298
584,1572,-1.000272,177453
584,1573,-1.000272,177498
584,1574,-1.000272,177538
584,1575,-1.000272,177583
584,1576,-0.98025,177628
584,1577,-0.98025,177698
584,1578,-1.000272,177753
584,1579,-0.98025,177908
584,1580,-1.000272,177953
584,1581,-1.000272,177988
584,1582,-1.000272,178058
584,1583,-1.000272,178103
584,1584,-1.000272,178138
584,1585,-1.000272,178178
584,1586,-1.000272,178293
584,1587,-1.000272,178323
584,1588,-0.98025,178368
584,1589,-1.000272,178448
584,1590,-0.98025,178488
584,1591,-1.000272,178528
584,1592,-1.000272,178598
584,1593,-0.98025,178663
584,1594,-0.98025,178733
584,1595,-1.000272,178793
584,1596,-1.000272,178853
584,1597,-1.000272,178903
584,1598,-1.000272,178948
584,1599,-1.000272,179003
584,1600,-1.000272,179078
584,1601,-0.98025,179128
584,1602,-1.000272,179173
584,1603,-1.000272,179223
584,1604,-0.98025,179263
584,1605,-0.98025,179313
584,1606,-1.000272,179363
584,1607,-1.000272,179413
584,1608,-1.000272,179458
584,1609,-1.000272,179533
584,1610,-1.000272,179578
584,1611,-0.98025,179628
584,1612,-1.000272,179683
584,1613,-1.000272,179718
584,1614,-1.000272,179803
584,1615,-1.000272,179873
584,1616,-1.000272,179958
584,1617,-1.000272,179993
584,1618,-1.000272,180043
584,1619,-1.000272,180108
584,1620,-0.98025,180218
584,1621,-1.000272,180283
584,1622,-1.000272,180343
584,1623,-1.000272,180413
584,1624,-1.000272,180448
584,1625,-1.000272,180508
584,1626,-1.000272,180553
584,1627,-1.000272,180618
584,1628,-0.98025,180688
584,1629,-1.000272,180758
584,1630,-1.000272,180798
584,1631,-0.98025,180843
584,1632,-1.000272,180888
584,1633,-1.000272,180943
584,1634,-1.000272,180998
584,1635,-1.000272,181058
584,1636,-1.000272,181093
584,1637,-1.000272,181138
584,1638,-1.000272,181213
584,1639,-1.000272,181293
584,1640,-1.000272,181373
584,1641,-1.000272,181413
584,1642,-0.98025,181478
584,1643,-1.000272,181543
584,1644,-1.000272,181583
584,1645,-0.98025,181628
584,1646,-1.000272,181713
584,1647,-1.000272,181773
584,1648,-0.98025,181823
584,1649,-1.000272,181853
584,1650,-0.98025,181923
584,1651,-1.000272,181973
584,1652,-1.000272,182008
584,1653,-0.98025,182073
584,1654,-0.98025,182118
584,1655,-0.98025,182153
584,1656,-1.000272,182203
584,1657,-1.000272,182273
584,1658,-1.000272,182343
584,1659,-0.98025,182423
584,1660,-0.98025,182458
584,1661,-1.000272,182508
584,1662,-0.98025,182558
584,1663,-1.000272,182598
584,1664,-1.000272,182633
584,1665,-1.000272,182693
584,1666,-1.000272,182788
584,1667,-0.98025,182853
584,1668,-0.98025,182898
584,1669,-0.98025,182963
584,1670,-1.000272,183013
584,1671,-1.000272,183058
584,1672,-0.98025,183088
584,1673,-1.000272,183133
584,1674,-1.000272,183193
584,1675,-0.98025,183243
584,1676,-0.98025,183283
584,1677,-1.000272,183368
584,1678,-1.000272,183433
584,1679,-1.000272,183503
584,1680,-0.98025,183538
584,1681,-0.98025,183583
584,1682,-1.000272,183638
584,1683,-1.000272,183683
584,1684,-1.000272,183743
584,1685,-0.98025,183798
584,1686,-1.000272,183848
584,1687,-1.000272,183893
584,1688,-1.000272,183938
584,1689,-1.000272,183998
584,1690,-1.000272,184053
584,1691,-1.000272,184103
584,1692,-1.000272,184193
584,1693,-0.98025,184243
584,1694,-1.000272,184283
584,1695,-0.98025,184358
584,1696,-0.98025,184403
584,1697,-0.98025,184468
584,1698,-1.000272,184523
584,1699,-1.000272,184558
584,1700,-1.000272,184653
584,1701,-1.000272,184703
584,1702,-1.000272,184778
584,1703,-1.000272,184853
584,1704,-1.000272,184903
584,1705,-1.000272,184953
584,1706,-0.98025,184998
584,1707,-1.000272,185058
584,1708,-1.000272,185148
584,1709,-0.98025,185238
584,1710,-1.000272,185313
584,1711,-1.000272,185358
584,1712,-1.000272,185408
584,1713,-1.000272,185458
584,1714,-1.000272,185538
584,1715,-0.98025,185588
584,1716,-1.000272,185638
584,1717,-1.000272,185718
584,1718,-1.000272,185803
584,1719,-0.98025,185878
584,1720,-1.000272,185918
584,1721,-1.000272,185953
584,1722,-1.000272,185988
584,1723,-0.98025,186093
584,1724,-1.000272,186133
584,1725,-1.000272,186168
584,1726,-1.000272,186213
584,1727,-1.000272,186298
584,1728,-1.000272,186343
584,1729,-1.000272,186388
584,1730,-1.000272,186478
584,1731,-0.98025,186528
584,1732,-1.000272,186588
584,1733,-1.000272,186648
584,1734,-0.98025,186728
584,1735,-0.98025,186783
584,1736,-0.98025,186853
584,1737,-0.98025,186903
584,1738,-0.98025,186963
584,1739,-1.000272,187018
584,1740,-1.000272,187088
584,1741,-1.000272,187153
584,1742,-1.000272,187353
584,1743,-1.000272,187388
584,1744,-0.98025,187428
584,1745,-1.000272,187473
584,1746,-1.000272,187518
584,1747,-1.000272,187573
584,1748,-0.98025,187628
584,1749,-0.98025,187683
584,1750,-1.000272,187733
584,1751,-1.000272,187783
584,1752,-1.000272,187818
584,1753,-1.000272,187863
584,1754,-1.000272,187918
584,1755,-0.98025,187973
584,1756,-1.000272,188008
584,1757,-1.000272,188053
584,1758,-0.98025,188173
584,1759,-1.000272,188253
584,1760,-1.000272,188323
584,1761,-1.000272,188378
584,1762,-1.000272,188423
584,1763,-1.000272,188468
584,1764,-1.000272,188508
584,1765,-1.000272,188548
584,1766,-0.98025,188618
584,1767,-1.000272,188668
584,1768,-1.000272,188723
584,1769,-1.000272,188783
584,1770,-1.000272,188828
584,1771,-1.000272,188873
584,1772,-1.000272,188928
584,1773,-0.98025,188963
584,1774,-0.98025,188998
584,1775,-0.98025,189053
584,1776,-1.000272,189148
584,1777,-1.000272,189203
584,1778,-1.000272,189243
584,1779,-1.000272,189318
584,1780,-1.000272,189363
584,1781,-0.98025,189418
584,1782,-0.98025,189473
584,1783,-1.000272,189513
584,1784,-0.98025,189563
584,1785,-1.000272,189613
584,1786,-0.98025,189678
584,1787,-1.000272,189723
584,1788,-0.98025,189758
584,1789,-1.000272,189823
584,1790,-1.000272,189893
584,1791,-0.98025,189953
584,1792,-1.000272,189998
584,1793,-1.000272,190058
584,1794,-0.98025,190103
584,1795,-1.000272,190143
584,1796,-1.000272,190203
584,1797,-1.000272,190273
584,1798,-1.000272,190318
584,1799,-1.000272,190368
584,1800,-0.98025,190418
584,1801,-1.000272,190463
584,1802,-1.000272,190553
584,1803,-1.000272,190598
584,1804,-1.000272,190668
584,1805,-0.98025,190718
584,1806,-1.000272,190758
585,1806,1.060703,190923
585,1807,-1.000272,190978
585,1808,-1.000272,191033
585,1809,-0.98025,191068
585,1810,-1.000272,191143
585,1811,-0.98025,191263
585,1812,-0.98025,191323
585,1813,-1.000272,191383
585,1814,-0.98025,191443
585,1815,-1.000272,191513
585,1816,-1.000272,191568
585,1817,-1.000272,191608
585,1818,-1.000272,191673
585,1819,-1.000272,191718
585,1820,-1.000272,191753
585,1821,-1.000272,191793
585,1822,-1.000272,191853
585,1823,-1.000272,191938
585,1824,-1.000272,192023
585,1825,-0.98025,192098
585,1826,-1.000272,192153
585,1827,-1.000272,192198
585,1828,-1.000272,192278
585,1829,-1.000272,192363
585,1830,-1.000272,192408
585,1831,-0.98025,192458
585,1832,-1.000272,192663
585,1833,-1.000272,192703
585,1834,-0.98025,192753
585,1835,-1.000272,192868
585,1836,-0.98025,192938
585,1837,-1.000272,192968
585,1838,-1.000272,193008
585,1839,-1.000272,193093
585,1840,-1.000272,193163
585,1841,-1.000272,193203
585,1842,-0.98025,193248
585,1843,-0.98025,193318
585,1844,-1.000272,193363
585,1845,-1.000272,193423
585,1846,-1.000272,193473
585,1847,-0.98025,193528
585,1848,-1.000272,193583
585,1849,-1.000272,193638
585,1850,-0.98025,193698
585,1851,-1.000272,193763
585,1852,-1.000272,193813
585,1853,-1.000272,193858
585,1854,-1.000272,193918
585,1855,-1.000272,193978
585,1856,-1.000272,194058
585,1857,-1.000272,194113
585,1858,-0.98025,194148
585,1859,-1.000272,194223
585,1860,-0.98025,194268
585,1861,-1.000272,194318
585,1862,-0.98025,194368
585,1863,-1.000272,194458
585,1864,-1.000272,194543
585,1865,-1.000272,194583
585,1866,-1.000272,194653
585,1867,-0.98025,194703
585,1868,-0.98025,194773
585,1869,-0.98025,194823
585,1870,-0.98025,194873
585,1871,-1.000272,194943
585,1872,-1.000272,195003
585,1873,-1.000272,195058
585,1874,-0.98025,195093
585,1875,-1.000272,195168
585,1876,-1.000272,195243
585,1877,-0.98025,195293
585,1878,-0.98025,195368
585,1879,-1.000272,195418
585,1880,-1.000272,195518
585,1881,-1.000272,195558
585,1882,-1.000272,195608
585,1883,-1.000272,195663
585,1884,-1.000272,195708
585,1885,-1.000272,195763
585,1886,-1.000272,195828
585,1887,-0.98025,195898
585,1888,-0.98025,195958
585,1889,-0.98025,195998
585,1890,-0.98025,196043
585,1891,-1.000272,196098
585,1892,-1.000272,196148
585,1893,-1.000272,196198
585,1894,-1.000272,196253
585,1895,-0.98025,196313
585,1896,-0.98025,196383
585,1897,-1.000272,196458
585,1898,-1.000272,196498
585,1899,-1.000272,196598
585,1900,-1.000272,196648
585,1901,-0.98025,196723
585,1902,-1.000272,196783
585,1903,-1.000272,196853
585,1904,-0.98025,196918
585,1905,-1.000272,196983
585,1906,-1.000272,197048
585,1907,-0.98025,197088
585,1908,-0.98025,197173
585,1909,-1.000272,197253
585,1910,-1.000272,197333
585,1911,-0.98025,197373
585,1912,-1.000272,197403
585,1913,-0.98025,197478
585,1914,-1.000272,197583
585,1915,-0.98025,197648
585,1916,-0.98025,197693
585,1917,-0.98025,197738
585,1918,-0.98025,197828
585,1919,-0.98025,197873
585,1920,-0.98025,197918
585,1921,-1.000272,197993
585,1922,-0.98025,198053
585,1923,-0.98025,198133
585,1924,-1.000272,198178
585,1925,-0.98025,198233
585,1926,-1.000272,198303
585,1927,-1.000272,198373
585,1928,-1.000272,198443
585,1929,-0.98025,198488
585,1930,-1.000272,198558
585,1931,-0.98025,198603
585,1932,-1.000272,198658
585,1933,-1.000272,198708
585,1934,-0.98025,198763
585,1935,-0.98025,198863
585,1936,-1.000272,198908
585,1937,-1.000272,198943
585,1938,-1.000272,198983
585,1939,-1.000272,199043
585,1940,-1.000272,199093
585,1941,-1.000272,199148
585,1942,-1.000272,199193
585,1943,-0.98025,199318
585,1944,-1.000272,199378
585,1945,-0.98025,199433
585,1946,-1.000272,199493
585,1947,-0.98025,199543
585,1948,-0.98025,199608
585,1949,-1.000272,199638
585,1950,-1.000272,199698
585,1951,-1.000272,199788
585,1952,-0.98025,199838
585,1953,-0.98025,199903
585,1954,-1.000272,199968
585,1954,0.00395,200014
585,1955,-1.000272,200074
585,1956,-0.98025,200114
585,1957,-0.98025,200164
585,1958,-1.000272,200204
585,1959,-0.98025,200254
585,1960,-1.000272,200289
585,1961,-1.000272,200344
585,1962,-0.98025,200379
585,1963,-1.000272,200434
585,1964,-0.98025,200474
585,1965,-1.000272,200539
585,1966,-0.98025,200574
585,1967,-1.000272,200609
585,1968,-1.000272,200649
585,1969,-1.000272,200694
585,1970,-1.000272,200779
585,1971,-1.000272,200834
585,1972,-1.000272,200984
585,1973,-1.000272,201034
585,1974,-1.000272,201089
585,1975,-0.98025,201144
585,1976,-1.000272,201194
585,1977,-1.000272,201314
585,1978,-1.000272,201359
585,1979,-1.000272,201394
585,1980,-1.000272,201439
585,1981,-1.000272,201479
585,1982,-1.000272,201544
585,1983,-1.000272,201584
585,1984,-1.000272,201639
585,1985,-1.000272,201689
585,1986,-0.98025,201724
585,1987,-1.000272,201759
585,1988,-0.98025,201784
585,1989,-1.000272,201834
585,1990,-1.000272,201899
585,1991,-1.000272,201954
585,1992,-1.000272,201999
585,1993,-0.98025,202044
585,1994,-1.000272,202104
585,1995,-0.98025,202159
585,1996,-1.000272,202209
585,1997,-1.000272,202269
585,1998,-1.000272,202364
585,1999,-1.000272,202394
585,2000,-1.000272,202454
585,2001,-0.98025,202494
585,2002,-1.000272,202539
585,2003,-1.000272,202589
585,2004,-1.000272,202644
585,2005,-1.000272,202689
585,2006,-1.000272,202774
585,2007,-1.000272,202819
585,2008,-1.000272,202879
585,2009,-1.000272,202949
585,2010,-0.98025,202984
585,2011,-1.000272,203049
585,2012,-1.000272,203104
585,2013,-1.000272,203209
585,2014,-1.000272,203274
585,2015,-1.000272,203324
585,2016,-1.000272,203384
585,2017,-0.98025,203434
585,2018,-1.000272,203504
585,2019,-1.000272,203559
585,2020,-1.000272,203609
585,2021,-1.000272,203689
585,2022,-1.000272,203724
585,2023,-1.000272,203769
585,2024,-1.000272,203814
585,2025,-1.000272,203849
585,2026,-0.98025,203914
585,2027,-1.000272,203959
585,2028,-1.000272,204004
585,2029,-0.98025,204039
585,2030,-1.000272,204079
585,2031,-1.000272,204134
585,2032,-1.000272,204169
585,2033,-1.000272,204229
585,2034,-1.000272,204269
585,2035,-1.000272,204319
585,2036,-0.98025,204354
585,2037,-1.000272,204439
585,2038,-1.000272,204489
585,2039,-1.000272,204554
585,2040,-1.000272,204599
585,2041,-1.000272,204644
585,2042,-1.000272,204669
585,2043,-1.000272,204724
585,2044,-1.000272,204759
585,2045,-1.000272,204819
585,2046,-1.000272,204899
585,2047,-1.000272,204944
585,2048,-1.000272,204999
585,2049,-0.98025,205079
585,2050,-1.000272,205164
585,2051,-1.000272,205209
585,2052,-0.98025,205284
585,2053,-0.98025,205329
585,2054,-1.000272,205364
585,2055,-1.000272,205404
585,2056,-1.000272,205439
585,2057,-0.98025,205489
585,2058,-0.98025,205549
585,2059,-1.000272,205619
585,2060,-1.000272,205679
585,2061,-1.000272,205779
585,2062,-1.000272,205869
585,2063,-1.000272,205949
585,2064,-1.000272,205989
585,2065,-1.000272,206059
585,2066,-1.000272,206099
585,2067,-1.000272,206144
585,2068,-1.000272,206184
585,2069,-1.000272,206239
585,2070,-0.98025,206269
585,2071,-1.000272,206319
585,2072,-0.98025,206379
585,2073,-1.000272,206414
585,2074,-1.000272,206464
585,2075,-1.000272,206529
585,2076,-1.000272,206579
585,2077,-0.98025,206629
585,2078,-1.000272,206694
585,2079,-1.000272,206744
585,2080,-1.000272,206799
585,2081,-1.000272,206859
585,2082,-0.98025,206929
585,2083,-1.000272,206979
585,2084,-1.000272,207029
585,2085,-1.000272,207119
585,2086,-1.000272,207179
585,2087,-1.000272,207214
585,2088,-1.000272,207259
585,2089,-1.000272,207294
585,2090,-1.000272,207324
585,2091,-1.000272,207384
585,2092,-1.000272,207434
585,2093,-1.000272,207484
585,2094,-1.000272,207544
585,2095,-1.000272,207584
585,2096,-1.000272,207704
585,2097,-1.000272,207764
585,2098,-1.000272,207829
585,2099,-1.000272,207874
585,2100,-1.000272,207934
585,2101,-1.000272,207994
585,2102,-1.000272,208029
585,2103,-0.98025,208079
585,2104,-1.000272,208154
585,2105,-1.000272,208209
585,2106,-1.000272,208269
585,2107,-0.98025,208329
585,2108,-1.000272,208394
585,2109,-1.000272,208469
585,2110,-0.98025,208499
585,2111,-1.000272,208544
585,2112,-1.000272,208629
585,2113,-1.000272,208679
585,2114,-1.000272,208774
585,2115,-1.000272,208814
585,2116,-1.000272,208864
585,2117,-1.000272,208899
585,2118,-1.000272,208959
585,2119,-1.000272,209004
585,2120,-1.000272,209069
585,2121,-1.000272,209129
585,2122,-1.000272,209194
585,2123,-1.000272,209249
585,2124,-1.000272,209309
585,2125,-0.98025,209359
585,2126,-0.98025,209404
585,2127,-1.000272,209469
585,2128,-1.000272,209524
585,2129,-0.98025,209584
585,2130,-1.000272,209629
585,2131,-0.98025,209689
585,2132,-1.000272,209729
585,2133,-1.000272,209794
585,2134,-1.000272,209859
585,2135,-1.000272,209914
585,2136,-1.000272,210004
585,2137,-1.000272,210069
585,2138,-0.98025,210124
585,2139,-1.000272,210169
585,2140,-0.98025,210229
585,2141,-1.000272,210364
585,2142,-1.000272,210409
585,2143,-1.000272,210449
585,2144,-1.000272,210504
585,2145,-1.000272,210549
585,2146,-1.000272,210599
585,2147,-0.98025,210679
585,2148,-1.000272,210719
585,2149,-1.000272,210769
585,2150,-1.000272,210814
585,2151,-1.000272,210859
585,2152,-1.000272,210919
585,2153,-1.000272,210979
585,2154,-1.000272,211019
585,2155,-1.000272,211064
585,2156,-0.98025,211099
585,2157,-1.000272,211144
585,2158,-1.000272,211174
585,2159,-0.98025,211224
585,2160,-0.98025,211259
585,2161,-0.98025,211299
585,2162,-1.000272,211364
585,2163,-1.000272,211404
585,2164,-1.000272,211459
585,2165,-1.000272,211544
585,2166,-1.000272,211639
585,2167,-1.000272,211694
585,2168,-1.000272,211749
585,2169,-0.98025,211799
585,2170,-0.98025,211859
585,2171,-1.000272,211909
585,2172,-1.000272,211964
585,2173,-1.000272,212004
585,2174,-1.000272,212054
585,2175,-0.98025,212104
585,2176,-1.000272,212169
585,2177,-1.000272,212204
585,2178,-1.000272,212259
585,2179,-1.000272,212319
585,2180,-1.000272,212384
585,2181,-1.000272,212449
585,2182,-0.98025,212509
585,2183,-1.000272,212569
585,2184,-1.000272,212634
585,2185,-1.000272,212694
585,2186,-1.000272,212734
585,2187,-1.000272,212834
585,2188,-1.000272,212899
585,2189,-1.000272,212954
585,2190,-1.000272,213024
585,2191,-1.000272,213074
585,2192,-1.000272,213124
585,2193,-1.000272,213189
585,2194,-1.000272,213239
585,2195,-1.000272,213279
585,2196,-0.98025,213334
585,2197,-1.000272,213384
585,2198,-1.000272,213469
585,2199,-1.000272,213509
585,2200,-1.000272,213589
585,2201,-1.000272,213634
585,2202,-1.000272,213674
585,2203,-0.98025,213724
585,2204,-1.000272,213794
585,2205,-1.000272,213869
585,2206,-1.000272,213909
585,2207,-1.000272,214069
585,2208,-1.000272,214114
585,2209,-0.98025,214144
585,2210,-1.000272,214204
585,2211,-1.000272,214249
585,2212,-0.98025,214304
585,2213,-1.000272,214349
585,2214,-1.000272,214429
585,2215,-1.000272,214489
585,2216,-0.98025,214549
585,2217,-0.98025,214624
585,2218,-1.000272,214679
585,2219,-1.000272,214729
585,2220,-1.000272,214789
585,2221,-0.98025,214869
585,2222,-1.000272,214954
585,2223,-0.98025,215034
585,2224,-1.000272,215099
585,2225,-1.000272,215139
585,2226,-0.98025,215174
585,2227,-1.000272,215229
585,2228,-0.98025,215304
585,2229,-1.000272,215339
585,2230,-1.000272,215384
585,2231,-1.000272,215429
585,2232,-0.98025,215494
585,2233,-1.000272,215554
585,2234,-1.000272,215609
585,2235,-0.98025,215679
585,2236,-1.000272,215719
585,2237,-1.000272,215804
585,2238,-1.000272,215864
585,2239,-1.000272,215954
585,2240,-1.000272,215989
585,2241,-1.000272,216044
585,2242,-1.000272,216099
585,2243,-0.98025,216139
585,2244,-1.000272,216189
585,2245,-1.000272,216234
585,2246,-0.98025,216289
585,2247,-1.000272,216339
585,2248,-1.000272,216379
585,2249,-1.000272,216424
585,2250,-1.000272,216474
585,2251,-1.000272,216544
585,2252,-1.000272,216584
585,2253,-0.98025,216639
585,2254,-1.000272,216684
585,2255,-0.98025,216734
585,2256,-1.000272,216809
585,2257,-1.000272,216864
585,2258,-0.98025,216904
585,2259,-1.000272,216939
585,2260,-0.98025,216999
585,2261,-1.000272,217064
585,2262,-0.98025,217134
585,2263,-1.000272,217209
585,2264,-0.98025,217244
585,2265,-1.000272,217304
585,2266,-0.98025,217369
585,2267,-1.000272,217434
585,2268,-1.000272,217514
585,2269,-1.000272,217584
585,2270,-1.000272,217639
585,2271,-1.000272,217674
585,2272,-1.000272,217714
585,2273,-0.98025,217764
585,2274,-1.000272,217814
585,2275,-1.000272,217904
585,2276,-1.000272,217934
585,2277,-1.000272,217999
585,2278,-1.000272,218034
585,2279,-1.000272,218074
585,2280,-0.98025,218124
585,2281,-0.98025,218179
585,2282,-1.000272,218239
585,2283,-0.98025,218299
585,2284,-1.000272,218354
585,2285,-1.000272,218419
585,2286,-1.000272,218449
585,2287,-1.000272,218499
585,2288,-1.000272,218544
585,2289,-1.000272,218579
585,2290,-1.000272,218634
585,2291,-1.000272,218659
585,2292,-0.98025,218744
585,2293,-1.000272,218779
585,2294,-1.000272,218859
585,2295,-1.000272,218934
585,2296,-1.000272,218989
585,2297,-0.98025,219029
585,2298,-1.000272,219094
585,2299,-1.000272,219159
585,2300,-1.000272,219209
585,2301,-1.000272,219269
585,2302,-1.000272,219329
585,2303,-0.98025,219379
585,2304,-1.000272,219424
585,2305,-0.98025,219479
585,2306,-0.98025,219519
585,2307,-1.000272,219594
585,2308,-1.000272,219679
585,2309,-1.000272,219714
585,2310,-1.000272,219754
585,2311,-1.000272,219809
585,2312,-0.98025,219869
585,2313,-0.98025,219949
585,2314,-0.98025,220009
585,2315,-1.000272,220114
585,2316,-0.98025,220194
585,2317,-1.000272,220239
585,2318,-0.98025,220279
585,2319,-0.98025,220339
585,2320,-1.000272,220374
585,2321,-1.000272,220464
585,2322,-1.000272,220549
585,2323,-1.000272,220594
585,2324,-1.000272,220644
585,2325,-1.000272,220689
585,2326,-1.000272,220739
585,2327,-1.000272,220794
585,2328,-1.000272,220884
585,2329,-1.000272,220929
585,2330,-0.98025,221014
585,2331,-0.98025,221064
585,2332,-1.000272,221109
585,2333,-0.98025,221154
585,2334,-1.000272,221209
585,2335,-0.98025,221279
585,2336,-1.000272,221334
585,2337,-0.98025,221399
585,2338,-1.000272,221454
585,2339,-1.000272,221494
585,2340,-0.98025,221534
585,2341,-1.000272,221609
585,2342,-1.000272,221649
585,2343,-1.000272,221699
585,2344,-1.000272,221749
585,2345,-1.000272,221814
585,2346,-1.000272,221859
585,2347,-1.000272,221904
585,2348,-1.000272,221939
585,2349,-0.98025,221994
585,2350,-1.000272,222044
585,2351,-0.98025,222114
585,2352,-0.98025,222164
585,2353,-1.000272,222254
585,2354,-1.000272,222309
585,2355,-0.98025,222349
585,2356,-1.000272,222379
585,2357,-0.98025,222424
585,2358,-1.000272,222469
585,2359,-1.000272,222534
585,2360,-1.000272,222579
585,2361,-0.98025,222674
585,2362,-1.000272,222719
585,2363,-1.000272,222764
585,2364,-1.000272,222849
585,2365,-1.000272,222894
585,2366,-0.98025,222954
585,2367,-1.000272,223019
585,2368,-1.000272,223054
585,2369,-1.000272,223119
585,2370,-1.000272,223189
585,2371,-0.98025,223229
585,2372,-1.000272,223284
585,2373,-1.000272,223369
585,2374,-1.000272,223429
585,2375,-0.98025,223489
585,2376,-1.000272,223534
585,2377,-1.000272,223579
585,2378,-1.000272,223634
585,2379,-1.000272,223684
585,2380,-1.000272,223764
585,2381,-0.98025,223819
585,2382,-0.98025,223889
585,2383,-1.000272,223939
585,2384,-1.000272,223984
585,2385,-0.98025,224049
585,2386,-0.98025,224094
585,2387,-1.000272,224164
585,2388,-1.000272,224224
585,2389,-1.000272,224299
585,2390,-1.000272,224349
585,2391,-1.000272,224414
585,2392,-0.98025,224509
585,2393,-1.000272,224569
585,2394,-1.000272,224604
585,2395,-0.98025,224669
585,2396,-1.000272,224729
585,2397,-0.98025,224764
585,2398,-0.98025,224814
585,2399,-0.98025,224854
585,2400,-1.000272,224894
585,2401,-1.000272,224979
585,2401,-5.448073E-05,225015
585,2402,-1.000272,225055
585,2403,-1.000272,225095
585,2404,-1.000272,225135
585,2405,-1.000272,225190
585,2406,-1.000272,225235
585,2407,-1.000272,225280
585,2408,-1.000272,225325
585,2409,-1.000272,225375
585,2410,-1.000272,225420
585,2411,-1.000272,225470
585,2412,-0.98025,225530
585,2413,-0.98025,225580
585,2414,-1.000272,225625
585,2415,-1.000272,225700
585,2416,-1.000272,225765
585,2417,-1.000272,225810
585,2418,-1.000272,225880
585,2419,-0.98025,225950
585,2420,-1.000272,226005
585,2421,-0.98025,226090
585,2422,-1.000272,226175
585,2423,-1.000272,226245
585,2424,-0.98025,226300
585,2425,-1.000272,226350
585,2426,-0.98025,226410
585,2427,-1.000272,226440
585,2428,-1.000272,226500
585,2429,-1.000272,226540
585,2430,-1.000272,226620
585,2431,-1.000272,226670
585,2432,-1.000272,226720
585,2433,-1.000272,226765
585,2434,-0.98025,226820
585,2435,-1.000272,226895
585,2436,-1.000272,226940
585,2437,-0.98025,227000
585,2438,-0.98025,227045
585,2439,-1.000272,227085
585,2440,-1.000272,227195
585,2441,-1.000272,227265
585,2442,-1.000272,227320
585,2443,-1.000272,227370
585,2444,-0.98025,227425
585,2445,-0.98025,227480
585,2446,-0.98025,227525
585,2447,-1.000272,227560
585,2448,-1.000272,227610
585,2449,-1.000272,227670
585,2450,-1.000272,227740
585,2451,-1.000272,227775
585,2452,-1.000272,227815
585,2453,-1.000272,227865
585,2454,-1.000272,227905
585,2455,-1.000272,227980
585,2456,-0.98025,228025
585,2457,-1.000272,228080
585,2458,-1.000272,228135
585,2459,-1.000272,228185
585,2460,-1.000272,228235
585,2461,-1.000272,228305
585,2462,-0.98025,228355
585,2463,-0.98025,228385
585,2464,-1.000272,228425
585,2465,-1.000272,228455
585,2466,-1.000272,228515
585,2467,-1.000272,228580
585,2468,-1.000272,228625
585,2469,-0.98025,228675
585,2470,-1.000272,228715
585,2471,-0.98025,228755
585,2472,-1.000272,228810
585,2473,-1.000272,228845
585,2474,-1.000272,228890
585,2475,-1.000272,228945
585,2476,-0.98025,228985
585,2477,-0.98025,229025
585,2478,-0.98025,229070
585,2479,-1.000272,229130
585,2480,-1.000272,229175
585,2481,-0.98025,229220
585,2482,-0.98025,229265
585,2483,-1.000272,229325
585,2484,-1.000272,229360
585,2485,-1.000272,229405
585,2486,-1.000272,229455
585,2487,-0.98025,229490
585,2488,-1.000272,229550
585,2489,-0.98025,229635
585,2490,-0.98025,229695
585,2491,-1.000272,229820
585,2492,-1.000272,229890
585,2493,-0.98025,229970
585,2494,-0.98025,230050
585,2495,-1.000272,230105
585,2496,-1.000272,230145
585,2497,-1.000272,230170
585,2498,-0.98025,230235
585,2499,-1.000272,230350
585,2500,-1.000272,230460
585,2501,-1.000272,230510
585,2502,-1.000272,230550
585,2503,-1.000272,230600
585,2504,-0.98025,230640
585,2505,-1.000272,230700
585,2506,-0.98025,230770
585,2507,-1.000272,230810
585,2508,-0.98025,230865
585,2509,-1.000272,230935
585,2510,-1.000272,230995
585,2511,-1.000272,231030
585,2512,-1.000272,231070
585,2513,-1.000272,231135
585,2514,-1.000272,231220
585,2515,-1.000272,231255
585,2516,-1.000272,231330
585,2517,-1.000272,231380
585,2518,-1.000272,231420
585,2519,-1.000272,231465
585,2520,-0.98025,231520
585,2521,-0.98025,231575
585,2522,-1.000272,231640
585,2523,-1.000272,231685
585,2524,-1.000272,231740
585,2525,-0.98025,231795
585,2526,-1.000272,231845
585,2527,-0.98025,231920
585,2528,-1.000272,231955
585,2529,-1.000272,232000
585,2530,-1.000272,232070
585,2531,-1.000272,232125
585,2532,-1.000272,232220
585,2533,-1.000272,232280
585,2534,-1.000272,232315
585,2535,-1.000272,232395
585,2536,-0.98025,232450
585,2537,-1.000272,232495
585,2538,-1.000272,232550
585,2539,-1.000272,232595
585,2540,-1.000272,232655
585,2541,-1.000272,232710
585,2542,-1.000272,232745
585,2543,-1.000272,232810
585,2544,-0.98025,232870
585,2545,-1.000272,232940
585,2546,-1.000272,233005
585,2547,-0.98025,233095
585,2548,-1.000272,233150
585,2549,-1.000272,233190
585,2550,-1.000272,233245
585,2551,-0.98025,233285
585,2552,-0.98025,233330
585,2553,-1.000272,233375
585,2554,-1.000272,233430
585,2555,-1.000272,233495
585,2556,-1.000272,233550
585,2557,-1.000272,233590
585,2558,-1.000272,233665
585,2559,-0.98025,233705
585,2560,-1.000272,233760
585,2561,-0.98025,233870
585,2562,-1.000272,233920
585,2563,-1.000272,233975
585,2564,-1.000272,234010
585,2565,-1.000272,234070
585,2566,-1.000272,234150
585,2567,-0.98025,234190
585,2568,-1.000272,234270
585,2569,-1.000272,234330
585,2570,-1.000272,234360
585,2571,-1.000272,234405
585,2572,-0.98025,234440
585,2573,-1.000272,234490
585,2574,-1.000272,234535
585,2575,-1.000272,234585
585,2576,-0.98025,234630
585,2577,-1.000272,234675
585,2578,-0.98025,234745
585,2579,-1.000272,234820
585,2580,-0.98025,234940
585,2581,-1.000272,234985
585,2582,-1.000272,235035
585,2583,-1.000272,235070
585,2584,-1.000272,235120
585,2585,-0.98025,235190
585,2586,-1.000272,235225
585,2587,-1.000272,235290
585,2588,-1.000272,235355
585,2589,-1.000272,235385
585,2590,-1.000272,235440
585,2591,-1.000272,235515
585,2592,-0.98025,235565
585,2593,-1.000272,235605
585,2594,-0.98025,235645
585,2595,-1.000272,235700
585,2596,-1.000272,235745
585,2597,-1.000272,235790
585,2598,-1.000272,235900
585,2599,-1.000272,235950
585,2600,-0.98025,236010
585,2601,-1.000272,236080
585,2602,-1.000272,236150
585,2603,-1.000272,236205
585,2604,-1.000272,236270
585,2605,-1.000272,236315
585,2606,-1.000272,236365
585,2607,-1.000272,236415
585,2608,-0.98025,236470
585,2609,-1.000272,236530
585,2610,-1.000272,236575
585,2611,-0.98025,236620
585,2612,-0.98025,236665
585,2613,-0.98025,236705
585,2614,-1.000272,236755
585,2615,-1.000272,236785
585,2616,-0.98025,236830
585,2617,-1.000272,236890
585,2618,-1.000272,236925
585,2619,-0.98025,236980
585,2620,-1.000272,237030
585,2621,-0.98025,237075
585,2622,-1.000272,237145
585,2623,-1.000272,237175
585,2624,-1.000272,237220
585,2625,-0.98025,237265
585,2626,-0.98025,237330
585,2627,-1.000272,237375
585,2628,-1.000272,237420
585,2629,-1.000272,237470
585,2630,-0.98025,237515
585,2631,-1.000272,237560
585,2632,-0.98025,237590
585,2633,-1.000272,237645
585,2634,-1.000272,237725
585,2635,-0.98025,237785
585,2636,-0.98025,237835
585,2637,-1.000272,237885
585,2638,-1.000272,237935
585,2639,-1.000272,238000
585,2640,-1.000272,238055
585,2641,-1.000272,238095
585,2642,-1.000272,238140
585,2643,-1.000272,238180
585,2644,-1.000272,238225
585,2645,-1.000272,238250
585,2646,-1.000272,238295
585,2647,-0.98025,238345
585,2648,-1.000272,238390
585,2649,-1.000272,238440
585,2650,-1.000272,238480
585,2651,-1.000272,238550
585,2652,-0.98025,238615
585,2653,-1.000272,238685
585,2654,-1.000272,238730
585,2655,-0.98025,238775
585,2656,-1.000272,238855
585,2657,-1.000272,238910
585,2658,-1.000272,238960
585,2659,-0.98025,239010
585,2660,-1.000272,239105
585,2661,-1.000272,239150
585,2662,-1.000272,239200
585,2663,-1.000272,239225
585,2664,-1.000272,239305
585,2665,-0.98025,239355
585,2666,-1.000272,239430
585,2667,-0.98025,239475
585,2668,-1.000272,239510
585,2669,-1.000272,239570
585,2670,-0.98025,239615
585,2671,-1.000272,239655
585,2672,-1.000272,239705
585,2673,-0.98025,239750
585,2674,-1.000272,239795
585,2675,-1.000272,239860
585,2676,-1.000272,239900
585,2677,-1.000272,239970
585,2678,-1.000272,240075
585,2679,-1.000272,240175
585,2680,-1.000272,240235
585,2681,-1.000272,240270
585,2682,-1.000272,240315
585,2683,-1.000272,240350
585,2684,-0.98025,240415
585,2685,-1.000272,240490
585,2686,-1.000272,240585
585,2687,-0.98025,240635
585,2688,-1.000272,240685
585,2689,-1.000272,240735
585,2690,-1.000272,240770
585,2691,-1.000272,240825
585,2692,-1.000272,240880
585,2693,-1.000272,240940
585,2694,-1.000272,241025
585,2695,-0.98025,241070
585,2696,-1.000272,241150
585,2697,-1.000272,241205
585,2698,-1.000272,241260
585,2699,-0.98025,241305
585,2700,-1.000272,241355
585,2701,-0.98025,241385
585,2702,-1.000272,241420
585,2703,-1.000272,241465
585,2704,-0.98025,241525
585,2705,-0.98025,241605
585,2706,-1.000272,241645
585,2707,-1.000272,241700
585,2708,-0.98025,241760
585,2709,-1.000272,241800
585,2710,-1.000272,241850
585,2711,-1.000272,241880
585,2712,-1.000272,241950
585,2713,-1.000272,241990
585,2714,-0.98025,242030
585,2715,-1.000272,242075
585,2716,-1.000272,242120
585,2717,-1.000272,242155
585,2718,-1.000272,242225
585,2719,-0.98025,242260
585,2720,-0.98025,242310
585,2721,-1.000272,242350
585,2722,-1.000272,242380
585,2723,-0.98025,242425
585,2724,-1.000272,242480
585,2725,-1.000272,242515
585,2726,-1.000272,242595
585,2727,-1.000272,242640
585,2728,-0.98025,242735
585,2729,-1.000272,242790
585,2730,-1.000272,242855
585,2731,-1.000272,242895
585,2732,-1.000272,242955
585,2733,-1.000272,243000
585,2734,-1.000272,243050
585,2735,-1.000272,243095
585,2736,-0.98025,243135
585,2737,-0.98025,243255
585,2738,-1.000272,243305
585,2739,-0.98025,243360
585,2740,-1.000272,243420
585,2741,-1.000272,243455
585,2742,-0.98025,243510
585,2743,-1.000272,243555
585,2744,-1.000272,243600
585,2745,-1.000272,243660
585,2746,-1.000272,243715
585,2747,-1.000272,243760
585,2748,-1.000272,243800
585,2749,-1.000272,243860
585,2750,-1.000272,243920
585,2751,-1.000272,243955
585,2752,-0.98025,243995
585,2753,-1.000272,244045
585,2754,-1.000272,244085
585,2755,-1.000272,244135
585,2756,-0.98025,244195
585,2757,-1.000272,244255
585,2758,-1.000272,244310
585,2759,-1.000272,244350
585,2760,-1.000272,244390
585,2761,-0.98025,244440
585,2762,-0.98025,244510
585,2763,-1.000272,244570
585,2764,-1.000272,244625
585,2765,-1.000272,244675
585,2766,-1.000272,244730
585,2767,-1.000272,244780
585,2768,-1.000272,244820
585,2769,-1.000272,244860
585,2770,-1.000272,244915
585,2771,-0.98025,244955
585,2772,-1.000272,245010
585,2773,-1.000272,245065
585,2774,-1.000272,245100
585,2775,-1.000272,245140
585,2776,-0.98025,245195
585,2777,-1.000272,245260
585,2778,-1.000272,245310
585,2779,-1.000272,245350
585,2780,-0.98025,245390
585,2781,-1.000272,245440
585,2782,-0.98025,245495
585,2783,-1.000272,245530
585,2784,-0.98025,245605
585,2785,-1.000272,245660
585,2786,-1.000272,245720
585,2787,-1.000272,245765
585,2788,-0.98025,245810
585,2789,-1.000272,245855
585,2790,-1.000272,245890
585,2791,-1.000272,245945
585,2792,-0.98025,245995
585,2793,-1.000272,246025
585,2794,-1.000272,246060
585,2795,-1.000272,246085
585,2796,-1.000272,246115
585,2797,-1.000272,246165
585,2798,-1.000272,246205
585,2799,-1.000272,246250
585,2800,-1.000272,246305
585,2801,-0.98025,246390
585,2802,-1.000272,246450
585,2803,-1.000272,246535
585,2804,-1.000272,246595
585,2805,-1.000272,246670
585,2806,-0.98025,246710
585,2807,-0.98025,246750
585,2808,-0.98025,246785
585,2809,-0.98025,246830
585,2810,-1.000272,246890
585,2811,-1.000272,246945
585,2812,-1.000272,246980
585,2813,-1.000272,247030
585,2814,-1.000272,247080
585,2815,-1.000272,247140
585,2816,-1.000272,247190
585,2817,-1.000272,247245
585,2818,-1.000272,247305
585,2819,-1.000272,247360
585,2820,-1.000272,247425
585,2821,-1.000272,247475
585,2822,-1.000272,247525
585,2823,-1.000272,247570
585,2824,-1.000272,247610
585,2825,-0.98025,247665
585,2826,-1.000272,247715
585,2827,-1.000272,247785
585,2828,-1.000272,247820
585,2829,-1.000272,247860
585,2830,-0.98025,247960
585,2831,-1.000272,248010
585,2832,-0.98025,248055
585,2833,-1.000272,248120
585,2834,-0.98025,248180
585,2835,-1.000272,248235
585,2836,-1.000272,248265
585,2837,-1.000272,248320
585,2838,-1.000272,248355
585,2839,-1.000272,248425
585,2840,-1.000272,248470
585,2841,-0.98025,248510
585,2842,-0.98025,248580
585,2843,-0.98025,248625
585,2844,-1.000272,248665
585,2845,-1.000272,248745
585,2846,-0.98025,248805
585,2847,-1.000272,248845
585,2848,-1.000272,248900
585,2849,-1.000272,248940
585,2850,-1.000272,248980
585,2851,-1.000272,249045
585,2852,-1.000272,249120
585,2853,-0.98025,249185
585,2854,-1.000272,249240
585,2855,-1.000272,249295
585,2856,-1.000272,249350
585,2857,-1.000272,249390
585,2858,-1.000272,249445
585,2859,-1.000272,249525
585,2860,-1.000272,249575
585,2861,-1.000272,249665
585,2862,-1.000272,249735
585,2863,-1.000272,249795
585,2864,-0.98025,249840
585,2865,-1.000272,249890
585,2866,-1.000272,249960
585,2867,-1.000272,250010
