Goals,Deaths,Reward,Step 
0,0,0,0
0,1,-1,120
0,2,-1,190
0,3,-1,245
1,3,1.074074,380
1,4,-1,500
1,5,-1,675
1,6,-1,800
1,7,-1,885
1,8,-1,1060
1,9,-1,1105
1,10,-1,1270
1,11,-1,1355
1,12,-1,1470
1,13,-1,1545
1,14,-1,1635
1,15,-1,1690
1,16,-1,1895
1,17,-1,2065
1,18,-1,2125
1,19,-1,2170
1,20,-1,2210
2,20,1.075188,2345
2,21,-1,2445
2,22,-1,2500
2,23,-1,2620
2,24,-1,2685
2,25,-1,2785
2,26,-1,2910
2,27,-1,3070
2,28,-1,3115
2,29,-1,3230
2,30,-1,3370
2,31,-1,3515
2,32,-1,3650
2,33,-1,3755
2,34,-1,3880
2,35,-1,4000
3,35,1.049751,4205
3,36,-1,4430
3,37,-1,4485
3,38,-1,4605
4,38,1.040323,4855
5,38,1.060606,5020
5,39,-1,5105
5,40,-1,5175
5,41,-1,5245
5,42,-1,5335
5,43,-1,5450
5,44,-1,5605
6,44,1.043668,5835
6,45,-1,5965
7,45,1.027624,6330
7,46,-1,6455
7,47,-1,6575
7,48,-1,6620
7,49,-1,6680
7,50,-1,6860
7,51,-1,6960
7,52,-1,7075
7,53,-1,7150
7,54,-1,7195
8,54,1.068493,7345
9,54,1.038168,7610
9,55,-1,7675
9,56,-1,7810
9,57,-1,7945
9,58,-1,8025
9,59,-1,8075
10,59,1.06993,8220
10,60,-1,8285
10,61,-1,8470
10,62,-1,8525
11,62,1.05988,8695
12,62,1.040323,8945
12,63,-1,9040
12,64,-1,9140
12,65,-1,9220
12,66,-1,9280
12,67,-1,9340
12,68,-1,9410
12,69,-1,9535
12,70,-1,9715
13,70,1.074627,9850
13,71,-1,9900
13,72,-1,9960
13,73,-1,10020
13,74,-1,10125
13,75,-1,10175
14,75,1.05102,10375
14,76,-1,10440
14,77,-1,10500
14,78,-1,10575
14,79,-1,10650
14,80,-1,10715
15,80,1.084034,10835
15,81,-1,10930
15,82,-1,11010
15,83,-1,11070
16,83,1.052083,11265
16,84,-1,11355
16,85,-1,11525
16,86,-1,11725
17,86,1.06135,11890
17,87,-1,11985
17,88,-1,12065
18,88,1.050505,12265
18,89,-1,12335
19,89,1.041152,12580
20,89,1.04878,12785
20,90,-1,12835
20,91,-1,12950
20,92,-1,12990
20,93,-1,13030
20,94,-1,13165
20,95,-1,13250
20,96,-1,13325
20,97,-1,13385
20,98,-1,13450
20,99,-1,13520
20,100,-1,13580
20,101,-1,13650
20,102,-1,13735
21,102,1.065789,13890
21,103,-1,13935
21,104,-1,14030
21,105,-1,14100
21,106,-1,14185
21,107,-1,14220
21,108,-1,14310
21,109,-1,14365
22,109,1.04386,14595
22,110,-1,14705
22,111,-1,14765
23,111,1.061728,14930
24,111,1.046948,15145
25,111,1.065359,15300
25,112,-1,15350
25,113,-1,15430
25,114,-1,15485
26,114,1.059524,15655
26,115,-1,15735
26,116,-1,15835
26,117,-1,16005
26,118,-1,16095
26,119,-1,16305
26,120,-1,16380
26,121,-1,16445
26,122,-1,16510
26,123,-1,16575
26,124,-1,16640
27,124,1.027933,17000
27,125,-1,17065
27,126,-1,17165
27,127,-1,17280
28,127,1.08547,17400
28,128,-1,17590
28,129,-1,17680
28,130,-1,17765
28,131,-1,17825
28,132,-1,18030
28,133,-1,18210
28,134,-1,18330
28,135,-1,18450
28,136,-1,18500
29,136,1.065789,18655
29,137,-1,18725
30,137,1.088496,18840
30,138,-1,18930
30,139,-1,19000
30,140,-1,19155
31,140,1.070423,19300
31,141,-1,19335
31,142,-1,19380
32,142,1.057804,19555
32,143,-1,19705
32,144,-1,19805
32,145,-1,19850
32,146,-1,19935
32,147,-1,19995
32,148,-1,20050
32,149,-1,20120
32,150,-1,20305
32,151,-1,20370
32,152,-1,20420
32,153,-1,20535
33,153,1.03268,20845
33,154,-1,20930
33,155,-1,21000
34,155,1.069444,21145
34,156,-1,21225
34,157,-1,21270
34,158,-1,21370
34,159,-1,21425
34,160,-1,21565
34,161,-1,21620
34,162,-1,21670
34,163,-1,21780
35,163,1.073529,21920
35,164,-1,22135
35,165,-1,22200
35,166,-1,22250
35,167,-1,22295
35,168,-1,22340
36,168,1.044643,22565
36,169,-1,22625
36,170,-1,22685
36,171,-1,22745
36,172,-1,22870
36,173,-1,22990
36,174,-1,23100
36,175,-1,23205
36,176,-1,23265
36,177,-1,23320
36,178,-1,23430
36,179,-1,23605
36,180,-1,23655
37,180,1.06135,23820
37,181,-1,23945
37,182,-1,24005
37,183,-1,24155
37,184,-1,24245
37,185,-1,24330
37,186,-1,24535
37,187,-1,24660
37,188,-1,24720
37,189,-1,24840
37,190,-1,24895
37,191,-1,25110
37,192,-1,25220
37,193,-1,25335
37,194,-1,25400
37,195,-1,25540
37,196,-1,25755
37,197,-1,25870
37,198,-1,26045
38,198,1.06135,26210
38,199,-1,26255
38,200,-1,26325
38,201,-1,26365
38,202,-1,26540
38,203,-1,26625
38,204,-1,26760
38,205,-1,26915
38,206,-1,27070
38,207,-1,27140
38,208,-1,27205
39,208,1.08547,27325
39,209,-1,27395
39,210,-1,27525
39,211,-1,27770
39,212,-1,27825
39,213,-1,27905
39,214,-1,27950
39,215,-1,28015
39,216,-1,28105
39,217,-1,28155
39,218,-1,28200
39,219,-1,28345
40,219,1.076923,28475
40,220,-1,28525
40,221,-1,28645
40,222,-1,28740
40,223,-1,28800
40,224,-1,28925
41,224,1.062893,29085
41,225,-1,29200
42,225,1.052356,29395
42,226,-1,29430
42,227,-1,29600
42,228,-1,29785
42,229,-1,29920
42,230,-1,30105
42,231,-1,30240
42,232,-1,30500
42,233,-1,30560
42,234,-1,30650
42,235,-1,30735
42,236,-1,30855
42,237,-1,30930
42,238,-1,31005
43,238,1.054945,31190
43,239,-1,31310
43,240,-1,31515
43,241,-1,31675
43,242,-1,31730
44,242,1.06135,31895
45,242,1.082645,32020
45,243,-1,32085
45,244,-1,32135
45,245,-1,32220
45,246,-1,32295
45,247,-1,32380
45,248,-1,32475
45,249,-1,32635
45,250,-1,32700
46,250,1.056818,32880
46,251,-1,32950
46,252,-1,32995
46,253,-1,33065
46,254,-1,33160
46,255,-1,33240
47,255,1.060241,33410
47,256,-1,33560
47,257,-1,33635
48,257,1.05,33835
48,258,-1,33895
48,259,-1,34005
48,260,-1,34155
48,261,-1,34380
48,262,-1,34480
49,262,1.071429,34620
49,263,-1,34655
49,264,-1,34720
49,265,-1,34845
49,266,-1,34925
49,267,-1,35050
50,267,1.037879,35315
50,268,-1,35470
51,268,1.09434,35580
51,269,-1,35630
51,270,-1,35845
51,271,-1,35905
52,271,1.068493,36055
52,272,-1,36170
52,273,-1,36230
52,274,-1,36285
53,274,1.096154,36390
54,274,1.0625,36550
55,274,1.081967,36675
55,275,-1,36745
55,276,-1,36805
55,277,-1,36885
55,278,-1,37040
55,279,-1,37100
55,280,-1,37200
55,281,-1,37285
55,282,-1,37350
55,283,-1,37480
55,284,-1,37595
55,285,-1,37765
55,286,-1,37895
56,286,1.065359,38050
56,287,-1,38375
56,288,-1,38420
57,288,1.039526,38675
57,289,-1,38805
58,289,1.06135,38970
58,290,-1,39100
58,291,-1,39145
58,292,-1,39250
58,293,-1,39315
58,294,-1,39490
58,295,-1,39620
58,296,-1,39755
58,297,-1,39850
58,298,-1,39895
58,299,-1,39965
58,300,-1,40025
58,301,-1,40130
59,301,1.078125,40260
59,302,-1,40330
59,303,-1,40360
59,304,-1,40410
59,305,-1,40530
59,306,-1,40705
59,307,-1,40805
59,308,-1,40860
59,309,-1,40905
59,310,-1,41065
59,311,-1,41145
59,312,-1,41250
59,313,-1,41315
59,314,-1,41435
59,315,-1,41605
59,316,-1,41655
59,317,-1,41790
59,318,-1,41890
59,319,-1,41975
59,320,-1,42060
59,321,-1,42255
59,322,-1,42340
59,323,-1,42465
59,324,-1,42525
59,325,-1,42665
60,325,1.073529,42805
61,325,1.045662,43025
61,326,-1,43125
61,327,-1,43290
61,328,-1,43380
61,329,-1,43500
61,330,-1,43605
61,331,-1,43670
62,331,1.052083,43865
63,331,1.074627,44000
63,332,-1,44120
63,333,-1,44185
63,334,-1,44310
64,334,1.05618,44490
64,335,-1,44575
64,336,-1,44705
64,337,-1,44840
64,338,-1,44960
64,339,-1,45145
64,340,-1,45270
65,340,1.067568,45420
65,341,-1,45480
65,342,-1,45525
65,343,-1,45605
65,344,-1,45730
66,344,1.048077,45940
66,345,-1,46145
66,346,-1,46365
66,347,-1,46425
66,348,-1,46495
66,349,-1,46575
66,350,-1,46675
66,351,-1,46795
66,352,-1,46900
66,353,-1,46995
67,353,1.0625,47155
67,354,-1,47350
67,355,-1,47420
67,356,-1,47605
67,357,-1,47710
68,357,1.042553,47945
68,358,-1,48020
68,359,-1,48090
68,360,-1,48175
68,361,-1,48285
68,362,-1,48385
68,363,-1,48480
68,364,-1,48715
68,365,-1,48835
68,366,-1,48930
69,366,1.071429,49070
69,367,-1,49165
69,368,-1,49220
69,369,-1,49365
69,370,-1,49410
69,371,-1,49455
69,372,-1,49490
69,373,-1,49590
69,374,-1,49745
69,375,-1,49810
69,376,-1,49870
69,377,-1,49925
69,378,-1,50005
69,379,-1,50130
69,380,-1,50205
69,381,-1,50325
69,382,-1,50460
69,383,-1,50525
70,383,1.067114,50675
70,384,-1,50810
70,385,-1,51000
70,386,-1,51095
70,387,-1,51230
70,388,-1,51295
70,389,-1,51420
71,389,1.052356,51615
71,390,-1,51785
71,391,-1,51900
71,392,-1,52045
71,393,-1,52085
71,394,-1,52140
71,395,-1,52255
71,396,-1,52310
71,397,-1,52420
71,398,-1,52560
72,398,1.038911,52820
72,399,-1,52920
72,400,-1,53010
72,401,-1,53070
73,401,1.072993,53210
73,402,-1,53355
73,403,-1,53455
73,404,-1,53650
73,405,-1,53740
74,405,1.089286,53855
74,406,-1,53925
74,407,-1,54070
74,408,-1,54125
74,409,-1,54260
74,410,-1,54350
74,411,-1,54475
74,412,-1,54610
74,413,-1,54680
74,414,-1,54725
74,415,-1,54820
74,416,-1,54910
75,416,1.054054,55095
75,417,-1,55145
75,418,-1,55235
75,419,-1,55340
75,420,-1,55480
75,421,-1,55550
75,422,-1,55610
75,423,-1,55675
75,424,-1,55735
76,424,1.060241,55905
76,425,-1,55965
76,426,-1,56030
76,427,-1,56085
77,427,1.062893,56245
77,428,-1,56305
77,429,-1,56395
78,429,1.061728,56560
78,430,-1,56710
79,430,1.062893,56870
79,431,-1,56985
79,432,-1,57090
79,433,-1,57160
79,434,-1,57330
79,435,-1,57395
79,436,-1,57475
79,437,-1,57540
79,438,-1,57690
79,439,-1,57860
79,440,-1,57935
79,441,-1,58030
79,442,-1,58110
79,443,-1,58245
79,444,-1,58390
79,445,-1,58455
79,446,-1,58525
79,447,-1,58575
79,448,-1,58780
79,449,-1,58825
79,450,-1,58880
79,451,-1,58940
79,452,-1,59040
79,453,-1,59280
79,454,-1,59360
79,455,-1,59540
79,456,-1,59610
79,457,-1,59680
79,458,-1,59775
79,459,-1,59865
79,460,-1,60020
79,461,-1,60120
80,461,1.05102,60320
80,462,-1,60420
80,463,-1,60465
80,464,-1,60500
80,465,-1,60555
80,466,-1,60595
80,467,-1,60690
80,468,-1,60740
81,468,1.088496,60855
81,469,-1,60970
81,470,-1,61070
82,470,1.057471,61245
82,471,-1,61335
82,472,-1,61575
82,473,-1,61650
82,474,-1,61735
82,475,-1,61805
82,476,-1,61875
82,477,-1,61925
82,478,-1,62005
83,478,1.106383,62100
84,478,1.062893,62260
84,479,-1,62300
84,480,-1,62370
84,481,-1,62435
84,482,-1,62480
84,483,-1,62605
84,484,-1,62660
84,485,-1,62710
84,486,-1,62775
84,487,-1,62825
84,488,-1,62870
85,488,1.060606,63035
85,489,-1,63155
85,490,-1,63220
85,491,-1,63345
85,492,-1,63385
85,493,-1,63465
85,494,-1,63525
85,495,-1,63580
85,496,-1,63660
85,497,-1,63765
85,498,-1,63905
85,499,-1,64025
86,499,1.090909,64135
86,500,-1,64250
87,500,1.076336,64385
88,500,1.062112,64550
88,501,-1,64670
88,502,-1,64850
88,503,-1,64915
89,503,1.072464,65055
89,504,-1,65130
89,505,-1,65230
89,506,-1,65300
90,506,1.061728,65465
90,507,-1,65545
90,508,-1,65575
91,508,1.092593,65685
91,509,-1,65740
91,510,-1,65795
91,511,-1,65845
92,511,1.092593,65955
92,512,-1,66005
92,513,-1,66150
92,514,-1,66235
92,515,-1,66450
92,516,-1,66485
92,517,-1,66555
92,518,-1,66660
92,519,-1,66765
92,520,-1,66845
93,520,1.044248,67075
93,521,-1,67185
93,522,-1,67235
93,523,-1,67315
93,524,-1,67370
93,525,-1,67540
94,525,1.065359,67695
94,526,-1,67765
94,527,-1,67900
94,528,-1,67980
94,529,-1,68165
94,530,-1,68290
94,531,-1,68380
94,532,-1,68505
94,533,-1,68650
94,534,-1,68690
94,535,-1,68750
94,536,-1,68820
94,537,-1,68895
95,537,1.053192,69085
95,538,-1,69235
95,539,-1,69290
95,540,-1,69395
95,541,-1,69450
95,542,-1,69495
95,543,-1,69565
96,543,1.042373,69805
96,544,-1,69980
96,545,-1,70030
96,546,-1,70150
96,547,-1,70210
96,548,-1,70325
96,549,-1,70385
97,549,1.064516,70540
97,550,-1,70605
97,551,-1,70710
97,552,-1,70790
97,553,-1,70860
97,554,-1,70920
97,555,-1,70995
97,556,-1,71045
97,557,-1,71095
97,558,-1,71175
97,559,-1,71295
97,560,-1,71420
97,561,-1,71460
97,562,-1,71515
97,563,-1,71595
98,563,1.049751,71800
98,564,-1,71880
98,565,-1,71965
98,566,-1,72040
98,567,-1,72145
98,568,-1,72195
98,569,-1,72290
98,570,-1,72435
98,571,-1,72515
98,572,-1,72600
98,573,-1,72680
98,574,-1,72740
98,575,-1,72785
98,576,-1,72960
98,577,-1,73005
98,578,-1,73050
99,578,1.05618,73230
99,579,-1,73480
99,580,-1,73560
99,581,-1,73645
99,582,-1,73745
99,583,-1,73800
99,584,-1,73910
99,585,-1,73965
100,585,1.067568,74115
100,586,-1,74295
100,587,-1,74430
100,588,-1,74480
100,589,-1,74555
100,590,-1,74605
100,591,-1,74720
100,592,-1,74805
100,593,-1,74945
100,594,-1,75055
100,595,-1,75100
100,596,-1,75190
100,597,-1,75250
100,598,-1,75330
100,599,-1,75460
100,600,-1,75525
100,601,-1,75705
100,602,-1,75815
100,603,-1,75875
100,604,-1,75945
101,604,1.05848,76120
101,605,-1,76210
101,606,-1,76275
101,607,-1,76355
101,608,-1,76435
101,609,-1,76620
101,610,-1,76670
101,611,-1,76730
102,611,1.086207,76850
102,612,-1,76930
103,612,1.054645,77115
103,613,-1,77210
103,614,-1,77315
104,614,1.060976,77480
104,615,-1,77555
105,615,1.088496,77670
105,616,-1,77725
105,617,-1,77775
105,618,-1,77845
105,619,-1,77945
105,620,-1,77985
105,621,-1,78115
106,621,1.077519,78245
106,622,-1,78315
107,622,1.060606,78480
107,623,-1,78570
107,624,-1,78650
107,625,-1,78735
107,626,-1,78825
107,627,-1,78885
107,628,-1,79010
107,629,-1,79055
107,630,-1,79135
107,631,-1,79330
107,632,-1,79465
107,633,-1,79515
107,634,-1,79595
107,635,-1,79650
107,636,-1,79805
107,637,-1,79840
107,638,-1,79885
107,639,-1,79935
107,640,-1,80005
107,641,-1,80145
107,642,-1,80195
107,643,-1,80250
107,644,-1,80385
107,645,-1,80445
107,646,-1,80490
108,646,1.043668,80720
108,647,-1,80845
108,648,-1,80885
109,648,1.060606,81050
109,649,-1,81150
109,650,-1,81195
109,651,-1,81240
109,652,-1,81320
109,653,-1,81425
109,654,-1,81470
109,655,-1,81535
109,656,-1,81645
109,657,-1,81700
109,658,-1,81765
109,659,-1,81835
109,660,-1,81985
110,660,1.075758,82120
110,661,-1,82180
110,662,-1,82255
110,663,-1,82310
110,664,-1,82365
111,664,1.058824,82535
111,665,-1,82610
111,666,-1,82755
111,667,-1,82855
112,667,1.075758,82990
112,668,-1,83095
112,669,-1,83155
112,670,-1,83230
112,671,-1,83280
112,672,-1,83350
112,673,-1,83410
112,674,-1,83475
113,674,1.060976,83640
113,675,-1,83755
113,676,-1,83830
113,677,-1,83960
113,678,-1,84030
113,679,-1,84100
114,679,1.08,84225
114,680,-1,84315
115,680,1.064103,84475
115,681,-1,84530
115,682,-1,84570
115,683,-1,84660
115,684,-1,84775
115,685,-1,84895
115,686,-1,85040
115,687,-1,85095
115,688,-1,85180
115,689,-1,85325
115,690,-1,85430
115,691,-1,85535
115,692,-1,85605
115,693,-1,85650
115,694,-1,85735
115,695,-1,85825
115,696,-1,85915
115,697,-1,86040
115,698,-1,86145
115,699,-1,86275
115,700,-1,86340
116,700,1.063291,86500
116,701,-1,86590
116,702,-1,86720
116,703,-1,86765
117,703,1.073529,86905
118,703,1.075758,87040
118,704,-1,87120
118,705,-1,87170
118,706,-1,87265
118,707,-1,87335
118,708,-1,87400
118,709,-1,87445
118,710,-1,87520
118,711,-1,87600
119,711,1.080645,87725
120,711,1.092593,87835
120,712,-1,88065
120,713,-1,88120
120,714,-1,88180
120,715,-1,88270
120,716,-1,88370
120,717,-1,88420
120,718,-1,88560
120,719,-1,88600
120,720,-1,88645
121,720,1.037736,88910
122,720,1.045872,89130
122,721,-1,89225
122,722,-1,89280
122,723,-1,89340
122,724,-1,89415
123,724,1.037313,89685
123,725,-1,89800
123,726,-1,89880
123,727,-1,89940
123,728,-1,90020
123,729,-1,90070
123,730,-1,90125
123,731,-1,90170
123,732,-1,90290
123,733,-1,90340
123,734,-1,90390
123,735,-1,90440
123,736,-1,90505
123,737,-1,90550
123,738,-1,90670
123,739,-1,90710
123,740,-1,90840
123,741,-1,91055
123,742,-1,91110
123,743,-1,91160
124,743,1.06993,91305
125,743,1.060606,91470
125,744,-1,91575
126,744,1.062112,91740
126,745,-1,91800
126,746,-1,91860
126,747,-1,91920
126,748,-1,92065
126,749,-1,92160
126,750,-1,92200
126,751,-1,92290
126,752,-1,92460
126,753,-1,92510
126,754,-1,92630
126,755,-1,92715
127,755,1.056818,92895
127,756,-1,92945
127,757,-1,93040
127,758,-1,93120
127,759,-1,93160
127,760,-1,93220
127,761,-1,93300
127,762,-1,93470
127,763,-1,93600
127,764,-1,93710
127,765,-1,93810
127,766,-1,93895
127,767,-1,93955
127,768,-1,94025
127,769,-1,94100
127,770,-1,94190
127,771,-1,94295
127,772,-1,94355
127,773,-1,94515
128,773,1.04878,94720
129,773,1.064103,94880
129,774,-1,94930
129,775,-1,95000
129,776,-1,95090
129,777,-1,95140
129,778,-1,95205
129,779,-1,95265
129,780,-1,95305
129,781,-1,95380
129,782,-1,95445
129,783,-1,95485
129,784,-1,95560
129,785,-1,95605
129,786,-1,95655
129,787,-1,95720
129,788,-1,95760
129,789,-1,95875
130,789,1.066667,96025
130,790,-1,96065
130,791,-1,96165
130,792,-1,96260
130,793,-1,96320
130,794,-1,96400
130,795,-1,96505
130,796,-1,96570
130,797,-1,96625
130,798,-1,96745
131,798,1.039216,97000
131,799,-1,97165
132,799,1.073529,97305
132,800,-1,97370
132,801,-1,97420
132,802,-1,97510
132,803,-1,97555
132,804,-1,97655
132,805,-1,97800
132,806,-1,97855
132,807,-1,97970
132,808,-1,98065
132,809,-1,98115
132,810,-1,98170
132,811,-1,98225
132,812,-1,98310
132,813,-1,98385
132,814,-1,98475
133,814,1.072993,98615
133,815,-1,98675
133,816,-1,98805
134,816,1.068027,98955
134,817,-1,99030
134,818,-1,99085
134,819,-1,99140
134,820,-1,99240
134,821,-1,99300
134,822,-1,99330
134,823,-1,99395
134,824,-1,99450
134,825,-1,99520
134,826,-1,99585
134,827,-1,99630
134,828,-1,99705
134,829,-1,99785
134,830,-1,99945
135,830,1.055556,100125
135,831,-1,100175
135,832,-1,100255
135,833,-1,100350
136,833,1.060976,100515
136,834,-1,100580
136,835,-1,100665
136,836,-1,100745
137,836,1.053763,100935
137,837,-1,101020
137,838,-1,101090
137,839,-1,101210
137,840,-1,101305
137,841,-1,101390
137,842,-1,101500
137,843,-1,101575
137,844,-1,101620
137,845,-1,101715
137,846,-1,101835
137,847,-1,101915
137,848,-1,102005
137,849,-1,102060
137,850,-1,102200
137,851,-1,102325
137,852,-1,102480
137,853,-1,102540
137,854,-1,102625
137,855,-1,102675
137,856,-1,102720
137,857,-1,102785
137,858,-1,102865
137,859,-1,103025
137,860,-1,103250
138,860,1.045872,103470
138,861,-1,103530
138,862,-1,103655
138,863,-1,103710
138,864,-1,103770
138,865,-1,103870
139,865,1.087719,103985
139,866,-1,104035
139,867,-1,104115
139,868,-1,104240
139,869,-1,104330
139,870,-1,104375
140,870,1.07874,104505
140,871,-1,104570
141,871,1.047393,104785
141,872,-1,104870
141,873,-1,104980
141,874,-1,105080
141,875,-1,105145
141,876,-1,105205
141,877,-1,105335
141,878,-1,105380
141,879,-1,105425
141,880,-1,105630
141,881,-1,105750
141,882,-1,105800
141,883,-1,105895
141,884,-1,105940
141,885,-1,106065
141,886,-1,106135
141,887,-1,106275
141,888,-1,106365
141,889,-1,106470
141,890,-1,106620
141,891,-1,106665
141,892,-1,106730
141,893,-1,106825
141,894,-1,106965
141,895,-1,107005
141,896,-1,107150
141,897,-1,107190
141,898,-1,107285
142,898,1.056818,107465
142,899,-1,107570
142,900,-1,107655
142,901,-1,107685
143,901,1.049751,107890
144,901,1.072993,108030
144,902,-1,108125
144,903,-1,108170
144,904,-1,108265
144,905,-1,108350
144,906,-1,108415
144,907,-1,108520
144,908,-1,108610
144,909,-1,108660
144,910,-1,108755
144,911,-1,108805
144,912,-1,108895
144,913,-1,108965
144,914,-1,109165
144,915,-1,109275
144,916,-1,109405
144,917,-1,109465
144,918,-1,109520
144,919,-1,109630
144,920,-1,109690
144,921,-1,109805
144,922,-1,109855
144,923,-1,109890
144,924,-1,109950
144,925,-1,110050
145,925,1.067114,110200
146,925,1.06993,110345
146,926,-1,110400
146,927,-1,110465
147,927,1.072993,110605
147,928,-1,110670
147,929,-1,110755
147,930,-1,110800
147,931,-1,110850
147,932,-1,110910
147,933,-1,110965
148,933,1.046729,111180
148,934,-1,111235
148,935,-1,111315
148,936,-1,111375
148,937,-1,111425
148,938,-1,111520
148,939,-1,111585
148,940,-1,111650
149,940,1.06135,111815
150,940,1.083333,111935
150,941,-1,112070
150,942,-1,112130
150,943,-1,112260
151,943,1.08547,112380
152,943,1.065789,112535
152,944,-1,112590
152,945,-1,112645
152,946,-1,112695
152,947,-1,112795
153,947,1.066225,112950
153,948,-1,113090
153,949,-1,113140
153,950,-1,113185
153,951,-1,113265
153,952,-1,113400
153,953,-1,113475
153,954,-1,113530
153,955,-1,113640
154,955,1.080645,113765
154,956,-1,113820
154,957,-1,113900
154,958,-1,113995
154,959,-1,114055
154,960,-1,114135
154,961,-1,114210
154,962,-1,114255
154,963,-1,114305
154,964,-1,114410
155,964,1.10101,114510
155,965,-1,114635
155,966,-1,114715
155,967,-1,114830
155,968,-1,114885
155,969,-1,114955
155,970,-1,115010
155,971,-1,115090
155,972,-1,115215
155,973,-1,115370
155,974,-1,115420
155,975,-1,115510
156,975,1.057143,115685
156,976,-1,115765
156,977,-1,115890
156,978,-1,116025
156,979,-1,116110
156,980,-1,116175
156,981,-1,116275
156,982,-1,116320
156,983,-1,116370
156,984,-1,116425
156,985,-1,116510
156,986,-1,116620
156,987,-1,116700
156,988,-1,116765
156,989,-1,116895
156,990,-1,116940
157,990,1.096154,117045
157,991,-1,117095
157,992,-1,117145
158,992,1.084034,117265
158,993,-1,117325
158,994,-1,117425
158,995,-1,117490
158,996,-1,117540
158,997,-1,117605
158,998,-1,117665
158,999,-1,117720
158,1000,-1,117765
158,1001,-1,117805
158,1002,-1,117880
158,1003,-1,117935
158,1004,-1,118030
158,1005,-1,118075
158,1006,-1,118180
158,1007,-1,118235
158,1008,-1,118340
158,1009,-1,118440
158,1010,-1,118515
159,1010,1.058824,118685
159,1011,-1,118735
159,1012,-1,118860
159,1013,-1,118900
160,1013,1.0625,119060
160,1014,-1,119205
160,1015,-1,119290
160,1016,-1,119355
160,1017,-1,119485
160,1018,-1,119580
160,1019,-1,119625
160,1020,-1,119700
160,1021,-1,119745
160,1022,-1,119835
160,1023,-1,119935
160,1024,-1,120025
160,1025,-1,120175
160,1026,-1,120240
160,1027,-1,120295
160,1028,-1,120345
161,1028,1.093458,120455
161,1029,-1,120505
161,1030,-1,120545
161,1031,-1,120645
161,1032,-1,120715
161,1033,-1,120790
162,1033,1.076336,120925
162,1034,-1,121045
162,1035,-1,121105
162,1036,-1,121150
162,1037,-1,121240
162,1038,-1,121315
162,1039,-1,121370
162,1040,-1,121415
162,1041,-1,121545
162,1042,-1,121660
162,1043,-1,121725
162,1044,-1,121790
162,1045,-1,121820
162,1046,-1,121895
162,1047,-1,121985
162,1048,-1,122035
162,1049,-1,122095
162,1050,-1,122180
162,1051,-1,122225
162,1052,-1,122340
162,1053,-1,122375
162,1054,-1,122475
162,1055,-1,122550
162,1056,-1,122620
163,1056,1.054645,122805
163,1057,-1,122875
163,1058,-1,122960
163,1059,-1,123005
163,1060,-1,123085
163,1061,-1,123135
163,1062,-1,123170
163,1063,-1,123235
163,1064,-1,123310
163,1065,-1,123370
163,1066,-1,123510
164,1066,1.09901,123615
164,1067,-1,123665
164,1068,-1,123785
164,1069,-1,123865
164,1070,-1,123910
164,1071,-1,123980
164,1072,-1,124015
164,1073,-1,124080
164,1074,-1,124130
165,1074,1.07874,124260
165,1075,-1,124325
165,1076,-1,124375
166,1076,1.064935,124530
166,1077,-1,124610
166,1078,-1,124720
166,1079,-1,124765
166,1080,-1,124815
166,1081,-1,124915
166,1082,-1,125030
166,1083,-1,125110
166,1084,-1,125150
166,1085,-1,125215
166,1086,-1,125320
166,1087,-1,125365
166,1088,-1,125425
166,1089,-1,125500
166,1090,-1,125590
166,1091,-1,125705
166,1092,-1,125770
166,1093,-1,125835
166,1094,-1,125920
166,1095,-1,125985
166,1096,-1,126150
167,1096,1.077519,126280
167,1097,-1,126335
167,1098,-1,126425
167,1099,-1,126560
167,1100,-1,126655
167,1101,-1,126705
168,1101,1.048309,126915
168,1102,-1,127035
168,1103,-1,127090
168,1104,-1,127230
168,1105,-1,127310
168,1106,-1,127370
168,1107,-1,127495
168,1108,-1,127585
168,1109,-1,127760
168,1110,-1,127820
169,1110,1.081967,127945
169,1111,-1,127985
169,1112,-1,128095
169,1113,-1,128175
169,1114,-1,128240
169,1115,-1,128340
169,1116,-1,128410
169,1117,-1,128460
169,1118,-1,128540
170,1118,1.097087,128645
171,1118,1.078125,128775
171,1119,-1,128840
171,1120,-1,128960
171,1121,-1,129010
171,1122,-1,129065
171,1123,-1,129110
171,1124,-1,129220
171,1125,-1,129320
171,1126,-1,129405
171,1127,-1,129490
171,1128,-1,129560
171,1129,-1,129625
171,1130,-1,129700
171,1131,-1,129765
171,1132,-1,129885
171,1133,-1,130015
172,1133,1.056497,130195
172,1134,-1,130250
172,1135,-1,130310
172,1136,-1,130410
172,1137,-1,130505
172,1138,-1,130540
172,1139,-1,130600
172,1140,-1,130660
173,1140,1.05,130860
173,1141,-1,130915
173,1142,-1,130990
173,1143,-1,131060
173,1144,-1,131160
173,1145,-1,131240
173,1146,-1,131295
173,1147,-1,131395
173,1148,-1,131480
173,1149,-1,131550
173,1150,-1,131620
173,1151,-1,131810
173,1152,-1,131895
174,1152,1.061728,132060
174,1153,-1,132125
174,1154,-1,132190
174,1155,-1,132250
174,1156,-1,132310
174,1157,-1,132370
174,1158,-1,132480
174,1159,-1,132515
174,1160,-1,132565
174,1161,-1,132675
174,1162,-1,132785
174,1163,-1,132850
175,1163,1.073529,132990
175,1164,-1,133055
175,1165,-1,133095
175,1166,-1,133160
175,1167,-1,133215
175,1168,-1,133275
175,1169,-1,133420
175,1170,-1,133535
175,1171,-1,133645
175,1172,-1,133745
175,1173,-1,134015
175,1174,-1,134070
175,1175,-1,134105
175,1176,-1,134160
175,1177,-1,134290
175,1178,-1,134375
175,1179,-1,134425
175,1180,-1,134515
175,1181,-1,134605
176,1181,1.06993,134750
176,1182,-1,134815
176,1183,-1,134920
176,1184,-1,134975
176,1185,-1,135025
176,1186,-1,135080
176,1187,-1,135160
176,1188,-1,135225
176,1189,-1,135285
176,1190,-1,135340
176,1191,-1,135395
176,1192,-1,135440
176,1193,-1,135490
176,1194,-1,135540
176,1195,-1,135595
177,1195,1.068493,135745
177,1196,-1,135815
177,1197,-1,135870
177,1198,-1,135925
177,1199,-1,136025
178,1199,1.061728,136190
178,1200,-1,136265
178,1201,-1,136330
178,1202,-1,136385
178,1203,-1,136445
178,1204,-1,136560
178,1205,-1,136615
178,1206,-1,136675
178,1207,-1,136800
178,1208,-1,136860
178,1209,-1,136960
178,1210,-1,137020
178,1211,-1,137125
178,1212,-1,137165
178,1213,-1,137275
178,1214,-1,137340
178,1215,-1,137475
179,1215,1.104167,137575
179,1216,-1,137635
179,1217,-1,137690
179,1218,-1,137730
179,1219,-1,137775
179,1220,-1,137815
179,1221,-1,137900
179,1222,-1,137950
179,1223,-1,138010
180,1223,1.059172,138180
180,1224,-1,138245
180,1225,-1,138340
180,1226,-1,138395
180,1227,-1,138495
181,1227,1.056818,138675
181,1228,-1,138715
181,1229,-1,138800
181,1230,-1,138845
181,1231,-1,138890
181,1232,-1,138960
182,1232,1.073529,139100
183,1232,1.074627,139235
183,1233,-1,139335
183,1234,-1,139425
183,1235,-1,139475
183,1236,-1,139560
183,1237,-1,139670
184,1237,1.083333,139790
184,1238,-1,139960
184,1239,-1,140040
184,1240,-1,140125
184,1241,-1,140220
184,1242,-1,140280
184,1243,-1,140340
184,1244,-1,140400
184,1245,-1,140525
184,1246,-1,140590
184,1247,-1,140650
184,1248,-1,140725
185,1248,1.09009,140840
185,1249,-1,140890
185,1250,-1,140965
185,1251,-1,141080
186,1251,1.053476,141270
186,1252,-1,141345
186,1253,-1,141380
186,1254,-1,141425
186,1255,-1,141465
186,1256,-1,141530
186,1257,-1,141610
186,1258,-1,141655
186,1259,-1,141710
186,1260,-1,141745
186,1261,-1,141805
186,1262,-1,141865
186,1263,-1,141920
186,1264,-1,141975
186,1265,-1,142105
186,1266,-1,142185
186,1267,-1,142310
186,1268,-1,142380
186,1269,-1,142435
186,1270,-1,142525
186,1271,-1,142595
186,1272,-1,142715
186,1273,-1,142835
186,1274,-1,142935
186,1275,-1,143170
187,1275,1.089286,143285
187,1276,-1,143330
187,1277,-1,143415
187,1278,-1,143470
187,1279,-1,143535
187,1280,-1,143650
187,1281,-1,143750
187,1282,-1,143820
187,1283,-1,143880
187,1284,-1,143985
187,1285,-1,144075
187,1286,-1,144170
187,1287,-1,144250
187,1288,-1,144320
187,1289,-1,144410
187,1290,-1,144445
187,1291,-1,144510
187,1292,-1,144560
187,1293,-1,144630
187,1294,-1,144670
187,1295,-1,144885
187,1296,-1,144965
187,1297,-1,145075
187,1298,-1,145130
187,1299,-1,145240
187,1300,-1,145300
187,1301,-1,145350
187,1302,-1,145485
187,1303,-1,145565
188,1303,1.070922,145710
188,1304,-1,145750
188,1305,-1,145830
188,1306,-1,145895
188,1307,-1,146040
189,1307,1.05618,146220
189,1308,-1,146285
189,1309,-1,146370
190,1309,1.096154,146475
190,1310,-1,146545
190,1311,-1,146610
190,1312,-1,146660
190,1313,-1,146700
190,1314,-1,146760
190,1315,-1,146815
190,1316,-1,146870
190,1317,-1,146910
190,1318,-1,147050
190,1319,-1,147105
190,1320,-1,147170
190,1321,-1,147265
190,1322,-1,147305
190,1323,-1,147365
191,1323,1.067568,147515
191,1324,-1,147580
191,1325,-1,147630
191,1326,-1,147685
191,1327,-1,147745
191,1328,-1,147800
191,1329,-1,147865
191,1330,-1,147930
191,1331,-1,147995
191,1332,-1,148055
192,1332,1.068027,148205
192,1333,-1,148305
193,1333,1.104167,148405
193,1334,-1,148500
193,1335,-1,148550
194,1335,1.074627,148685
194,1336,-1,148730
194,1337,-1,148845
194,1338,-1,148945
195,1338,1.046948,149160
195,1339,-1,149210
195,1340,-1,149295
195,1341,-1,149405
195,1342,-1,149540
196,1342,1.081967,149665
196,1343,-1,149745
196,1344,-1,149825
197,1344,1.089286,149940
197,1345,-1,149990
198,1345,1.080645,150115
198,1346,-1,150200
198,1347,-1,150305
199,1347,1.071942,150445
199,1348,-1,150490
199,1349,-1,150545
199,1350,-1,150585
199,1351,-1,150655
200,1351,1.068493,150805
201,1351,1.067114,150955
201,1352,-1,151025
201,1353,-1,151090
201,1354,-1,151180
201,1355,-1,151225
201,1356,-1,151375
201,1357,-1,151440
201,1358,-1,151505
202,1358,1.068027,151655
202,1359,-1,151705
203,1359,1.066225,151860
203,1360,-1,151920
203,1361,-1,151980
203,1362,-1,152055
203,1363,-1,152120
203,1364,-1,152175
203,1365,-1,152275
203,1366,-1,152365
203,1367,-1,152420
203,1368,-1,152450
203,1369,-1,152535
203,1370,-1,152635
203,1371,-1,152700
203,1372,-1,152765
203,1373,-1,152870
203,1374,-1,152955
203,1375,-1,153045
203,1376,-1,153110
203,1377,-1,153175
203,1378,-1,153250
203,1379,-1,153340
203,1380,-1,153405
203,1381,-1,153470
203,1382,-1,153540
203,1383,-1,153615
203,1384,-1,153660
203,1385,-1,153725
203,1386,-1,153775
203,1387,-1,153835
203,1388,-1,153900
203,1389,-1,154000
203,1390,-1,154045
204,1390,1.068493,154195
204,1391,-1,154255
204,1392,-1,154295
204,1393,-1,154375
205,1393,1.068966,154520
205,1394,-1,154585
205,1395,-1,154625
205,1396,-1,154670
205,1397,-1,154725
205,1398,-1,154775
205,1399,-1,154865
206,1399,1.084746,154985
206,1400,-1,155055
206,1401,-1,155105
206,1402,-1,155220
206,1403,-1,155365
206,1404,-1,155475
206,1405,-1,155565
206,1406,-1,155595
206,1407,-1,155715
206,1408,-1,155775
206,1409,-1,155840
206,1410,-1,155910
207,1410,1.064103,156070
207,1411,-1,156120
207,1412,-1,156170
207,1413,-1,156215
207,1414,-1,156355
207,1415,-1,156450
207,1416,-1,156530
207,1417,-1,156610
207,1418,-1,156670
207,1419,-1,156745
207,1420,-1,156795
207,1421,-1,156855
207,1422,-1,156925
207,1423,-1,157000
207,1424,-1,157050
207,1425,-1,157110
208,1425,1.09901,157215
208,1426,-1,157290
208,1427,-1,157405
209,1427,1.079365,157535
210,1427,1.03413,157830
210,1428,-1,157945
210,1429,-1,158025
210,1430,-1,158115
211,1430,1.068493,158265
211,1431,-1,158345
211,1432,-1,158420
211,1433,-1,158490
211,1434,-1,158540
211,1435,-1,158590
211,1436,-1,158705
211,1437,-1,158775
211,1438,-1,158900
211,1439,-1,158955
211,1440,-1,158990
211,1441,-1,159040
212,1441,1.084034,159160
212,1442,-1,159210
212,1443,-1,159305
212,1444,-1,159345
212,1445,-1,159420
212,1446,-1,159500
212,1447,-1,159545
212,1448,-1,159690
212,1449,-1,159755
212,1450,-1,159785
212,1451,-1,159905
212,1452,-1,160015
212,1453,-1,160100
212,1454,-1,160200
213,1454,1.08547,160320
213,1455,-1,160405
213,1456,-1,160460
213,1457,-1,160505
213,1458,-1,160590
213,1459,-1,160650
213,1460,-1,160685
213,1461,-1,160750
214,1461,1.090909,160860
214,1462,-1,160970
215,1462,1.064935,161125
216,1462,1.074627,161260
216,1463,-1,161320
216,1464,-1,161415
216,1465,-1,161470
216,1466,-1,161565
216,1467,-1,161695
217,1467,1.050251,161895
217,1468,-1,161980
217,1469,-1,162055
217,1470,-1,162265
217,1471,-1,162345
217,1472,-1,162400
217,1473,-1,162515
217,1474,-1,162580
217,1475,-1,162650
218,1475,1.062112,162815
218,1476,-1,162850
218,1477,-1,162905
218,1478,-1,162955
218,1479,-1,163025
218,1480,-1,163100
218,1481,-1,163165
218,1482,-1,163265
218,1483,-1,163320
218,1484,-1,163425
218,1485,-1,163525
218,1486,-1,163600
218,1487,-1,163670
218,1488,-1,163825
218,1489,-1,163880
218,1490,-1,163945
218,1491,-1,164020
218,1492,-1,164095
218,1493,-1,164195
219,1493,1.057471,164370
220,1493,1.060606,164535
220,1494,-1,164575
221,1494,1.060606,164740
221,1495,-1,164800
221,1496,-1,164845
221,1497,-1,164965
221,1498,-1,165025
221,1499,-1,165075
221,1500,-1,165200
221,1501,-1,165310
221,1502,-1,165370
221,1503,-1,165445
222,1503,1.072993,165585
222,1504,-1,165635
222,1505,-1,165715
223,1505,1.075188,165850
223,1506,-1,165950
223,1507,-1,166020
223,1508,-1,166195
223,1509,-1,166315
224,1509,1.083333,166435
224,1510,-1,166490
224,1511,-1,166590
224,1512,-1,166645
224,1513,-1,166740
224,1514,-1,166800
225,1514,1.073529,166940
225,1515,-1,166975
225,1516,-1,167015
225,1517,-1,167070
226,1517,1.084746,167190
226,1518,-1,167300
226,1519,-1,167370
227,1519,1.046729,167585
227,1520,-1,167645
227,1521,-1,167795
227,1522,-1,167950
227,1523,-1,168015
228,1523,1.083333,168135
228,1524,-1,168305
228,1525,-1,168430
229,1525,1.091743,168540
229,1526,-1,168635
229,1527,-1,168700
230,1527,1.054348,168885
230,1528,-1,168975
230,1529,-1,169020
231,1529,1.08,169145
231,1530,-1,169215
231,1531,-1,169340
232,1531,1.063291,169500
233,1531,1.079365,169630
234,1531,1.059172,169800
234,1532,-1,169915
234,1533,-1,170025
234,1534,-1,170100
234,1535,-1,170205
235,1535,1.067114,170355
235,1536,-1,170425
236,1536,1.057804,170600
236,1537,-1,170730
236,1538,-1,170795
236,1539,-1,170845
236,1540,-1,170890
236,1541,-1,170960
236,1542,-1,171015
236,1543,-1,171065
236,1544,-1,171140
237,1544,1.057804,171315
237,1545,-1,171430
238,1545,1.074627,171565
238,1546,-1,171710
238,1547,-1,171840
238,1548,-1,171975
238,1549,-1,172030
239,1549,1.081967,172155
240,1549,1.089286,172270
240,1550,-1,172325
240,1551,-1,172395
240,1552,-1,172450
240,1553,-1,172505
240,1554,-1,172580
240,1555,-1,172625
240,1556,-1,172685
240,1557,-1,172750
240,1558,-1,172825
240,1559,-1,172925
240,1560,-1,172985
240,1561,-1,173055
240,1562,-1,173110
240,1563,-1,173165
240,1564,-1,173220
240,1565,-1,173275
240,1566,-1,173340
241,1566,1.084034,173460
241,1567,-1,173520
241,1568,-1,173625
241,1569,-1,173685
241,1570,-1,173745
241,1571,-1,173850
241,1572,-1,173920
241,1573,-1,174025
241,1574,-1,174085
241,1575,-1,174145
241,1576,-1,174175
241,1577,-1,174245
241,1578,-1,174310
242,1578,1.071429,174450
243,1578,1.08547,174570
243,1579,-1,174660
244,1579,1.08,174785
245,1579,1.068493,174935
245,1580,-1,175040
246,1580,1.068493,175190
247,1580,1.084746,175310
247,1581,-1,175385
247,1582,-1,175425
247,1583,-1,175485
247,1584,-1,175545
247,1585,-1,175710
247,1586,-1,175775
247,1587,-1,175875
247,1588,-1,175985
247,1589,-1,176105
247,1590,-1,176160
247,1591,-1,176215
247,1592,-1,176315
247,1593,-1,176440
247,1594,-1,176500
247,1595,-1,176580
247,1596,-1,176640
247,1597,-1,176735
248,1597,1.064935,176890
248,1598,-1,176975
248,1599,-1,177030
249,1599,1.076336,177165
249,1600,-1,177280
249,1601,-1,177365
249,1602,-1,177405
249,1603,-1,177480
250,1603,1.102041,177580
250,1604,-1,177745
250,1605,-1,177830
250,1606,-1,177875
251,1606,1.081301,178000
251,1607,-1,178095
251,1608,-1,178160
251,1609,-1,178210
251,1610,-1,178260
251,1611,-1,178320
251,1612,-1,178390
251,1613,-1,178465
251,1614,-1,178550
251,1615,-1,178600
251,1616,-1,178680
252,1616,1.081967,178805
252,1617,-1,178840
252,1618,-1,178915
252,1619,-1,179095
252,1620,-1,179155
252,1621,-1,179200
252,1622,-1,179270
252,1623,-1,179355
252,1624,-1,179420
252,1625,-1,179470
252,1626,-1,179550
252,1627,-1,179620
253,1627,1.082645,179745
253,1628,-1,179790
253,1629,-1,179835
254,1629,1.092593,179945
254,1630,-1,180020
255,1630,1.079365,180150
255,1631,-1,180215
255,1632,-1,180280
255,1633,-1,180360
255,1634,-1,180425
255,1635,-1,180485
255,1636,-1,180615
255,1637,-1,180740
256,1637,1.076336,180875
256,1638,-1,180955
256,1639,-1,181030
256,1640,-1,181110
256,1641,-1,181160
256,1642,-1,181225
256,1643,-1,181350
256,1644,-1,181415
257,1644,1.081967,181540
257,1645,-1,181590
257,1646,-1,181680
257,1647,-1,181760
258,1647,1.076923,181890
258,1648,-1,181955
259,1648,1.068027,182105
260,1648,1.050251,182305
260,1649,-1,182385
260,1650,-1,182480
261,1650,1.070423,182625
261,1651,-1,182725
261,1652,-1,182805
261,1653,-1,183010
261,1654,-1,183085
261,1655,-1,183175
261,1656,-1,183250
262,1656,1.062112,183415
262,1657,-1,183465
263,1657,1.06135,183630
264,1657,1.06993,183775
264,1658,-1,183835
264,1659,-1,183935
264,1660,-1,184070
265,1660,1.071942,184210
265,1661,-1,184260
265,1662,-1,184340
266,1662,1.05291,184530
266,1663,-1,184585
266,1664,-1,184630
267,1664,1.062893,184790
267,1665,-1,184865
268,1665,1.054348,185050
268,1666,-1,185115
268,1667,-1,185215
269,1667,1.087719,185330
270,1667,1.06135,185495
270,1668,-1,185555
270,1669,-1,185640
270,1670,-1,185695
271,1670,1.068493,185845
271,1671,-1,185910
271,1672,-1,185985
272,1672,1.083333,186105
272,1673,-1,186295
272,1674,-1,186390
272,1675,-1,186455
272,1676,-1,186555
272,1677,-1,186610
272,1678,-1,186725
272,1679,-1,186790
273,1679,1.075188,186925
273,1680,-1,187015
274,1680,1.061728,187180
274,1681,-1,187300
274,1682,-1,187405
274,1683,-1,187470
274,1684,-1,187555
275,1684,1.060606,187720
275,1685,-1,187830
275,1686,-1,187890
276,1686,1.068027,188040
276,1687,-1,188100
276,1688,-1,188160
276,1689,-1,188255
276,1690,-1,188340
276,1691,-1,188410
276,1692,-1,188465
277,1692,1.09434,188575
277,1693,-1,188625
277,1694,-1,188695
277,1695,-1,188775
277,1696,-1,188920
277,1697,-1,188970
277,1698,-1,189035
277,1699,-1,189090
277,1700,-1,189170
277,1701,-1,189230
277,1702,-1,189295
277,1703,-1,189355
277,1704,-1,189420
277,1705,-1,189505
277,1706,-1,189625
278,1706,1.056818,189805
278,1707,-1,189885
279,1707,1.087719,190000
279,1708,-1,190055
279,1709,-1,190140
280,1709,1.083333,190260
280,1710,-1,190355
280,1711,-1,190470
280,1712,-1,190570
280,1713,-1,190635
280,1714,-1,190765
280,1715,-1,190850
280,1716,-1,190940
280,1717,-1,191025
280,1718,-1,191100
280,1719,-1,191170
280,1720,-1,191235
280,1721,-1,191415
281,1721,1.062112,191580
281,1722,-1,191655
281,1723,-1,191725
281,1724,-1,191865
281,1725,-1,191980
281,1726,-1,192100
281,1727,-1,192170
281,1728,-1,192285
281,1729,-1,192330
281,1730,-1,192380
281,1731,-1,192445
281,1732,-1,192505
281,1733,-1,192565
281,1734,-1,192605
281,1735,-1,192660
282,1735,1.102041,192760
283,1735,1.053192,192950
283,1736,-1,193075
283,1737,-1,193140
283,1738,-1,193200
283,1739,-1,193240
283,1740,-1,193310
283,1741,-1,193415
283,1742,-1,193510
284,1742,1.072464,193650
284,1743,-1,193740
285,1743,1.086957,193855
285,1744,-1,193940
286,1744,1.060606,194105
286,1745,-1,194200
286,1746,-1,194285
286,1747,-1,194360
287,1747,1.084746,194480
287,1748,-1,194580
288,1748,1.070423,194725
288,1749,-1,194835
288,1750,-1,194940
288,1751,-1,195065
289,1751,1.05988,195235
289,1752,-1,195390
289,1753,-1,195515
289,1754,-1,195550
290,1754,1.088496,195665
290,1755,-1,195700
290,1756,-1,195780
290,1757,-1,195840
290,1758,-1,195910
290,1759,-1,195965
290,1760,-1,196075
290,1761,-1,196145
290,1762,-1,196240
290,1763,-1,196300
290,1764,-1,196550
290,1765,-1,196650
290,1766,-1,196720
291,1766,1.069444,196865
292,1766,1.071942,197005
293,1766,1.060606,197170
293,1767,-1,197210
294,1767,1.068027,197360
294,1768,-1,197470
294,1769,-1,197545
294,1770,-1,197600
294,1771,-1,197680
295,1771,1.08,197805
295,1772,-1,197855
295,1773,-1,197925
295,1774,-1,198030
295,1775,-1,198105
295,1776,-1,198185
295,1777,-1,198240
295,1778,-1,198310
295,1779,-1,198375
295,1780,-1,198505
295,1781,-1,198605
295,1782,-1,198710
296,1782,1.11236,198800
296,1783,-1,198880
296,1784,-1,198940
297,1784,1.063694,199100
297,1785,-1,199170
297,1786,-1,199265
297,1787,-1,199315
298,1787,1.053476,199505
298,1788,-1,199615
298,1789,-1,199670
298,1790,-1,199835
298,1791,-1,199925
299,1791,1.091743,200035
299,1792,-1,200115
299,1793,-1,200175
299,1794,-1,200240
299,1795,-1,200290
299,1796,-1,200375
299,1797,-1,200435
299,1798,-1,200570
299,1799,-1,200640
299,1800,-1,200765
299,1801,-1,200925
299,1802,-1,201045
299,1803,-1,201230
299,1804,-1,201290
300,1804,1.081301,201415
301,1804,1.092593,201525
302,1804,1.092593,201635
302,1805,-1,201705
302,1806,-1,201770
302,1807,-1,201845
302,1808,-1,201885
303,1808,1.045662,202105
303,1809,-1,202145
303,1810,-1,202230
303,1811,-1,202260
303,1812,-1,202320
303,1813,-1,202420
303,1814,-1,202490
303,1815,-1,202590
304,1815,1.044248,202820
305,1815,1.072993,202960
305,1816,-1,203025
305,1817,-1,203160
305,1818,-1,203295
305,1819,-1,203370
306,1819,1.103093,203470
306,1820,-1,203560
306,1821,-1,203645
307,1821,1.072464,203785
307,1822,-1,203890
307,1823,-1,203985
307,1824,-1,204050
307,1825,-1,204100
307,1826,-1,204200
308,1826,1.069444,204345
309,1826,1.08,204470
309,1827,-1,204575
310,1827,1.067114,204725
311,1827,1.063291,204885
311,1828,-1,204960
311,1829,-1,205020
311,1830,-1,205210
311,1831,-1,205280
311,1832,-1,205375
311,1833,-1,205450
311,1834,-1,205490
312,1834,1.05814,205665
312,1835,-1,205735
312,1836,-1,205785
313,1836,1.064935,205940
313,1837,-1,206040
313,1838,-1,206130
313,1839,-1,206195
313,1840,-1,206315
313,1841,-1,206380
313,1842,-1,206465
313,1843,-1,206570
313,1844,-1,206635
313,1845,-1,206670
313,1846,-1,206735
314,1846,1.05848,206910
314,1847,-1,206975
314,1848,-1,207025
314,1849,-1,207125
315,1849,1.072993,207265
316,1849,1.069444,207410
316,1850,-1,207470
317,1850,1.044444,207695
317,1851,-1,207745
318,1851,1.081301,207870
318,1852,-1,207955
318,1853,-1,207990
319,1853,1.044248,208220
319,1854,-1,208290
319,1855,-1,208355
319,1856,-1,208405
319,1857,-1,208475
319,1858,-1,208540
319,1859,-1,208665
319,1860,-1,208715
319,1861,-1,208785
319,1862,-1,208910
319,1863,-1,209000
319,1864,-1,209075
320,1864,1.074074,209210
321,1864,1.082645,209335
322,1864,1.089286,209450
322,1865,-1,209505
322,1866,-1,209565
322,1867,-1,209675
322,1868,-1,209755
322,1869,-1,209825
322,1870,-1,209885
322,1871,-1,209960
322,1872,-1,210045
322,1873,-1,210130
322,1874,-1,210215
322,1875,-1,210320
322,1876,-1,210370
322,1877,-1,210445
323,1877,1.084034,210565
323,1878,-1,210615
323,1879,-1,210695
323,1880,-1,210790
323,1881,-1,210855
323,1882,-1,210925
323,1883,-1,210990
323,1884,-1,211085
323,1885,-1,211150
323,1886,-1,211215
324,1886,1.05618,211395
325,1886,1.104167,211495
325,1887,-1,211690
325,1888,-1,211775
326,1888,1.10101,211875
326,1889,-1,211950
326,1890,-1,212070
326,1891,-1,212200
326,1892,-1,212290
327,1892,1.09901,212395
327,1893,-1,212440
327,1894,-1,212510
327,1895,-1,212595
327,1896,-1,212670
327,1897,-1,212765
327,1898,-1,212825
327,1899,-1,212920
327,1900,-1,212960
327,1901,-1,213075
327,1902,-1,213170
328,1902,1.059172,213340
328,1903,-1,213425
328,1904,-1,213530
328,1905,-1,213630
328,1906,-1,213705
328,1907,-1,213760
328,1908,-1,213805
328,1909,-1,213895
328,1910,-1,213965
329,1910,1.054645,214150
329,1911,-1,214250
329,1912,-1,214355
330,1912,1.054348,214540
330,1913,-1,214630
330,1914,-1,214705
330,1915,-1,214840
330,1916,-1,214905
330,1917,-1,214960
331,1917,1.081967,215085
331,1918,-1,215150
331,1919,-1,215260
331,1920,-1,215310
331,1921,-1,215400
331,1922,-1,215435
331,1923,-1,215485
331,1924,-1,215565
331,1925,-1,215660
331,1926,-1,215735
332,1926,1.063694,215895
332,1927,-1,215975
332,1928,-1,216035
332,1929,-1,216135
332,1930,-1,216195
333,1930,1.072464,216335
334,1930,1.077519,216465
335,1930,1.065789,216620
336,1930,1.09434,216730
336,1931,-1,216800
336,1932,-1,216875
336,1933,-1,216985
336,1934,-1,217050
336,1935,-1,217115
336,1936,-1,217160
336,1937,-1,217225
337,1937,1.097087,217330
337,1938,-1,217380
337,1939,-1,217480
337,1940,-1,217555
338,1940,1.068493,217705
338,1941,-1,217780
338,1942,-1,217890
338,1943,-1,217935
339,1943,1.09009,218050
339,1944,-1,218110
339,1945,-1,218160
340,1945,1.070423,218305
341,1945,1.073529,218445
341,1946,-1,218515
342,1946,1.07874,218645
342,1947,-1,218745
342,1948,-1,218810
343,1948,1.081967,218935
344,1948,1.067568,219085
344,1949,-1,219160
344,1950,-1,219235
344,1951,-1,219290
344,1952,-1,219430
344,1953,-1,219490
345,1953,1.068966,219635
345,1954,-1,219715
346,1954,1.076336,219850
347,1954,1.097087,219955
347,1955,-1,220025
347,1956,-1,220090
347,1957,-1,220285
347,1958,-1,220350
347,1959,-1,220410
347,1960,-1,220535
348,1960,1.05,220735
348,1961,-1,220800
348,1962,-1,220895
348,1963,-1,221035
348,1964,-1,221125
348,1965,-1,221185
348,1966,-1,221230
348,1967,-1,221315
349,1967,1.041322,221560
349,1968,-1,221620
349,1969,-1,221725
350,1969,1.084746,221845
350,1970,-1,221930
350,1971,-1,221990
350,1972,-1,222060
350,1973,-1,222195
350,1974,-1,222310
351,1974,1.089286,222425
351,1975,-1,222470
351,1976,-1,222590
352,1976,1.095238,222695
352,1977,-1,222830
353,1977,1.067114,222980
354,1977,1.06993,223125
354,1978,-1,223170
354,1979,-1,223280
355,1979,1.076923,223410
355,1980,-1,223510
356,1980,1.074627,223645
357,1980,1.066225,223800
357,1981,-1,223925
357,1982,-1,223995
357,1983,-1,224065
358,1983,1.072993,224205
358,1984,-1,224295
358,1985,-1,224345
358,1986,-1,224480
358,1987,-1,224555
358,1988,-1,224640
358,1989,-1,224705
359,1989,1.066225,224860
359,1990,-1,224915
359,1991,-1,225065
359,1992,-1,225255
359,1993,-1,225340
359,1994,-1,225385
359,1995,-1,225490
359,1996,-1,225555
360,1996,1.057804,225730
360,1997,-1,225905
360,1998,-1,225955
360,1999,-1,226050
361,1999,1.091743,226160
361,2000,-1,226225
362,2000,1.088496,226340
363,2000,1.071942,226480
363,2001,-1,226530
363,2002,-1,226575
363,2003,-1,226635
363,2004,-1,226820
364,2004,1.103093,226920
364,2005,-1,226985
364,2006,-1,227040
365,2006,1.05848,227215
365,2007,-1,227405
365,2008,-1,227485
365,2009,-1,227545
366,2009,1.06135,227710
366,2010,-1,227765
367,2010,1.087719,227880
367,2011,-1,227950
368,2011,1.06135,228115
368,2012,-1,228255
369,2012,1.076336,228390
369,2013,-1,228445
369,2014,-1,228555
369,2015,-1,228695
370,2015,1.105263,228790
370,2016,-1,228935
371,2016,1.059172,229105
371,2017,-1,229190
371,2018,-1,229250
371,2019,-1,229310
371,2020,-1,229360
371,2021,-1,229475
371,2022,-1,229515
371,2023,-1,229595
372,2023,1.069444,229740
372,2024,-1,229805
373,2024,1.079365,229935
373,2025,-1,230035
373,2026,-1,230115
373,2027,-1,230165
373,2028,-1,230205
373,2029,-1,230295
374,2029,1.075188,230430
374,2030,-1,230505
375,2030,1.09009,230620
375,2031,-1,230745
376,2031,1.091743,230855
377,2031,1.082645,230980
378,2031,1.066667,231130
379,2031,1.092593,231240
379,2032,-1,231345
379,2033,-1,231410
379,2034,-1,231530
379,2035,-1,231575
379,2036,-1,231725
379,2037,-1,231820
380,2037,1.057471,231995
380,2038,-1,232055
381,2038,1.074627,232190
382,2038,1.083333,232310
383,2038,1.08547,232430
383,2039,-1,232500
384,2039,1.06135,232665
385,2039,1.090909,232775
385,2040,-1,232885
386,2040,1.081967,233010
386,2041,-1,233065
387,2041,1.064935,233220
387,2042,-1,233330
387,2043,-1,233435
388,2043,1.05848,233610
388,2044,-1,233665
388,2045,-1,233730
388,2046,-1,233785
388,2047,-1,233825
388,2048,-1,233925
388,2049,-1,234025
388,2050,-1,234075
388,2051,-1,234145
388,2052,-1,234195
388,2053,-1,234250
388,2054,-1,234320
388,2055,-1,234365
388,2056,-1,234445
388,2057,-1,234510
388,2058,-1,234635
389,2058,1.052356,234830
389,2059,-1,234990
389,2060,-1,235035
390,2060,1.08,235160
390,2061,-1,235235
390,2062,-1,235355
391,2062,1.068493,235505
392,2062,1.078125,235635
392,2063,-1,235680
392,2064,-1,235725
393,2064,1.041322,235970
393,2065,-1,236055
393,2066,-1,236130
394,2066,1.068027,236280
394,2067,-1,236355
394,2068,-1,236415
394,2069,-1,236465
394,2070,-1,236575
394,2071,-1,236670
394,2072,-1,236815
395,2072,1.063291,236975
395,2073,-1,237040
396,2073,1.071429,237180
396,2074,-1,237300
397,2074,1.071429,237440
397,2075,-1,237495
398,2075,1.080645,237620
398,2076,-1,237685
398,2077,-1,237775
398,2078,-1,237910
398,2079,-1,238005
398,2080,-1,238115
398,2081,-1,238180
398,2082,-1,238235
398,2083,-1,238290
399,2083,1.087719,238405
400,2083,1.076336,238540
401,2083,1.09434,238650
402,2083,1.05618,238830
402,2084,-1,238885
402,2085,-1,238925
403,2085,1.09434,239035
403,2086,-1,239130
403,2087,-1,239170
403,2088,-1,239300
403,2089,-1,239390
403,2090,-1,239450
404,2090,1.084034,239570
405,2090,1.089286,239685
405,2091,-1,239745
406,2091,1.069444,239890
406,2092,-1,239975
406,2093,-1,240100
406,2094,-1,240165
406,2095,-1,240265
406,2096,-1,240380
407,2096,1.093458,240490
408,2096,1.081301,240615
409,2096,1.1,240715
409,2097,-1,240800
410,2097,1.06135,240965
410,2098,-1,241005
410,2099,-1,241120
411,2099,1.072464,241260
412,2099,1.095238,241365
413,2099,1.086957,241480
413,2100,-1,241600
413,2101,-1,241695
413,2102,-1,241765
413,2103,-1,241845
413,2104,-1,241950
413,2105,-1,242005
414,2105,1.079365,242135
415,2105,1.070423,242280
415,2106,-1,242340
415,2107,-1,242410
415,2108,-1,242460
415,2109,-1,242505
416,2109,1.089286,242620
416,2110,-1,242685
417,2110,1.078125,242815
417,2111,-1,242870
417,2112,-1,242930
418,2112,1.098039,243035
418,2113,-1,243080
418,2114,-1,243220
418,2115,-1,243280
418,2116,-1,243430
418,2117,-1,243540
418,2118,-1,243630
418,2119,-1,243730
418,2120,-1,243790
419,2120,1.074074,243925
419,2121,-1,244115
419,2122,-1,244210
419,2123,-1,244275
419,2124,-1,244335
419,2125,-1,244400
419,2126,-1,244490
419,2127,-1,244590
420,2127,1.07874,244720
420,2128,-1,244840
421,2128,1.082645,244965
421,2129,-1,245115
421,2130,-1,245190
421,2131,-1,245295
421,2132,-1,245420
421,2133,-1,245620
422,2133,1.056818,245800
422,2134,-1,245875
422,2135,-1,245965
422,2136,-1,246015
423,2136,1.063694,246175
423,2137,-1,246235
423,2138,-1,246345
424,2138,1.095238,246450
424,2139,-1,246515
425,2139,1.070922,246660
425,2140,-1,246690
425,2141,-1,246775
425,2142,-1,246825
425,2143,-1,246895
425,2144,-1,247095
425,2145,-1,247150
426,2145,1.04878,247355
426,2146,-1,247455
427,2146,1.055866,247635
428,2146,1.086207,247755
429,2146,1.08547,247875
429,2147,-1,247940
429,2148,-1,247995
429,2149,-1,248055
429,2150,-1,248165
429,2151,-1,248220
430,2151,1.067568,248370
430,2152,-1,248440
430,2153,-1,248520
430,2154,-1,248610
430,2155,-1,248730
430,2156,-1,248765
430,2157,-1,248865
430,2158,-1,248985
430,2159,-1,249070
430,2160,-1,249110
430,2161,-1,249225
430,2162,-1,249280
430,2163,-1,249430
430,2164,-1,249485
431,2164,1.081301,249610
431,2165,-1,249675
431,2166,-1,249750
431,2167,-1,249795
431,2168,-1,249900
