Goals,Deaths,Reward,Step 
0,0,0,0
0,1,-1,65
0,2,-1,125
0,3,-1,235
1,3,1.051546,430
2,3,1.072464,570
2,4,-1,715
3,4,1.044444,940
4,4,1.054348,1125
4,5,-1,1190
4,6,-1,1230
4,7,-1,1345
4,8,-1,1480
4,9,-1,1580
5,9,1.056497,1760
5,10,-1,1840
5,11,-1,1975
5,12,-1,2150
5,13,-1,2395
5,14,-1,2530
5,15,-1,2610
5,16,-1,2795
6,16,1.052632,2985
6,17,-1,3080
6,18,-1,3140
6,19,-1,3180
6,20,-1,3330
6,21,-1,3590
6,22,-1,3640
6,23,-1,3815
6,24,-1,3895
6,25,-1,3985
6,26,-1,4115
6,27,-1,4285
6,28,-1,4350
6,29,-1,4435
6,30,-1,4665
6,31,-1,4890
6,32,-1,4940
6,33,-1,5035
6,34,-1,5150
6,35,-1,5375
6,36,-1,5495
6,37,-1,5585
6,38,-1,5810
6,39,-1,5875
6,40,-1,6055
7,40,1.042194,6295
7,41,-1,6430
7,42,-1,6680
7,43,-1,6730
7,44,-1,6950
7,45,-1,7055
8,45,1.047393,7270
8,46,-1,7355
8,47,-1,7485
8,48,-1,7540
8,49,-1,7740
8,50,-1,8005
8,51,-1,8070
8,52,-1,8155
8,53,-1,8410
8,54,-1,8480
9,54,1.046729,8695
9,55,-1,8825
9,56,-1,8950
9,57,-1,9005
9,58,-1,9110
9,59,-1,9300
9,60,-1,9380
10,60,1.03268,9690
10,61,-1,9810
10,62,-1,9925
10,63,-1,10035
10,64,-1,10175
11,64,1.088496,10290
12,64,1.066667,10440
12,65,-1,10585
12,66,-1,10625
12,67,-1,10870
12,68,-1,10915
12,69,-1,10960
12,70,-1,11025
12,71,-1,11145
12,72,-1,11315
12,73,-1,11400
12,74,-1,11580
13,74,1.062893,11740
13,75,-1,11865
13,76,-1,11925
13,77,-1,12070
13,78,-1,12195
13,79,-1,12300
13,80,-1,12350
13,81,-1,12510
13,82,-1,12590
13,83,-1,12730
13,84,-1,12825
13,85,-1,12910
13,86,-1,12945
13,87,-1,13025
13,88,-1,13120
13,89,-1,13295
13,90,-1,13435
13,91,-1,13510
13,92,-1,13650
13,93,-1,13720
13,94,-1,13905
13,95,-1,14040
13,96,-1,14165
13,97,-1,14255
13,98,-1,14330
13,99,-1,14420
13,100,-1,14510
14,100,1.033003,14815
14,101,-1,14865
14,102,-1,14940
14,103,-1,14985
14,104,-1,15055
14,105,-1,15205
14,106,-1,15250
14,107,-1,15395
14,108,-1,15555
14,109,-1,15785
15,109,1.075188,15920
16,109,1.054945,16105
17,109,1.044444,16330
17,110,-1,16385
17,111,-1,16540
18,111,1.049751,16745
18,112,-1,16875
18,113,-1,17010
18,114,-1,17070
18,115,-1,17360
18,116,-1,17425
19,116,1.054645,17610
19,117,-1,17705
19,118,-1,17795
19,119,-1,17950
20,119,1.06135,18115
20,120,-1,18160
20,121,-1,18305
20,122,-1,18440
20,123,-1,18515
20,124,-1,18575
21,124,1.059172,18745
21,125,-1,18810
22,125,1.074627,18945
22,126,-1,19045
22,127,-1,19100
22,128,-1,19205
22,129,-1,19255
22,130,-1,19435
22,131,-1,19515
22,132,-1,19625
22,133,-1,19700
22,134,-1,19775
22,135,-1,19865
22,136,-1,20040
22,137,-1,20185
22,138,-1,20415
23,138,1.054348,20600
23,139,-1,20680
23,140,-1,20720
23,141,-1,20845
23,142,-1,20955
24,142,1.06135,21120
24,143,-1,21265
25,143,1.046512,21480
26,143,1.066667,21630
26,144,-1,21710
26,145,-1,21785
26,146,-1,21855
26,147,-1,21900
27,147,1.054945,22085
27,148,-1,22160
27,149,-1,22285
27,150,-1,22485
28,150,1.064516,22640
28,151,-1,22775
28,152,-1,22830
28,153,-1,23020
29,153,1.080645,23145
29,154,-1,23260
29,155,-1,23385
29,156,-1,23585
29,157,-1,23730
29,158,-1,23805
29,159,-1,23945
30,159,1.062112,24110
30,160,-1,24205
30,161,-1,24345
30,162,-1,24450
30,163,-1,24505
30,164,-1,24555
30,165,-1,24720
30,166,-1,24795
30,167,-1,24940
30,168,-1,24995
30,169,-1,25125
30,170,-1,25175
30,171,-1,25280
30,172,-1,25380
31,172,1.042553,25615
31,173,-1,25800
31,174,-1,25925
31,175,-1,26105
31,176,-1,26195
31,177,-1,26415
31,178,-1,26575
31,179,-1,26645
31,180,-1,26695
31,181,-1,26805
31,182,-1,26865
31,183,-1,27070
31,184,-1,27160
31,185,-1,27210
31,186,-1,27245
31,187,-1,27405
31,188,-1,27525
31,189,-1,27655
31,190,-1,27710
32,190,1.055556,27890
32,191,-1,28065
32,192,-1,28115
32,193,-1,28560
32,194,-1,28760
32,195,-1,28845
32,196,-1,28980
32,197,-1,29205
32,198,-1,29325
32,199,-1,29410
32,200,-1,29450
32,201,-1,29610
32,202,-1,29735
32,203,-1,29800
32,204,-1,29885
32,205,-1,29955
32,206,-1,30080
32,207,-1,30190
32,208,-1,30320
32,209,-1,30460
32,210,-1,30585
33,210,1.082645,30710
33,211,-1,30920
33,212,-1,31095
33,213,-1,31165
33,214,-1,31285
33,215,-1,31430
33,216,-1,31625
33,217,-1,31680
33,218,-1,31880
33,219,-1,32050
33,220,-1,32170
33,221,-1,32255
33,222,-1,32335
33,223,-1,32400
34,223,1.043103,32635
34,224,-1,32745
34,225,-1,33015
34,226,-1,33180
35,226,1.077519,33310
36,226,1.045872,33530
36,227,-1,33585
36,228,-1,33735
36,229,-1,33835
37,229,1.035587,34120
37,230,-1,34205
37,231,-1,34280
37,232,-1,34335
37,233,-1,34385
37,234,-1,34585
37,235,-1,34650
37,236,-1,34725
37,237,-1,34785
37,238,-1,34850
37,239,-1,34915
37,240,-1,35030
37,241,-1,35200
37,242,-1,35260
37,243,-1,35340
38,243,1.054054,35525
38,244,-1,35705
38,245,-1,35790
38,246,-1,35940
38,247,-1,36025
38,248,-1,36125
38,249,-1,36175
39,249,1.070922,36320
39,250,-1,36455
39,251,-1,36640
39,252,-1,36765
39,253,-1,36805
39,254,-1,36900
39,255,-1,37005
39,256,-1,37050
39,257,-1,37285
40,257,1.059172,37455
40,258,-1,37545
41,258,1.066667,37695
42,258,1.06993,37840
42,259,-1,37950
42,260,-1,38000
42,261,-1,38045
42,262,-1,38090
43,262,1.046729,38305
43,263,-1,38385
43,264,-1,38425
43,265,-1,38505
43,266,-1,38560
44,266,1.045662,38780
44,267,-1,38890
44,268,-1,38955
44,269,-1,39015
44,270,-1,39080
44,271,-1,39185
44,272,-1,39255
44,273,-1,39390
44,274,-1,39580
44,275,-1,39730
44,276,-1,39885
44,277,-1,40000
44,278,-1,40125
45,278,1.046083,40345
45,279,-1,40495
46,279,1.028986,40840
46,280,-1,40975
46,281,-1,41025
46,282,-1,41085
46,283,-1,41170
46,284,-1,41220
46,285,-1,41280
46,286,-1,41350
47,286,1.05,41550
47,287,-1,41665
47,288,-1,41800
48,288,1.042735,42035
49,288,1.036496,42310
49,289,-1,42400
49,290,-1,42525
49,291,-1,42645
49,292,-1,42730
49,293,-1,42775
50,293,1.071429,42915
50,294,-1,42990
51,294,1.072993,43130
51,295,-1,43250
51,296,-1,43330
51,297,-1,43410
51,298,-1,43570
51,299,-1,43695
51,300,-1,43730
51,301,-1,43805
51,302,-1,43870
51,303,-1,43930
51,304,-1,44015
51,305,-1,44120
51,306,-1,44180
51,307,-1,44250
51,308,-1,44390
51,309,-1,44495
52,309,1.040486,44745
52,310,-1,44880
52,311,-1,44990
52,312,-1,45185
52,313,-1,45350
52,314,-1,45605
52,315,-1,45730
52,316,-1,45940
52,317,-1,46020
53,317,1.042017,46260
53,318,-1,46475
53,319,-1,46570
53,320,-1,46665
53,321,-1,46730
53,322,-1,46855
53,323,-1,47000
53,324,-1,47205
53,325,-1,47455
53,326,-1,47565
54,326,1.055249,47750
54,327,-1,47945
54,328,-1,48015
54,329,-1,48195
55,329,1.051813,48390
56,329,1.040323,48640
56,330,-1,48675
56,331,-1,48715
57,331,1.042017,48955
57,332,-1,49085
58,332,1.083333,49205
58,333,-1,49265
59,333,1.052356,49460
59,334,-1,49500
59,335,-1,49585
59,336,-1,49625
59,337,-1,49710
60,337,1.055866,49890
60,338,-1,50005
60,339,-1,50060
60,340,-1,50135
61,340,1.036232,50415
61,341,-1,50515
61,342,-1,50600
61,343,-1,50690
61,344,-1,50785
61,345,-1,50845
61,346,-1,50935
61,347,-1,51075
61,348,-1,51210
61,349,-1,51315
61,350,-1,51445
62,350,1.061728,51610
63,350,1.093458,51720
64,350,1.0625,51880
64,351,-1,52045
64,352,-1,52100
64,353,-1,52210
64,354,-1,52270
64,355,-1,52365
64,356,-1,52490
65,356,1.096154,52595
65,357,-1,52735
65,358,-1,52800
65,359,-1,52840
65,360,-1,52880
65,361,-1,52945
65,362,-1,53050
65,363,-1,53090
65,364,-1,53200
66,364,1.048077,53410
66,365,-1,53625
66,366,-1,53880
66,367,-1,54155
66,368,-1,54320
67,368,1.041494,54565
67,369,-1,54630
68,369,1.028249,54985
68,370,-1,55060
69,370,1.030488,55390
69,371,-1,55490
69,372,-1,55735
69,373,-1,55845
69,374,-1,55945
69,375,-1,56180
69,376,-1,56355
69,377,-1,56400
70,377,1.03096,56725
71,377,1.050761,56925
71,378,-1,56995
71,379,-1,57165
71,380,-1,57250
71,381,-1,57320
72,381,1.033223,57625
72,382,-1,57675
72,383,-1,57795
72,384,-1,57870
72,385,-1,57935
72,386,-1,58045
72,387,-1,58265
73,387,1.055556,58445
73,388,-1,58505
73,389,-1,58755
73,390,-1,58890
73,391,-1,58960
73,392,-1,59120
73,393,-1,59175
73,394,-1,59235
73,395,-1,59300
74,395,1.025445,59695
75,395,1.051546,59890
75,396,-1,60010
75,397,-1,60075
76,397,1.06135,60240
76,398,-1,60435
76,399,-1,60535
77,399,1.050761,60735
77,400,-1,60780
77,401,-1,60825
77,402,-1,60870
77,403,-1,60970
77,404,-1,61070
77,405,-1,61130
77,406,-1,61170
77,407,-1,61285
77,408,-1,61410
78,408,1.069444,61555
78,409,-1,61625
78,410,-1,61715
78,411,-1,61835
78,412,-1,61895
78,413,-1,62085
79,413,1.060976,62250
79,414,-1,62320
79,415,-1,62555
79,416,-1,62765
79,417,-1,62910
79,418,-1,63040
79,419,-1,63135
79,420,-1,63255
79,421,-1,63420
79,422,-1,63555
79,423,-1,63605
79,424,-1,63725
80,424,1.035587,64010
80,425,-1,64070
80,426,-1,64190
80,427,-1,64250
80,428,-1,64400
80,429,-1,64500
80,430,-1,64555
81,430,1.044843,64780
81,431,-1,64905
81,432,-1,65025
81,433,-1,65075
81,434,-1,65245
81,435,-1,65415
81,436,-1,65600
81,437,-1,65755
81,438,-1,65910
81,439,-1,66185
82,439,1.055866,66365
82,440,-1,66555
82,441,-1,66785
82,442,-1,66835
82,443,-1,66900
82,444,-1,67015
82,445,-1,67050
82,446,-1,67205
82,447,-1,67280
82,448,-1,67405
83,448,1.031746,67720
84,448,1.057804,67895
85,448,1.051546,68090
85,449,-1,68170
85,450,-1,68300
85,451,-1,68375
85,452,-1,68430
85,453,-1,68495
85,454,-1,68725
85,455,-1,68835
85,456,-1,68945
86,456,1.054348,69130
86,457,-1,69345
86,458,-1,69400
86,459,-1,69495
87,459,1.03876,69755
87,460,-1,69825
87,461,-1,69880
87,462,-1,70015
87,463,-1,70220
87,464,-1,70345
87,465,-1,70600
87,466,-1,70790
88,466,1.029851,71125
88,467,-1,71255
88,468,-1,71595
88,469,-1,71815
88,470,-1,71960
88,471,-1,72035
88,472,-1,72165
88,473,-1,72365
88,474,-1,72425
88,475,-1,72730
88,476,-1,72780
88,477,-1,73015
88,478,-1,73075
88,479,-1,73240
88,480,-1,73485
88,481,-1,73600
89,481,1.054054,73785
89,482,-1,73960
89,483,-1,74065
89,484,-1,74270
89,485,-1,74405
89,486,-1,74450
89,487,-1,74530
89,488,-1,74615
89,489,-1,74920
89,490,-1,75120
89,491,-1,75170
90,491,1.046296,75390
90,492,-1,75465
90,493,-1,75730
90,494,-1,75775
90,495,-1,76175
90,496,-1,76270
90,497,-1,76310
90,498,-1,76455
91,498,1.045662,76675
91,499,-1,76720
91,500,-1,76790
91,501,-1,76920
91,502,-1,77060
91,503,-1,77110
91,504,-1,77170
91,505,-1,77225
91,506,-1,77260
91,507,-1,77365
91,508,-1,77555
91,509,-1,77670
92,509,1.045455,77890
92,510,-1,78035
92,511,-1,78165
93,511,1.050251,78365
93,512,-1,78500
93,513,-1,78690
93,514,-1,78985
94,514,1.04329,79220
94,515,-1,79335
94,516,-1,79395
94,517,-1,79450
95,517,1.05618,79630
95,518,-1,79695
96,518,1.047619,79905
96,519,-1,80155
96,520,-1,80215
97,520,1.049261,80420
97,521,-1,80515
98,521,1.105263,80610
98,522,-1,80690
99,522,1.042918,80925
99,523,-1,81055
99,524,-1,81105
99,525,-1,81165
100,525,1.03268,81475
101,525,1.046729,81690
101,526,-1,81770
102,526,1.036232,82050
102,527,-1,82200
102,528,-1,82305
102,529,-1,82370
103,529,1.046948,82585
104,529,1.036232,82865
104,530,-1,82965
104,531,-1,83165
104,532,-1,83255
104,533,-1,83375
104,534,-1,83465
104,535,-1,83525
105,535,1.042017,83765
105,536,-1,83820
105,537,-1,83950
105,538,-1,84115
105,539,-1,84240
105,540,-1,84325
106,540,1.036496,84600
106,541,-1,84640
106,542,-1,84700
107,542,1.054645,84885
107,543,-1,85030
107,544,-1,85180
108,544,1.042918,85415
108,545,-1,85690
108,546,-1,85740
108,547,-1,85820
109,547,1.03125,86140
109,548,-1,86265
109,549,-1,86445
109,550,-1,86505
109,551,-1,86550
109,552,-1,86580
109,553,-1,86645
109,554,-1,86735
109,555,-1,86865
109,556,-1,87065
109,557,-1,87100
109,558,-1,87225
109,559,-1,87405
109,560,-1,87605
109,561,-1,87710
109,562,-1,87825
110,562,1.070922,87970
110,563,-1,88035
110,564,-1,88170
110,565,-1,88255
110,566,-1,88335
110,567,-1,88495
111,567,1.055866,88675
111,568,-1,88965
112,568,1.038911,89225
112,569,-1,89270
112,570,-1,89330
112,571,-1,89445
112,572,-1,89600
112,573,-1,89875
112,574,-1,89935
113,574,1.049751,90140
113,575,-1,90270
113,576,-1,90575
113,577,-1,90715
113,578,-1,90815
114,578,1.041667,91055
114,579,-1,91195
114,580,-1,91300
114,581,-1,91625
114,582,-1,91700
114,583,-1,91810
115,583,1.049751,92015
115,584,-1,92125
115,585,-1,92440
115,586,-1,92555
115,587,-1,92660
115,588,-1,92795
115,589,-1,92855
115,590,-1,92930
115,591,-1,93050
115,592,-1,93190
116,592,1.048544,93400
117,592,1.033003,93705
117,593,-1,94000
117,594,-1,94175
117,595,-1,94290
117,596,-1,94400
117,597,-1,94515
117,598,-1,94620
117,599,-1,94810
118,599,1.076336,94945
118,600,-1,95010
118,601,-1,95085
118,602,-1,95140
118,603,-1,95170
118,604,-1,95295
119,604,1.040161,95545
120,604,1.036496,95820
120,605,-1,95895
120,606,-1,95995
121,606,1.02907,96340
121,607,-1,96415
122,607,1.05102,96615
122,608,-1,96710
123,608,1.050761,96910
123,609,-1,96995
123,610,-1,97070
123,611,-1,97140
123,612,-1,97230
123,613,-1,97355
123,614,-1,97410
123,615,-1,97595
123,616,-1,97695
123,617,-1,97760
124,617,1.045045,97985
124,618,-1,98125
124,619,-1,98245
124,620,-1,98370
124,621,-1,98425
124,622,-1,98525
124,623,-1,98690
125,623,1.073529,98830
125,624,-1,99025
126,624,1.06993,99170
126,625,-1,99245
126,626,-1,99295
127,626,1.057471,99470
127,627,-1,99645
128,627,1.044444,99870
128,628,-1,100070
129,628,1.030581,100400
129,629,-1,100500
129,630,-1,100630
129,631,-1,100875
129,632,-1,100960
129,633,-1,101020
129,634,-1,101205
129,635,-1,101335
129,636,-1,101515
129,637,-1,101560
129,638,-1,101865
129,639,-1,101920
129,640,-1,101970
129,641,-1,102045
129,642,-1,102125
129,643,-1,102185
129,644,-1,102385
130,644,1.033445,102685
130,645,-1,102810
130,646,-1,103025
130,647,-1,103295
130,648,-1,103350
130,649,-1,103475
130,650,-1,103595
130,651,-1,103715
131,651,1.039683,103970
131,652,-1,104435
131,653,-1,104515
131,654,-1,104635
131,655,-1,104780
131,656,-1,104945
131,657,-1,105130
131,658,-1,105250
131,659,-1,105590
131,660,-1,105690
131,661,-1,105845
132,661,1.096154,105950
132,662,-1,106055
132,663,-1,106210
132,664,-1,106285
132,665,-1,106380
133,665,1.03125,106700
133,666,-1,106895
133,667,-1,107020
133,668,-1,107205
134,668,1.035336,107490
134,669,-1,107650
134,670,-1,107840
134,671,-1,107910
135,671,1.040816,108155
135,672,-1,108295
135,673,-1,108450
135,674,-1,108505
135,675,-1,108575
135,676,-1,108690
135,677,-1,108980
135,678,-1,109105
135,679,-1,109290
135,680,-1,109365
135,681,-1,109535
135,682,-1,109565
135,683,-1,109725
136,683,1.045872,109945
137,683,1.02809,110305
137,684,-1,110375
137,685,-1,110485
137,686,-1,110715
138,686,1.053476,110905
139,686,1.058824,111075
140,686,1.043668,111305
140,687,-1,111365
140,688,-1,111430
140,689,-1,111655
140,690,-1,111800
140,691,-1,111865
140,692,-1,111955
141,692,1.037453,112225
141,693,-1,112310
142,693,1.040984,112555
142,694,-1,112780
142,695,-1,112845
143,695,1.064103,113005
143,696,-1,113215
143,697,-1,113440
144,697,1.024272,113855
144,698,-1,114020
144,699,-1,114100
144,700,-1,114250
144,701,-1,114355
144,702,-1,114595
144,703,-1,114805
145,703,1.042553,115040
145,704,-1,115090
145,705,-1,115235
145,706,-1,115290
145,707,-1,115420
146,707,1.032895,115725
147,707,1.051546,115920
147,708,-1,116060
147,709,-1,116160
148,709,1.05988,116330
148,710,-1,116630
148,711,-1,116930
148,712,-1,117115
148,713,-1,117205
148,714,-1,117305
148,715,-1,117655
148,716,-1,117725
148,717,-1,117935
149,717,1.040486,118185
149,718,-1,118250
149,719,-1,118565
149,720,-1,118705
149,721,-1,118765
149,722,-1,118910
149,723,-1,118990
149,724,-1,119085
149,725,-1,119130
149,726,-1,119265
149,727,-1,119410
149,728,-1,119560
149,729,-1,119630
149,730,-1,120105
150,730,1.02681,120480
150,731,-1,120590
150,732,-1,120805
150,733,-1,120885
150,734,-1,121070
150,735,-1,121190
150,736,-1,121265
150,737,-1,121485
150,738,-1,121535
150,739,-1,121720
151,739,1.083333,121840
151,740,-1,121985
151,741,-1,122050
151,742,-1,122320
151,743,-1,122410
151,744,-1,122490
151,745,-1,122635
151,746,-1,122700
151,747,-1,122795
152,747,1.027174,123165
152,748,-1,123390
152,749,-1,123525
152,750,-1,123725
152,751,-1,123915
152,752,-1,123970
152,753,-1,124150
152,754,-1,124185
152,755,-1,124305
152,756,-1,124355
152,757,-1,124470
152,758,-1,124570
152,759,-1,124665
153,759,1.044843,124890
153,760,-1,124940
153,761,-1,125025
153,762,-1,125130
153,763,-1,125300
153,764,-1,125615
153,765,-1,125705
153,766,-1,125830
154,766,1.038314,126095
154,767,-1,126300
154,768,-1,126385
155,768,1.050251,126585
155,769,-1,126675
155,770,-1,126740
156,770,1.039063,127000
156,771,-1,127135
156,772,-1,127350
156,773,-1,127610
156,774,-1,127805
157,774,1.032895,128110
157,775,-1,128285
157,776,-1,128340
157,777,-1,128415
157,778,-1,128610
157,779,-1,128740
157,780,-1,128835
157,781,-1,128915
157,782,-1,129020
157,783,-1,129220
157,784,-1,129280
158,784,1.031056,129605
158,785,-1,129695
159,785,1.039063,129955
160,785,1.067114,130105
160,786,-1,130390
160,787,-1,130480
160,788,-1,130540
160,789,-1,130685
161,789,1.037453,130955
161,790,-1,131155
161,791,-1,131295
161,792,-1,131455
161,793,-1,131525
161,794,-1,131645
162,794,1.030675,131975
162,795,-1,132045
162,796,-1,132105
162,797,-1,132295
162,798,-1,132485
162,799,-1,132680
162,800,-1,132720
163,800,1.041841,132960
164,800,1.064103,133120
165,800,1.040161,133370
165,801,-1,133620
165,802,-1,133780
166,802,1.028249,134135
167,802,1.022523,134580
167,803,-1,134755
167,804,-1,134935
167,805,-1,134975
167,806,-1,135150
168,806,1.075188,135285
169,806,1.032467,135595
169,807,-1,135665
169,808,-1,135840
169,809,-1,135915
169,810,-1,136270
169,811,-1,136340
169,812,-1,136455
169,813,-1,136605
169,814,-1,136790
169,815,-1,137175
169,816,-1,137315
170,816,1.050761,137515
170,817,-1,137585
171,817,1.045662,137805
171,818,-1,137895
171,819,-1,137955
172,819,1.052083,138150
173,819,1.03413,138445
173,820,-1,138605
173,821,-1,138685
173,822,-1,138805
173,823,-1,138920
173,824,-1,139160
173,825,-1,139215
173,826,-1,139390
173,827,-1,139550
173,828,-1,139605
174,828,1.043478,139835
174,829,-1,140025
175,829,1.047619,140235
175,830,-1,140310
175,831,-1,140495
175,832,-1,140615
175,833,-1,140780
175,834,-1,140900
175,835,-1,141020
176,835,1.043668,141250
176,836,-1,141350
176,837,-1,141550
177,837,1.033445,141850
177,838,-1,141925
177,839,-1,142220
178,839,1.062893,142380
178,840,-1,142490
178,841,-1,142590
178,842,-1,142645
178,843,-1,142710
178,844,-1,142960
178,845,-1,143085
179,845,1.055249,143270
179,846,-1,143390
179,847,-1,143550
179,848,-1,143770
180,848,1.045455,143990
180,849,-1,144070
180,850,-1,144180
181,850,1.064935,144335
181,851,-1,144515
181,852,-1,144680
181,853,-1,144725
181,854,-1,144850
181,855,-1,144950
181,856,-1,145135
181,857,-1,145235
181,858,-1,145580
181,859,-1,145725
181,860,-1,145935
181,861,-1,145985
181,862,-1,146110
181,863,-1,146180
181,864,-1,146300
182,864,1.048309,146510
182,865,-1,146565
182,866,-1,146715
182,867,-1,146755
182,868,-1,146945
183,868,1.069444,147090
183,869,-1,147330
184,869,1.048544,147540
185,869,1.042918,147775
185,870,-1,147825
186,870,1.033557,148125
186,871,-1,148200
186,872,-1,148310
187,872,1.055866,148490
187,873,-1,148565
188,873,1.034247,148860
188,874,-1,148925
188,875,-1,149020
189,875,1.040323,149270
189,876,-1,149385
189,877,-1,149460
189,878,-1,149565
189,879,-1,149695
189,880,-1,149885
189,881,-1,150045
189,882,-1,150175
189,883,-1,150225
189,884,-1,150420
189,885,-1,150650
189,886,-1,150830
189,887,-1,150960
189,888,-1,151070
190,888,1.044444,151295
190,889,-1,151465
190,890,-1,151540
190,891,-1,151610
190,892,-1,151760
191,892,1.070423,151905
191,893,-1,151990
191,894,-1,152125
191,895,-1,152260
191,896,-1,152390
191,897,-1,152455
192,897,1.040816,152700
192,898,-1,152955
192,899,-1,153070
192,900,-1,153335
192,901,-1,153455
192,902,-1,153510
193,902,1.051813,153705
194,902,1.047847,153915
194,903,-1,154115
194,904,-1,154205
195,904,1.056497,154385
195,905,-1,154450
195,906,-1,154500
195,907,-1,154625
195,908,-1,154795
195,909,-1,154915
195,910,-1,155080
195,911,-1,155155
195,912,-1,155370
195,913,-1,155430
195,914,-1,155510
195,915,-1,155550
195,916,-1,155770
195,917,-1,155865
195,918,-1,155915
196,918,1.034364,156210
196,919,-1,156300
196,920,-1,156360
196,921,-1,156490
196,922,-1,156535
197,922,1.05,156735
197,923,-1,156860
197,924,-1,157060
198,924,1.041322,157305
199,924,1.039841,157560
199,925,-1,157680
199,926,-1,157945
200,926,1.031447,158265
200,927,-1,158405
201,927,1.044643,158630
201,928,-1,158780
201,929,-1,159080
201,930,-1,159145
202,930,1.023697,159570
202,931,-1,159740
202,932,-1,159800
202,933,-1,159960
203,933,1.037879,160225
203,934,-1,160395
203,935,-1,160445
203,936,-1,160510
203,937,-1,160565
204,937,1.049505,160770
205,937,1.053476,160960
205,938,-1,161040
205,939,-1,161220
205,940,-1,161285
205,941,-1,161335
205,942,-1,161405
205,943,-1,161490
205,944,-1,161795
205,945,-1,161985
205,946,-1,162040
206,946,1.055866,162220
206,947,-1,162550
206,948,-1,162675
206,949,-1,162815
206,950,-1,162965
206,951,-1,163045
207,951,1.034247,163340
207,952,-1,163430
207,953,-1,163560
208,953,1.068027,163710
208,954,-1,163795
208,955,-1,163910
208,956,-1,163970
208,957,-1,164105
209,957,1.040486,164355
209,958,-1,164445
209,959,-1,164495
209,960,-1,164575
209,961,-1,164900
210,961,1.043668,165130
210,962,-1,165255
210,963,-1,165350
210,964,-1,165500
211,964,1.072464,165640
211,965,-1,165740
211,966,-1,165900
211,967,-1,166040
211,968,-1,166250
211,969,-1,166495
211,970,-1,166675
211,971,-1,166725
211,972,-1,166805
211,973,-1,166930
211,974,-1,167085
212,974,1.034843,167375
212,975,-1,167475
212,976,-1,167655
212,977,-1,167815
212,978,-1,167970
212,979,-1,168030
212,980,-1,168160
212,981,-1,168330
212,982,-1,168415
213,982,1.035971,168695
213,983,-1,168860
213,984,-1,168965
213,985,-1,169060
214,985,1.023256,169490
214,986,-1,169605
215,986,1.05814,169780
216,986,1.05,169980
217,986,1.075188,170115
217,987,-1,170210
218,987,1.039216,170465
219,987,1.026954,170840
219,988,-1,170920
219,989,-1,171035
219,990,-1,171260
219,991,-1,171355
220,991,1.034364,171650
220,992,-1,171815
220,993,-1,171895
221,993,1.054945,172080
221,994,-1,172165
221,995,-1,172425
221,996,-1,172515
221,997,-1,172650
222,997,1.03861,172910
222,998,-1,173060
222,999,-1,173245
222,1000,-1,173415
222,1001,-1,173515
222,1002,-1,173635
222,1003,-1,173770
223,1003,1.03413,174065
223,1004,-1,174115
223,1005,-1,174160
223,1006,-1,174280
224,1006,1.070922,174425
224,1007,-1,174505
224,1008,-1,174635
224,1009,-1,174770
224,1010,-1,174870
224,1011,-1,175030
224,1012,-1,175105
224,1013,-1,175255
225,1013,1.057143,175430
226,1013,1.040323,175680
226,1014,-1,175790
226,1015,-1,175970
226,1016,-1,176150
226,1017,-1,176315
226,1018,-1,176505
226,1019,-1,176555
226,1020,-1,176620
227,1020,1.062112,176785
227,1021,-1,176890
227,1022,-1,176965
227,1023,-1,177020
228,1023,1.056818,177200
228,1024,-1,177600
228,1025,-1,177755
229,1025,1.054645,177940
229,1026,-1,178100
229,1027,-1,178155
230,1027,1.075758,178290
230,1028,-1,178420
231,1028,1.053192,178610
231,1029,-1,178675
231,1030,-1,178865
231,1031,-1,178975
231,1032,-1,179060
231,1033,-1,179315
231,1034,-1,179445
231,1035,-1,179570
231,1036,-1,179645
231,1037,-1,179820
231,1038,-1,179995
231,1039,-1,180255
231,1040,-1,180395
231,1041,-1,180520
232,1041,1.044444,180745
232,1042,-1,180820
232,1043,-1,180895
232,1044,-1,180955
233,1044,1.037453,181225
233,1045,-1,181390
233,1046,-1,181450
234,1046,1.071429,181590
234,1047,-1,181715
234,1048,-1,181845
234,1049,-1,181955
234,1050,-1,182075
235,1050,1.040161,182325
235,1051,-1,182375
235,1052,-1,182430
236,1052,1.048309,182640
237,1052,1.047847,182850
238,1052,1.043668,183080
239,1052,1.02331,183510
239,1053,-1,183670
239,1054,-1,183785
240,1054,1.029412,184125
241,1054,1.045045,184350
241,1055,-1,184550
241,1056,-1,184785
241,1057,-1,185100
242,1057,1.038023,185365
243,1057,1.044643,185590
244,1057,1.04,185840
244,1058,-1,186025
245,1058,1.046083,186245
245,1059,-1,186440
245,1060,-1,186495
245,1061,-1,186600
245,1062,-1,186665
245,1063,-1,186845
245,1064,-1,187175
245,1065,-1,187240
245,1066,-1,187450
245,1067,-1,187640
246,1067,1.033333,187940
246,1068,-1,188140
246,1069,-1,188210
246,1070,-1,188370
246,1071,-1,188480
246,1072,-1,188535
246,1073,-1,188740
246,1074,-1,188875
247,1074,1.034364,189170
247,1075,-1,189405
248,1075,1.03268,189715
248,1076,-1,189825
248,1077,-1,190055
248,1078,-1,190120
248,1079,-1,190400
248,1080,-1,190445
249,1080,1.052632,190635
249,1081,-1,190740
249,1082,-1,190850
249,1083,-1,190910
249,1084,-1,190985
249,1085,-1,191245
249,1086,-1,191310
249,1087,-1,191495
249,1088,-1,191735
249,1089,-1,191900
249,1090,-1,192015
249,1091,-1,192320
250,1091,1.034364,192615
250,1092,-1,192845
250,1093,-1,192940
250,1094,-1,193065
250,1095,-1,193200
250,1096,-1,193430
250,1097,-1,193665
250,1098,-1,193740
251,1098,1.048544,193950
251,1099,-1,194100
252,1099,1.080645,194225
252,1100,-1,194450
252,1101,-1,194755
253,1101,1.04386,194985
253,1102,-1,195050
254,1102,1.050505,195250
254,1103,-1,195340
254,1104,-1,195530
254,1105,-1,195640
254,1106,-1,195815
254,1107,-1,195965
254,1108,-1,196260
254,1109,-1,196400
255,1109,1.066225,196555
255,1110,-1,196650
255,1111,-1,196715
255,1112,-1,196790
255,1113,-1,196920
255,1114,-1,196980
255,1115,-1,197055
255,1116,-1,197270
256,1116,1.035587,197555
257,1116,1.053476,197745
257,1117,-1,197795
257,1118,-1,197865
257,1119,-1,197930
257,1120,-1,197970
257,1121,-1,198065
257,1122,-1,198205
257,1123,-1,198395
258,1123,1.049261,198600
259,1123,1.033223,198905
260,1123,1.062893,199065
261,1123,1.066225,199220
261,1124,-1,199320
261,1125,-1,199610
261,1126,-1,199660
261,1127,-1,199820
261,1128,-1,200000
262,1128,1.049261,200205
262,1129,-1,200265
262,1130,-1,200325
262,1131,-1,200445
262,1132,-1,200585
262,1133,-1,200755
262,1134,-1,201000
262,1135,-1,201120
262,1136,-1,201260
263,1136,1.051282,201455
264,1136,1.07874,201585
265,1136,1.075758,201720
265,1137,-1,201960
265,1138,-1,202035
266,1138,1.047393,202250
266,1139,-1,202310
267,1139,1.046948,202525
267,1140,-1,202670
267,1141,-1,202725
267,1142,-1,202775
267,1143,-1,202880
267,1144,-1,202975
267,1145,-1,203110
267,1146,-1,203275
267,1147,-1,203410
267,1148,-1,203590
267,1149,-1,203725
267,1150,-1,203830
267,1151,-1,203995
267,1152,-1,204200
267,1153,-1,204225
268,1153,1.046296,204445
268,1154,-1,204515
269,1154,1.054348,204700
269,1155,-1,204765
270,1155,1.023148,205200
270,1156,-1,205540
271,1156,1.070423,205685
271,1157,-1,205740
272,1157,1.041152,205985
272,1158,-1,206155
272,1159,-1,206360
273,1159,1.055556,206540
273,1160,-1,206650
273,1161,-1,206770
273,1162,-1,207010
273,1163,-1,207205
274,1163,1.042017,207445
274,1164,-1,207570
275,1164,1.068493,207720
276,1164,1.063694,207880
276,1165,-1,208120
276,1166,-1,208235
276,1167,-1,208390
276,1168,-1,208500
276,1169,-1,208570
277,1169,1.033333,208870
277,1170,-1,208955
277,1171,-1,209105
278,1171,1.042735,209340
278,1172,-1,209530
278,1173,-1,209745
278,1174,-1,209855
278,1175,-1,209970
278,1176,-1,210230
279,1176,1.05988,210400
279,1177,-1,210540
279,1178,-1,210675
279,1179,-1,210900
279,1180,-1,211110
280,1180,1.064516,211265
281,1180,1.022173,211720
281,1181,-1,211875
281,1182,-1,211995
281,1183,-1,212040
282,1183,1.031447,212360
282,1184,-1,212580
283,1184,1.060241,212750
284,1184,1.03937,213005
285,1184,1.047847,213215
286,1184,1.040323,213465
287,1184,1.035842,213745
287,1185,-1,213880
287,1186,-1,214110
287,1187,-1,214265
288,1187,1.084034,214385
288,1188,-1,214435
288,1189,-1,214585
288,1190,-1,214665
288,1191,-1,214810
289,1191,1.033113,215115
289,1192,-1,215200
290,1192,1.06135,215365
290,1193,-1,215565
290,1194,-1,215720
290,1195,-1,215895
290,1196,-1,216110
291,1196,1.051546,216305
291,1197,-1,216450
291,1198,-1,216560
291,1199,-1,216620
291,1200,-1,216655
291,1201,-1,216830
291,1202,-1,217030
291,1203,-1,217175
291,1204,-1,217380
291,1205,-1,217580
292,1205,1.060606,217745
293,1205,1.052083,217940
294,1205,1.021552,218405
294,1206,-1,218555
294,1207,-1,218620
294,1208,-1,218700
294,1209,-1,218915
294,1210,-1,219115
295,1210,1.023419,219545
295,1211,-1,219805
295,1212,-1,220090
296,1212,1.031646,220410
296,1213,-1,220550
297,1213,1.065359,220705
298,1213,1.041841,220945
299,1213,1.034247,221240
299,1214,-1,221365
299,1215,-1,221455
299,1216,-1,221535
299,1217,-1,221600
299,1218,-1,221670
300,1218,1.044843,221895
300,1219,-1,222205
300,1220,-1,222300
301,1220,1.029762,222640
301,1221,-1,222725
301,1222,-1,222835
302,1222,1.068493,222985
302,1223,-1,223070
302,1224,-1,223220
303,1224,1.063694,223380
303,1225,-1,223470
303,1226,-1,223655
304,1226,1.045662,223875
304,1227,-1,223960
304,1228,-1,224005
304,1229,-1,224120
304,1230,-1,224305
304,1231,-1,224490
305,1231,1.037175,224760
306,1231,1.056497,224940
306,1232,-1,225005
307,1232,1.051282,225200
307,1233,-1,225265
307,1234,-1,225335
307,1235,-1,225430
308,1235,1.03663,225705
308,1236,-1,225790
308,1237,-1,225960
309,1237,1.066225,226115
309,1238,-1,226280
310,1238,1.05102,226480
311,1238,1.072464,226620
311,1239,-1,226735
311,1240,-1,226800
312,1240,1.02994,227135
313,1240,1.050505,227335
313,1241,-1,227480
314,1241,1.03876,227740
314,1242,-1,227870
314,1243,-1,228185
314,1244,-1,228310
314,1245,-1,228425
314,1246,-1,228485
314,1247,-1,228590
314,1248,-1,228790
315,1248,1.038168,229055
315,1249,-1,229175
315,1250,-1,229520
315,1251,-1,229695
315,1252,-1,229780
315,1253,-1,229950
315,1254,-1,230020
315,1255,-1,230115
315,1256,-1,230210
315,1257,-1,230435
316,1257,1.041841,230675
317,1257,1.048077,230885
317,1258,-1,230980
317,1259,-1,231045
318,1259,1.064103,231205
318,1260,-1,231260
318,1261,-1,231450
319,1261,1.046296,231670
319,1262,-1,231835
319,1263,-1,231970
320,1263,1.065789,232125
320,1264,-1,232305
320,1265,-1,232450
320,1266,-1,232580
321,1266,1.061728,232745
322,1266,1.056818,232925
322,1267,-1,233095
322,1268,-1,233180
322,1269,-1,233245
322,1270,-1,233450
322,1271,-1,233645
323,1271,1.047847,233855
324,1271,1.037313,234125
324,1272,-1,234215
324,1273,-1,234265
324,1274,-1,234410
324,1275,-1,234515
324,1276,-1,234605
324,1277,-1,234830
325,1277,1.068027,234980
325,1278,-1,235120
325,1279,-1,235285
325,1280,-1,235400
325,1281,-1,235520
326,1281,1.050505,235720
326,1282,-1,235815
327,1282,1.052632,236005
327,1283,-1,236170
327,1284,-1,236210
327,1285,-1,236260
327,1286,-1,236400
327,1287,-1,236605
327,1288,-1,236725
328,1288,1.059524,236895
329,1288,1.060241,237065
329,1289,-1,237135
329,1290,-1,237255
329,1291,-1,237340
329,1292,-1,237475
330,1292,1.046948,237690
330,1293,-1,237895
330,1294,-1,237970
331,1294,1.06135,238135
331,1295,-1,238410
332,1295,1.054645,238595
332,1296,-1,238715
332,1297,-1,238860
333,1297,1.042373,239100
333,1298,-1,239175
333,1299,-1,239430
333,1300,-1,239635
333,1301,-1,239920
333,1302,-1,240045
334,1302,1.05988,240215
334,1303,-1,240350
335,1303,1.060606,240515
335,1304,-1,240555
336,1304,1.054054,240740
336,1305,-1,240875
336,1306,-1,241085
336,1307,-1,241185
337,1307,1.05814,241360
338,1307,1.06993,241505
339,1307,1.054945,241690
339,1308,-1,241765
339,1309,-1,241855
339,1310,-1,241920
340,1310,1.057804,242095
340,1311,-1,242155
340,1312,-1,242275
341,1312,1.039841,242530
341,1313,-1,242790
341,1314,-1,242895
341,1315,-1,243025
341,1316,-1,243090
341,1317,-1,243140
341,1318,-1,243320
341,1319,-1,243575
341,1320,-1,243735
342,1320,1.054054,243920
342,1321,-1,243980
342,1322,-1,244130
343,1322,1.071429,244270
343,1323,-1,244420
343,1324,-1,244465
343,1325,-1,244585
343,1326,-1,244915
343,1327,-1,245115
343,1328,-1,245160
344,1328,1.040486,245410
344,1329,-1,245555
344,1330,-1,245720
344,1331,-1,245950
344,1332,-1,245985
345,1332,1.053192,246175
346,1332,1.046729,246390
347,1332,1.023585,246815
347,1333,-1,247045
347,1334,-1,247125
347,1335,-1,247425
348,1335,1.044444,247650
348,1336,-1,247720
349,1336,1.035336,248005
349,1337,-1,248210
349,1338,-1,248520
349,1339,-1,248635
349,1340,-1,248840
349,1341,-1,248950
349,1342,-1,249060
349,1343,-1,249175
350,1343,1.045662,249395
350,1344,-1,249655
351,1344,1.043668,249885
